116.43417 39.86566 116.34666 39.88343
116.35613 39.9349 116.38542 39.95385
116.43175 39.94823 116.42118 39.89295
116.43687 39.87954 116.39027 39.89085
116.35655 39.84989 116.41131 39.85291
116.3528 39.9378 116.35121 39.90281
116.42623 39.93756 116.34751 39.95337
116.4127 39.89631 116.3703 39.89883
116.38334 39.8866 116.42398 39.88748
116.34623 39.91424 116.37089 39.88471
116.44083 39.95234 116.40403 39.84826
116.346 39.90599 116.34595 39.92875
116.34192 39.88434 116.3841 39.87023
116.35451 39.87743 116.39723 39.8655
116.36622 39.88449 116.42753 39.89961
116.33841 39.89931 116.38016 39.92884
116.40853 39.86096 116.35551 39.89491
116.40709 39.92059 116.4382 39.89969
116.38474 39.95651 116.4225 39.90235
116.35605 39.84882 116.41646 39.85256
116.36091 39.84648 116.415 39.91682
116.34777 39.93997 116.34829 39.87327
116.36797 39.93503 116.38631 39.88795
116.3732 39.95254 116.34796 39.93371
116.42891 39.87535 116.40417 39.92078
116.34733 39.90146 116.34158 39.93455
116.34853 39.91883 116.34448 39.95331
116.41173 39.88111 116.42576 39.85481
116.36626 39.94183 116.4211 39.95564
116.37523 39.85368 116.37574 39.9044
116.43838 39.92911 116.39976 39.91922
116.34351 39.90789 116.37624 39.88396
116.38617 39.86038 116.36854 39.8922
116.42002 39.88785 116.42193 39.85531
116.38903 39.89973 116.34738 39.95516
116.41955 39.85482 116.42234 39.89591
116.36103 39.9426 116.34914 39.94636
116.40605 39.90126 116.36651 39.93451
116.40515 39.93414 116.42481 39.90295
116.36886 39.92622 116.4025 39.87214
116.36105 39.87506 116.41879 39.92287
116.36361 39.85878 116.42008 39.86715
116.39377 39.95089 116.33306 39.90939
116.36766 39.8909 116.41117 39.88497
116.40249 39.94035 116.43726 39.94524
116.34626 39.89129 116.34714 39.94966
116.40399 39.87216 116.37098 39.90192
116.43264 39.92232 116.39883 39.90625
116.3537 39.8996 116.42388 39.91231
116.34228 39.92269 116.34028 39.95731
116.42062 39.9561 116.36649 39.95133
116.39731 39.8944 116.36832 39.84786
116.43329 39.88395 116.41198 39.91701
116.37229 39.88622 116.3664 39.91782
116.40934 39.86765 116.41331 39.90257
116.42019 39.85213 116.34652 39.86838
116.36146 39.8727 116.39177 39.90303
116.43506 39.89361 116.40781 39.89986
116.37761 39.87548 116.35993 39.89799
116.36342 39.87369 116.39215 39.89979
116.37172 39.94339 116.41946 39.93396
116.36439 39.85514 116.40991 39.87043
116.33759 39.85687 116.37389 39.84695
116.35291 39.86956 116.33384 39.87784
116.40006 39.88163 116.4393 39.92818
116.41855 39.8787 116.42222 39.85315
116.37825 39.93521 116.4015 39.94846
116.34008 39.91693 116.3421 39.94202
116.36024 39.85319 116.41736 39.84723
116.43393 39.93352 116.40074 39.91959
116.38269 39.90107 116.37069 39.88639
116.42904 39.92846 116.42628 39.91539
116.37315 39.94595 116.4154 39.89518
116.42318 39.84958 116.34352 39.89099
116.39671 39.89515 116.34668 39.89599
116.40182 39.94452 116.43518 39.9407
116.4148 39.94209 116.39108 39.9527
116.34381 39.89768 116.42238 39.8627
116.39458 39.85109 116.41773 39.85672
116.41804 39.93091 116.43555 39.89745
116.41133 39.8944 116.42724 39.84946
116.43145 39.85104 116.4292 39.9125
116.35072 39.85351 116.41824 39.85512
116.42689 39.85577 116.34932 39.88831
116.35978 39.94191 116.42575 39.93024
116.4338 39.92322 116.3923 39.8976
116.3326 39.86326 116.375 39.85517
116.42914 39.90223 116.42569 39.95387
116.41001 39.94353 116.35314 39.95213
116.38033 39.92182 116.37522 39.90426
116.41553 39.91496 116.43818 39.89147
116.3356 39.90294 116.37364 39.93089
116.36232 39.85659 116.34734 39.89526
116.43175 39.8796 116.34356 39.88107
116.38635 39.86839 116.34959 39.88677
116.33962 39.86346 116.37163 39.85281
116.44051 39.85782 116.3462 39.88648
116.33971 39.90174 116.37152 39.93071
116.43458 39.90978 116.41758 39.94755
116.33621 39.86772 116.40264 39.862
116.43371 39.88918 116.36694 39.90739
116.33161 39.89747 116.3797 39.92774
116.37039 39.94295 116.34454 39.9443
116.43785 39.84927 116.43113 39.91558
116.42131 39.9224 116.394 39.88742
116.43481 39.92151 116.35358 39.89844
116.40718 39.89676 116.39099 39.85913
116.37734 39.85308 116.40272 39.84969
116.36839 39.85097 116.4155 39.91582
116.37838 39.93148 116.40119 39.95493
116.38606 39.85305 116.34513 39.87944
116.35034 39.93738 116.35042 39.90168
116.43924 39.88572 116.41993 39.91599
116.36538 39.94594 116.42514 39.95589
116.42507 39.85606 116.34754 39.88895
116.42981 39.90983 116.38334 39.91827
116.4408 39.8755 116.42315 39.90999
116.35358 39.9359 116.38716 39.95055
116.37277 39.93725 116.40861 39.95106
116.38137 39.94489 116.34824 39.95361
116.4396 39.88195 116.41738 39.91591
116.34989 39.86827 116.37869 39.91644
116.335 39.92452 116.37122 39.94971
116.43026 39.85279 116.34404 39.89497
116.41434 39.89052 116.36872 39.90209
116.42825 39.85187 116.34188 39.88777
116.40934 39.92978 116.41357 39.90383
116.40305 39.89665 116.39255 39.86378
116.42573 39.95551 116.42304 39.92178
116.36488 39.94041 116.34569 39.93984
116.37927 39.9195 116.42501 39.90791
116.3941 39.95048 116.41142 39.89415
116.42931 39.90126 116.39787 39.88736
116.42468 39.93417 116.43068 39.90875
116.33863 39.9352 116.37811 39.95288
116.41397 39.93039 116.43452 39.90251
116.41333 39.93724 116.43228 39.90398
116.3435 39.94396 116.34094 39.86829
116.41577 39.87507 116.42909 39.92342
116.41816 39.88445 116.42854 39.85006
116.44015 39.85479 116.43031 39.91495
116.41049 39.93451 116.41932 39.9008
116.40241 39.85239 116.36611 39.87344
116.42337 39.91018 116.44007 39.87409
116.3587 39.87666 116.33339 39.8813
116.34321 39.88935 116.34159 39.94045
116.42267 39.91303 116.43456 39.86731
116.34873 39.90298 116.42319 39.85943
116.36584 39.91997 116.41058 39.87182
116.38285 39.86047 116.42837 39.87321
116.38058 39.94585 116.41226 39.89002
116.37802 39.94878 116.41934 39.94313
116.42034 39.89455 116.42401 39.84867
116.34177 39.90685 116.34876 39.92989
116.35688 39.85317 116.42098 39.85206
116.37045 39.90689 116.41897 39.85015
116.42209 39.84974 116.34103 39.8893
116.35731 39.84732 116.41748 39.84754
116.37895 39.85257 116.40427 39.85443
116.33218 39.8599 116.37559 39.84646
116.38786 39.94026 116.34672 39.95466
116.36624 39.93017 116.38974 39.88775
116.35348 39.87346 116.33899 39.8829
116.35021 39.91142 116.38043 39.87388
116.35975 39.94923 116.41678 39.94768
116.41292 39.88881 116.4276 39.85297
116.34159 39.87819 116.38204 39.86781
116.36847 39.86954 116.33121 39.95458
116.43669 39.87498 116.42643 39.90896
116.38923 39.88582 116.42683 39.89466
116.34444 39.90813 116.3771 39.88456
116.33192 39.90924 116.34757 39.94316
116.41819 39.95635 116.42394 39.8986
116.36797 39.85485 116.34627 39.87393
116.39501 39.95035 116.41513 39.91023
116.40503 39.9016 116.36779 39.87988
116.40106 39.86919 116.41865 39.9051
116.40226 39.95005 116.41317 39.9134
116.38158 39.85887 116.42379 39.86869
116.38307 39.9023 116.40778 39.94402
116.3688 39.9265 116.40571 39.86855
116.41206 39.88054 116.43063 39.84842
116.40608 39.94299 116.33678 39.91531
116.39155 39.89157 116.36695 39.90338
116.35297 39.957 116.41153 39.94841
116.36836 39.84781 116.42049 39.87749
116.40887 39.92011 116.43182 39.9438
116.36011 39.87455 116.33854 39.87543
116.38551 39.88628 116.42926 39.89344
116.33747 39.85778 116.37742 39.84716
116.41155 39.90748 116.40147 39.95129
116.38845 39.89886 116.40972 39.94281
116.34305 39.95246 116.37498 39.94732
116.42816 39.92398 116.4156 39.95216
116.3821 39.85527 116.34838 39.88254
116.43377 39.95459 116.421 39.90648
116.3458 39.87303 116.37827 39.91279
116.33672 39.86679 116.40816 39.86567
116.36393 39.91008 116.38132 39.9468
116.34556 39.94404 116.34285 39.87169
116.37485 39.92727 116.40951 39.95058
116.40175 39.84988 116.41645 39.91126
116.37891 39.85931 116.41594 39.91307
116.39809 39.88841 116.42884 39.90592
116.42895 39.93122 116.42278 39.90877
116.41805 39.88398 116.42762 39.85019
116.4335 39.88488 116.38789 39.89034
116.42119 39.85605 116.34669 39.88994
116.36569 39.93896 116.4246 39.95645
116.42614 39.95128 116.41846 39.93463
116.37193 39.91044 116.41722 39.90188
116.42373 39.95734 116.37903 39.9465
116.374 39.84699 116.33352 39.88564
116.38056 39.90756 116.42075 39.90152
116.42219 39.87068 116.40424 39.91822
116.41463 39.89598 116.36435 39.89853
116.40784 39.92152 116.43789 39.94687
116.36557 39.87149 116.33438 39.95377
116.43926 39.95205 116.41708 39.90398
116.34196 39.9208 116.34532 39.95529
116.34951 39.91463 116.3779 39.86747
116.35727 39.94679 116.35107 39.90115
116.37917 39.9574 116.3478 39.93588
116.34694 39.89662 116.41114 39.88982
116.39784 39.94767 116.41647 39.88957
116.43263 39.94081 116.36907 39.90418
116.33539 39.85927 116.37957 39.84714
116.33984 39.90797 116.34631 39.94057
116.39108 39.90247 116.34148 39.91869
116.44025 39.86019 116.34508 39.87797
116.41351 39.88958 116.36402 39.90249
116.36537 39.91445 116.38632 39.89002
116.38466 39.87345 116.34577 39.87744
116.40017 39.89047 116.36242 39.89768
116.35498 39.87422 116.3353 39.87969
116.37798 39.9246 116.40415 39.95723
116.41109 39.87104 116.43536 39.88781
116.36302 39.92948 116.38778 39.88755
116.39487 39.85003 116.41117 39.8607
116.42482 39.8967 116.39363 39.90567
116.38549 39.90449 116.3805 39.88281
116.41867 39.94342 116.3756 39.89665
116.43956 39.86633 116.34741 39.88295
116.3604 39.91551 116.33977 39.89539
116.3813 39.86101 116.42265 39.93701
116.3472 39.91675 116.37682 39.87536
116.43445 39.86365 116.40167 39.85487
116.42005 39.89195 116.42943 39.85181
116.39496 39.88902 116.34279 39.89195
116.345 39.90334 116.42732 39.85778
116.43772 39.90683 116.42161 39.93873
116.42506 39.90462 116.4384 39.94351
116.38554 39.87988 116.42338 39.88892
116.34643 39.8466 116.36158 39.87144
116.41517 39.89667 116.42619 39.84677
116.37238 39.9037 116.34223 39.9338
116.369 39.87814 116.41841 39.89154
116.39943 39.95741 116.41688 39.91183
116.39322 39.85201 116.36536 39.88482
116.4052 39.90837 116.36342 39.90046
116.36881 39.87926 116.40734 39.86435
116.36313 39.87796 116.4215 39.90549
116.40728 39.95679 116.42682 39.90896
116.35036 39.87605 116.33141 39.88569
116.41045 39.94733 116.35183 39.95043
116.41274 39.86406 116.38512 39.85508
116.40098 39.92462 116.4212 39.94637
116.37504 39.87158 116.3579 39.904
116.33547 39.87028 116.40439 39.86192
116.42643 39.90088 116.37901 39.95595
116.37237 39.90384 116.3496 39.93699
116.38614 39.84949 116.34862 39.8849
116.41866 39.85248 116.43407 39.90565
116.40241 39.84996 116.4185 39.91137
116.36907 39.86405 116.41622 39.86784
116.39057 39.93466 116.33047 39.92553
116.43425 39.90553 116.36634 39.93847
116.33427 39.8995 116.37951 39.93691
116.40838 39.94362 116.42682 39.93216
116.37456 39.89577 116.41606 39.9131
116.43501 39.91228 116.41374 39.95379
116.42412 39.87892 116.42792 39.91812
116.38683 39.9278 116.43849 39.89521
116.43341 39.90562 116.37149 39.84638
116.35427 39.94451 116.42775 39.92926
116.37237 39.85227 116.37371 39.90505
116.33928 39.86812 116.40617 39.86476
116.37984 39.84913 116.40614 39.85494
116.41726 39.87516 116.42121 39.89845
116.33322 39.86339 116.37723 39.84708
116.36156 39.92455 116.40191 39.87424
116.40225 39.92631 116.42822 39.94505
116.36339 39.91804 116.40361 39.86683
116.36027 39.92817 116.3881 39.95108
116.33342 39.90388 116.37566 39.93011
116.3943 39.90504 116.42955 39.88212
116.37085 39.88083 116.36186 39.91975
116.35825 39.88322 116.39753 39.85906
116.37875 39.87611 116.41282 39.88431
116.36311 39.89506 116.41655 39.88378
116.34235 39.89869 116.38166 39.95463
116.39472 39.86054 116.42211 39.89746
116.38295 39.90101 116.37626 39.87671
116.44002 39.91566 116.39127 39.91926
116.4029 39.92593 116.44069 39.90536
116.38592 39.93366 116.4411 39.88934
116.44104 39.92202 116.37605 39.89738
116.41317 39.90633 116.36903 39.90109
116.42182 39.85634 116.34502 39.88725
116.39384 39.89652 116.34614 39.88712
116.33154 39.91293 116.34543 39.94609
116.37249 39.89244 116.40324 39.85338
116.40087 39.92104 116.4331 39.9417
116.39241 39.85688 116.42151 39.90233
116.3832 39.88009 116.42555 39.89154
116.34881 39.90155 116.42145 39.8584
116.37759 39.84936 116.4038 39.85249
116.35743 39.93976 116.35872 39.89837
116.34927 39.8783 116.38864 39.87121
116.33319 39.87289 116.40981 39.86357
116.38673 39.89753 116.41437 39.91663
116.41725 39.92617 116.37789 39.89623
116.34277 39.898 116.42804 39.85824
116.43918 39.88189 116.34703 39.88047
116.40366 39.85251 116.41403 39.91342
116.34283 39.88258 116.34091 39.91715
116.36538 39.88312 116.40921 39.86616
116.34827 39.85584 116.36188 39.87578
116.43411 39.92138 116.37731 39.89719
116.35979 39.93558 116.38735 39.95474
116.37989 39.95092 116.41258 39.94236
116.41648 39.9165 116.40787 39.95003
116.41444 39.93092 116.37502 39.91709
116.35149 39.86704 116.33635 39.88003
116.38878 39.84672 116.4135 39.86776
116.42574 39.93988 116.34705 39.95205
116.42757 39.94542 116.3429 39.95033
116.41405 39.93879 116.37647 39.89452
116.3793 39.90484 116.42195 39.89695
116.42653 39.94318 116.34189 39.9551
116.43566 39.91379 116.41652 39.94854
116.35267 39.84652 116.42006 39.84767
116.41273 39.84857 116.42779 39.89305
116.33511 39.8582 116.37183 39.85243
116.42004 39.95067 116.36391 39.95013
116.41711 39.89466 116.36887 39.89713
116.43312 39.88007 116.38134 39.8958
116.40656 39.90899 116.36808 39.89962
116.42462 39.88353 116.42959 39.9207
116.39294 39.86162 116.43111 39.90616
116.37442 39.94293 116.4161 39.93473
116.38067 39.88105 116.42906 39.89356
116.37491 39.92475 116.37141 39.9026
116.42958 39.89256 116.38497 39.94802
116.43318 39.86883 116.37341 39.86015
116.37602 39.94544 116.4156 39.89577
116.37033 39.93146 116.38719 39.88714
116.43463 39.87038 116.41888 39.89942
116.34207 39.8832 116.38908 39.87173
116.42439 39.91759 116.39513 39.89195
116.33344 39.8983 116.37647 39.92867
116.37125 39.90902 116.41984 39.89766
116.33487 39.89943 116.37231 39.93115
116.42707 39.91707 116.37172 39.95464
116.39872 39.8581 116.43066 39.89723
116.39894 39.9198 116.43717 39.93323
116.36466 39.92125 116.40088 39.87402
116.35294 39.8689 116.3345 39.87774
116.3384 39.92351 116.38162 39.89209
116.41972 39.91171 116.40537 39.95607
116.39529 39.88332 116.43539 39.93027
116.36404 39.87068 116.4153 39.92163
116.38382 39.93396 116.33306 39.92104
116.40666 39.91213 116.36675 39.8982
116.36494 39.85232 116.35475 39.87994
116.43183 39.897 116.36498 39.93799
116.42093 39.89639 116.42588 39.8549
116.43003 39.85231 116.34183 39.88694
116.35194 39.93007 116.38557 39.95641
116.39277 39.8571 116.42118 39.8975
116.42785 39.88763 116.42198 39.93001
116.40833 39.8699 116.37606 39.9012
116.40519 39.91953 116.44058 39.90622
116.39826 39.92425 116.43999 39.93108
116.3754 39.84942 116.40867 39.85023
116.40496 39.85505 116.37991 39.86952
116.37966 39.87571 116.43093 39.8763
116.38932 39.897 116.42021 39.91348
116.37508 39.89525 116.34364 39.9427
116.40767 39.92285 116.43341 39.90153
116.35114 39.87536 116.33268 39.88414
116.38356 39.86847 116.35747 39.88043
116.42649 39.87851 116.42225 39.91767
116.43357 39.94519 116.36698 39.89979
116.40809 39.93116 116.41315 39.89888
116.43749 39.92035 116.41904 39.90801
116.37961 39.85961 116.3553 39.8884
116.43233 39.91616 116.43951 39.94854
116.40257 39.86451 116.43999 39.92885
116.43873 39.94591 116.36083 39.90505
116.34705 39.88122 116.36847 39.90502
116.37688 39.90864 116.41526 39.90524
116.43068 39.92164 116.39811 39.88688
116.41124 39.8959 116.36364 39.89875
116.3899 39.85091 116.42105 39.90514
116.35142 39.93727 116.38604 39.95293
116.36337 39.94592 116.42899 39.94971
116.42889 39.92083 116.41275 39.88121
116.3889 39.85906 116.42951 39.93725
116.42103 39.91293 116.41437 39.94582
116.38052 39.86809 116.42381 39.87654
116.43641 39.92644 116.39563 39.90181
116.40924 39.94536 116.43886 39.94544
116.38671 39.88678 116.42961 39.89393
116.35008 39.84997 116.36916 39.87258
116.43657 39.8703 116.42546 39.91416
116.43754 39.91636 116.4383 39.94918
116.38939 39.85631 116.34491 39.88493
116.4253 39.9516 116.41295 39.93273
116.35719 39.95024 116.41312 39.95476
116.33802 39.88632 116.35686 39.91176
116.37511 39.90879 116.42079 39.90098
116.37219 39.88448 116.41171 39.95028
116.3715 39.85122 116.40345 39.84774
116.42296 39.92489 116.41687 39.95322
116.43657 39.92281 116.41626 39.91044
116.36892 39.87187 116.33918 39.95159
116.34334 39.94736 116.4104 39.906
116.34854 39.91942 116.34477 39.94843
116.36375 39.91096 116.38935 39.89596
116.43878 39.94472 116.37046 39.90433
116.36827 39.85659 116.3472 39.89594
116.37999 39.87162 116.42365 39.87048
116.37386 39.87037 116.42455 39.8728
116.35425 39.95191 116.41312 39.94842
116.40904 39.90563 116.36761 39.8816
116.33496 39.91166 116.34195 39.94259
116.34901 39.86232 116.3858 39.90089
116.35648 39.94128 116.42143 39.93357
116.39846 39.92423 116.43486 39.93128
116.42594 39.9185 116.40046 39.94876
116.33827 39.90714 116.35014 39.9418
116.42579 39.95411 116.33033 39.91759
116.36185 39.90684 116.43712 39.89314
116.38835 39.94469 116.43988 39.93866
116.37028 39.85003 116.34522 39.87289
116.39152 39.89973 116.42271 39.91443
116.34042 39.95097 116.37358 39.93912
116.38173 39.901 116.40446 39.93986
116.39665 39.95339 116.33841 39.91484
116.40466 39.8886 116.39113 39.85684
116.3937 39.90475 116.42158 39.90811
116.39839 39.84701 116.43301 39.86925
116.40757 39.91577 116.42466 39.89402
116.33771 39.9007 116.37707 39.92869
116.34664 39.87967 116.38407 39.87121
116.37259 39.94138 116.41472 39.93701
116.42699 39.88704 116.39637 39.91651
116.36742 39.95674 116.41795 39.91308
116.40192 39.9462 116.35923 39.94963
116.4387 39.8976 116.41805 39.91722
116.35285 39.85404 116.41229 39.85321
116.42276 39.86767 116.40163 39.91726
116.34544 39.86836 116.3752 39.89906
116.36247 39.95487 116.39273 39.92755
116.41862 39.84811 116.42269 39.89801
116.39627 39.86241 116.42392 39.89826
116.40806 39.94132 116.35702 39.95264
116.36101 39.85939 116.41883 39.87174
116.3576 39.95082 116.41425 39.95018
116.40538 39.91158 116.43008 39.89017
116.37926 39.91856 116.37148 39.89797
116.39548 39.85673 116.43042 39.90529
116.39472 39.8693 116.36144 39.86806
116.36332 39.88195 116.34769 39.90344
116.35407 39.87875 116.39628 39.8615
116.41098 39.90863 116.41528 39.94378
116.33766 39.90729 116.34715 39.93949
116.4101 39.93336 116.42653 39.90396
116.3568 39.94116 116.35036 39.8981
116.3412 39.88136 116.34841 39.91932
116.35667 39.87143 116.33309 39.88023
116.40111 39.8685 116.3708 39.90501
116.43328 39.89069 116.3654 39.90925
116.43724 39.86554 116.34207 39.8852
116.37634 39.85095 116.33889 39.88131
116.41619 39.94557 116.39727 39.9553
116.36048 39.93942 116.4249 39.95334
116.40232 39.92473 116.43816 39.89797
116.40625 39.94228 116.3599 39.95581
116.33731 39.86857 116.40511 39.8632
116.44073 39.9572 116.35928 39.90746
116.36697 39.87822 116.40468 39.85998
116.35039 39.90979 116.33292 39.89247
116.34225 39.88988 116.42001 39.88801
116.34077 39.92533 116.42905 39.90116
116.41854 39.88186 116.42886 39.85079
116.36953 39.91862 116.40403 39.87051
116.34574 39.92428 116.42285 39.90634
116.38892 39.90428 116.37646 39.88176
116.39767 39.87729 116.44026 39.92834
116.36076 39.9327 116.38174 39.8934
116.40017 39.87743 116.43653 39.92856
116.38568 39.86967 116.35594 39.88314
116.4336 39.92656 116.41949 39.91066
116.34324 39.94274 116.34066 39.8704
116.37612 39.88827 116.35005 39.94526
116.39781 39.88328 116.44025 39.93235
116.37157 39.93636 116.40252 39.95581
116.43785 39.85897 116.40673 39.84945
116.43735 39.9014 116.37085 39.85073
116.40312 39.94485 116.35172 39.95478
116.37059 39.94583 116.41433 39.93354
116.37678 39.86132 116.35777 39.89237
116.43235 39.92197 116.35976 39.90119
116.42607 39.84658 116.34156 39.89065
116.41633 39.93726 116.44071 39.89767
116.39841 39.91915 116.44029 39.93218
116.4211 39.87174 116.4104 39.91988
116.36545 39.8528 116.40362 39.87238
116.34397 39.90841 116.37103 39.86757
116.38272 39.89719 116.34516 39.95447
116.36628 39.95438 116.41929 39.91624
116.34768 39.90306 116.36891 39.8953
116.40095 39.89333 116.39925 39.86589
116.39294 39.89848 116.42226 39.91645
116.37347 39.94023 116.41646 39.9353
116.39599 39.92825 116.43285 39.93782
116.34283 39.90253 116.34753 39.93613
116.39597 39.88884 116.36084 39.90417
116.34294 39.88066 116.34047 39.91985
116.42058 39.94354 116.39782 39.95263
116.33758 39.86008 116.3763 39.85149
116.41918 39.95386 116.42472 39.90194
116.37071 39.85354 116.35159 39.86662
116.40587 39.94614 116.35169 39.94787
116.41194 39.84719 116.34471 39.87225
116.43147 39.9169 116.42117 39.93912
116.34394 39.94282 116.40221 39.90543
116.35312 39.85028 116.41627 39.84908
116.40068 39.84846 116.369 39.86872
116.43353 39.93902 116.36792 39.89949
116.38671 39.90472 116.42083 39.91461
116.42875 39.92453 116.42066 39.8862
116.34126 39.88283 116.3465 39.91883
116.40907 39.92347 116.43135 39.90003
116.41863 39.87561 116.43545 39.89206
116.42741 39.9238 116.42071 39.95455
116.40356 39.92746 116.42659 39.8982
116.43015 39.84846 116.34354 39.88801
116.35584 39.85491 116.41411 39.84734
116.40083 39.92548 116.43363 39.93308
116.34163 39.86259 116.38423 39.90127
116.34039 39.91086 116.37242 39.88215
116.38026 39.92344 116.40658 39.95308
116.37412 39.86231 116.35957 39.89344
116.36851 39.92455 116.405 39.87366
116.42915 39.91212 116.37335 39.95682
116.39168 39.84943 116.36448 39.87109
116.40072 39.89398 116.42475 39.89819
116.40839 39.86514 116.35324 39.89438
116.44124 39.84754 116.43066 39.91167
116.35905 39.94254 116.35096 39.90682
116.43151 39.89527 116.42061 39.90359
116.37041 39.85835 116.34318 39.89438
116.36064 39.91517 116.38873 39.88742
116.39686 39.84902 116.41859 39.85781
116.44005 39.92152 116.41766 39.90856
116.331 39.92463 116.37113 39.95669
116.40483 39.90465 116.36129 39.93654
116.41253 39.91583 116.43362 39.89449
116.38166 39.87318 116.35083 39.87797
116.33353 39.87473 116.41008 39.85892
116.40016 39.85836 116.42749 39.902
116.43009 39.95216 116.37233 39.94311
116.35001 39.85689 116.3849 39.89908
116.34289 39.94441 116.34513 39.87401
116.33078 39.86596 116.37892 39.85056
116.41997 39.88653 116.42408 39.85264
116.34668 39.90027 116.38434 39.95315
116.33919 39.89861 116.37809 39.92791
116.333 39.90756 116.34184 39.93959
116.40907 39.92453 116.43888 39.898
116.41065 39.95621 116.40543 39.90633
116.40846 39.87194 116.38823 39.89327
116.40597 39.93295 116.41241 39.90216
116.39817 39.88593 116.43362 39.92829
116.4057 39.90531 116.36741 39.88332
116.37402 39.87175 116.35191 39.90526
116.34806 39.89992 116.42623 39.91136
116.39319 39.95637 116.33785 39.91545
116.38948 39.87908 116.42724 39.89663
116.42999 39.92835 116.42621 39.91432
116.35937 39.91487 116.33029 39.88697
116.37584 39.90101 116.34759 39.93316
116.39771 39.88443 116.4312 39.93221
116.36352 39.84868 116.35531 39.88628
116.33395 39.86038 116.37107 39.85472
116.38506 39.85761 116.42271 39.86858
116.4248 39.85543 116.34482 39.88947
