113.32366 23.17638 113.24798 23.14866
113.32736 23.1489 113.29957 23.13111
113.32387 23.14625 113.26703 23.16385
113.25445 23.18397 113.32169 23.15717
113.30471 23.14724 113.28669 23.12789
113.22319 23.1253 113.2555 23.1245
113.33267 23.15421 113.30444 23.15101
113.3214 23.15773 113.27964 23.15691
113.25839 23.12048 113.28844 23.13712
113.26868 23.10074 113.25597 23.11478
113.2891 23.13838 113.25595 23.15892
113.23099 23.10666 113.31341 23.13287
113.31317 23.14462 113.32741 23.12074
113.29479 23.15586 113.32448 23.15299
113.22861 23.15165 113.27633 23.12834
113.29926 23.13177 113.25039 23.11527
113.24529 23.18304 113.22294 23.13974
113.25487 23.14477 113.28159 23.15934
113.25082 23.12658 113.25654 23.19876
113.26015 23.12421 113.28701 23.13139
113.25983 23.15159 113.28574 23.14658
113.24566 23.17688 113.24863 23.2035
113.22945 23.12773 113.26745 23.13271
113.33281 23.11043 113.28283 23.11538
113.31715 23.12114 113.23256 23.10772
113.31976 23.12302 113.23607 23.09962
113.25587 23.17679 113.24782 23.12927
113.24665 23.12649 113.25842 23.18939
113.22979 23.12417 113.25274 23.12741
113.26752 23.12799 113.31932 23.13643
113.26128 23.18102 113.32047 23.15627
113.26064 23.175 113.2704 23.19557
113.31467 23.13052 113.28281 23.1857
113.28081 23.11187 113.24841 23.11223
113.26646 23.1317 113.2575 23.1636
113.31729 23.12892 113.29638 23.12869
113.27933 23.12681 113.30499 23.12412
113.26415 23.19894 113.24217 23.20159
113.28065 23.1333 113.27269 23.15175
113.30118 23.116 113.22439 23.12902
113.32869 23.14418 113.26393 23.16073
113.22511 23.12502 113.25422 23.16581
113.26545 23.11386 113.32028 23.14374
113.24281 23.1333 113.27448 23.12835
113.25285 23.16098 113.32071 23.20749
113.2519 23.1759 113.25874 23.11386
113.26501 23.15325 113.26617 23.13808
113.26334 23.11336 113.30643 23.13695
113.26823 23.14668 113.24912 23.12575
113.25577 23.15196 113.2879 23.14381
113.31671 23.13968 113.32651 23.16252
113.2918 23.13204 113.24719 23.13103
113.31539 23.15893 113.27557 23.12723
113.29848 23.15331 113.31851 23.18467
113.27771 23.20117 113.2431 23.15717
113.31617 23.17494 113.31145 23.13392
113.32136 23.12795 113.24039 23.10444
113.22321 23.14741 113.32653 23.13414
113.33079 23.16401 113.31937 23.19479
113.32444 23.10872 113.28162 23.11046
113.32941 23.15926 113.3228 23.19738
113.27094 23.13583 113.30468 23.12528
113.24347 23.16982 113.25544 23.11108
113.24827 23.15076 113.26705 23.14551
113.28222 23.20882 113.24555 23.15807
113.30265 23.12978 113.24371 23.11693
113.3171 23.12168 113.23636 23.09919
113.26307 23.17721 113.26784 23.14392
113.2273 23.16734 113.24859 23.12461
113.31445 23.17933 113.30625 23.14884
113.25514 23.14237 113.26493 23.11948
113.28334 23.11707 113.27016 23.12378
113.24745 23.18273 113.2243 23.14089
113.26854 23.13654 113.31145 23.13575
113.24592 23.11184 113.25947 23.19583
113.29961 23.12856 113.25048 23.11077
113.30576 23.1355 113.22478 23.10042
113.32331 23.14936 113.31259 23.15646
113.2226 23.12281 113.25187 23.13405
113.25222 23.11818 113.25728 23.19467
113.31305 23.15691 113.33243 23.13115
113.29964 23.14167 113.27665 23.12976
113.2928 23.1237 113.31262 23.15529
113.24332 23.18753 113.2239 23.14493
113.28015 23.14632 113.32593 23.13521
113.31441 23.13327 113.26176 23.11851
113.30264 23.13653 113.24327 23.10951
113.29514 23.15978 113.27006 23.15901
113.25821 23.16632 113.25544 23.09851
113.26569 23.18154 113.25152 23.15292
113.33018 23.11017 113.28008 23.11324
113.33092 23.11451 113.27332 23.1093
113.24291 23.16522 113.26778 23.1636
113.27291 23.1996 113.25107 23.1517
113.26801 23.13186 113.31117 23.12394
113.22572 23.15429 113.27479 23.12976
113.27725 23.13153 113.26681 23.18175
113.2442 23.15585 113.27209 23.14258
113.30948 23.1547 113.32888 23.13746
113.28841 23.14811 113.26506 23.14482
113.2642 23.11007 113.31374 23.14799
113.23154 23.12085 113.26115 23.12489
113.32106 23.12313 113.32392 23.14371
113.29351 23.11727 113.22501 23.13065
113.24397 23.1272 113.26273 23.18564
113.32558 23.134 113.23742 23.1728
113.25461 23.13968 113.27562 23.16419
113.31349 23.17466 113.31227 23.13547
113.29395 23.16047 113.26822 23.16826
113.27201 23.15822 113.26996 23.13399
113.28456 23.14131 113.26373 23.14011
113.28876 23.13823 113.24381 23.13381
113.25542 23.19584 113.26132 23.15098
113.27824 23.15581 113.31199 23.11839
113.32356 23.13226 113.24461 23.12987
113.27882 23.1052 113.32029 23.15008
113.26439 23.0997 113.25822 23.11396
113.22911 23.14061 113.33266 23.13406
113.26627 23.20726 113.27908 23.12455
113.26143 23.12945 113.25256 23.13964
113.25429 23.13266 113.22283 23.14429
113.31455 23.14167 113.32658 23.16009
113.22398 23.16208 113.2461 23.12082
113.27801 23.12996 113.23549 23.10897
113.33202 23.15851 113.31628 23.19234
113.30044 23.13048 113.25027 23.11725
113.29513 23.13188 113.24325 23.11057
113.27442 23.20885 113.24629 23.15445
113.24143 23.14572 113.27471 23.12442
113.28169 23.1195 113.30495 23.12563
113.32083 23.11519 113.32248 23.15284
113.31208 23.15567 113.32672 23.1291
113.30945 23.13111 113.31725 23.16273
113.24687 23.1832 113.22559 23.13978
113.26077 23.14707 113.27476 23.15896
113.28106 23.13812 113.31686 23.12783
113.28497 23.15743 113.26377 23.14808
113.32181 23.13254 113.25848 23.12528
113.22918 23.14548 113.32808 23.13384
113.22582 23.14671 113.32602 23.13653
113.25778 23.11445 113.2873 23.1402
113.25931 23.11962 113.29056 23.127
113.31937 23.12767 113.32554 23.14135
113.26145 23.11977 113.31938 23.14932
113.27357 23.12644 113.32322 23.12809
113.31252 23.14227 113.33305 23.11859
113.32273 23.12138 113.32844 23.14236
113.3149 23.15254 113.26502 23.18179
113.29301 23.15022 113.26641 23.13949
113.32408 23.15054 113.30337 23.15439
113.2976 23.16758 113.26419 23.15941
113.23105 23.12334 113.26248 23.12799
113.27575 23.10438 113.32195 23.15007
113.25908 23.17273 113.25182 23.13591
113.32844 23.15063 113.30273 23.13133
113.24924 23.18357 113.22489 23.14519
113.29697 23.13297 113.24599 23.10962
113.23253 23.14189 113.27486 23.12602
113.26783 23.20468 113.31017 23.15791
113.2727 23.10524 113.25918 23.11404
113.31603 23.16938 113.30931 23.12954
113.32864 23.11944 113.32137 23.14566
113.33048 23.14429 113.26654 23.16694
113.26516 23.18177 113.24524 23.15602
113.22286 23.15244 113.28085 23.13431
113.23732 23.11799 113.26216 23.1732
113.25498 23.13028 113.33068 23.13682
113.23086 23.16771 113.24786 23.11869
113.28191 23.09796 113.31822 23.14991
113.26535 23.19969 113.23796 23.20284
113.27862 23.12321 113.30553 23.12179
113.3239 23.16103 113.31562 23.1985
113.3272 23.13761 113.31848 23.15713
113.2754 23.11578 113.3311 23.13738
113.30539 23.12063 113.23126 23.14378
113.25749 23.15894 113.31325 23.19991
113.22329 23.10204 113.32161 23.13707
113.27428 23.10319 113.3231 23.1506
113.30942 23.12883 113.22837 23.10654
113.31125 23.14367 113.32603 23.12409
113.24566 23.16389 113.22728 23.10891
113.30096 23.11963 113.2678 23.1056
113.2866 23.15214 113.26871 23.14531
113.23585 23.11813 113.33039 23.11891
113.29633 23.12612 113.26879 23.10676
113.26206 23.1467 113.27777 23.15911
113.3112 23.13086 113.26355 23.12997
113.24765 23.1719 113.25583 23.11505
113.25661 23.17049 113.2628 23.19737
113.27932 23.10805 113.33244 23.13355
113.30267 23.11654 113.22719 23.13372
113.25003 23.1573 113.27306 23.14364
113.23591 23.14246 113.27725 23.12225
113.31191 23.10869 113.28152 23.10851
113.31309 23.1204 113.29208 23.13883
113.33066 23.17826 113.25263 23.14926
113.25222 23.13665 113.31667 23.14457
113.25561 23.17459 113.27039 23.19813
113.30758 23.12347 113.26642 23.10974
113.22598 23.10216 113.32099 23.13795
113.28097 23.14244 113.2612 23.18526
113.25806 23.16605 113.2627 23.10076
113.271 23.18143 113.25101 23.1554
113.31027 23.12837 113.23168 23.10368
113.26818 23.17724 113.26686 23.14521
113.26769 23.20336 113.23646 23.20685
113.29827 23.11723 113.23049 23.13149
113.30564 23.11002 113.32088 23.14133
113.26814 23.1841 113.25054 23.15354
113.30005 23.13857 113.26341 23.16412
113.29266 23.11082 113.27274 23.12659
113.3112 23.14177 113.27501 23.10159
113.2656 23.2086 113.27695 23.12699
113.3232 23.17976 113.30329 23.15531
113.26599 23.17904 113.25232 23.15723
113.2551 23.19731 113.24476 23.15312
113.33276 23.15986 113.32103 23.18904
113.30366 23.13923 113.2785 23.13017
113.29326 23.15338 113.32405 23.15474
113.30629 23.13629 113.26367 23.12975
113.2891 23.15438 113.26394 23.14732
113.33037 23.16481 113.31714 23.18907
113.2948 23.11101 113.22443 23.13179
113.3173 23.15329 113.2676 23.16633
113.22934 23.12404 113.25856 23.12613
113.30158 23.1471 113.32599 23.16564
113.2784 23.12582 113.32027 23.12556
113.26999 23.16175 113.2757 23.20785
113.24749 23.16433 113.2723 23.19157
113.29068 23.1454 113.25504 23.16293
113.27263 23.20392 113.30955 23.15402
113.29388 23.11633 113.22736 23.13274
113.32847 23.13556 113.2477 23.13435
113.32901 23.13367 113.23878 23.17026
113.3124 23.12339 113.28407 23.14301
113.25681 23.19507 113.25736 23.15519
113.29458 23.11918 113.26541 23.10028
113.28784 23.12361 113.25751 23.20229
113.26886 23.20628 113.2342 23.19949
113.31773 23.15272 113.26347 23.16097
113.24819 23.1305 113.28195 23.13568
113.32318 23.1594 113.27346 23.12703
113.31527 23.12772 113.23761 23.10799
113.26615 23.1502 113.26899 23.12325
113.32336 23.12972 113.24667 23.1348
113.2728 23.1769 113.27056 23.14585
113.27055 23.1627 113.25262 23.11192
113.22828 23.10007 113.31644 23.13516
113.32226 23.12633 113.32602 23.14572
113.22517 23.09819 113.31486 23.1287
113.27949 23.11299 113.32853 23.12822
113.25343 23.18378 113.31926 23.1568
113.26207 23.15211 113.32519 23.1288
113.22858 23.17329 113.23855 23.12092
113.31457 23.1265 113.33047 23.14425
113.27729 23.12821 113.32086 23.14699
113.24064 23.13551 113.31263 23.15531
113.24983 23.16008 113.27007 23.16673
113.26104 23.17176 113.26846 23.19564
113.2549 23.13891 113.26329 23.12486
113.26544 23.12953 113.26016 23.15879
113.33241 23.15968 113.31597 23.19179
113.22891 23.10283 113.31595 23.12965
113.25947 23.17592 113.24814 23.13681
113.29077 23.14963 113.26721 23.14704
113.2647 23.20549 113.23369 23.20513
113.27919 23.12967 113.26996 23.18532
113.25576 23.15091 113.284 23.14176
113.28921 23.14025 113.26653 23.14139
113.25378 23.16084 113.32049 23.20004
113.29158 23.11763 113.26781 23.12792
113.32903 23.14239 113.2684 23.15939
113.29428 23.14707 113.32436 23.15884
113.25976 23.16614 113.31453 23.20664
113.25771 23.13132 113.32437 23.13161
113.25384 23.14736 113.26976 23.12162
113.25662 23.18321 113.32316 23.14868
113.26695 23.11833 113.31902 23.1513
113.26182 23.16033 113.31638 23.20309
113.30123 23.1669 113.27138 23.16515
113.33259 23.12382 113.31669 23.13963
113.3143 23.12605 113.23681 23.10007
113.31093 23.154 113.32498 23.13164
113.29828 23.1552 113.32941 23.1531
113.32694 23.16183 113.3163 23.19129
113.25978 23.19726 113.25846 23.15331
113.2423 23.11215 113.29544 23.15525
113.26994 23.09979 113.26231 23.11316
113.2955 23.14539 113.26644 23.16803
113.32257 23.1188 113.3285 23.13932
113.25587 23.15668 113.29028 23.14066
113.27055 23.20065 113.27573 23.1234
113.25086 23.16974 113.25066 23.20049
113.31229 23.11188 113.3199 23.14484
113.25146 23.18346 113.22935 23.13953
113.3191 23.15163 113.27122 23.16499
113.25539 23.16231 113.31849 23.20842
113.26714 23.15081 113.26434 23.13714
113.23124 23.0987 113.31331 23.13819
113.23929 23.14142 113.28109 23.12421
113.33154 23.13779 113.26219 23.11487
113.23154 23.10211 113.32311 23.13401
113.26252 23.13766 113.23054 23.1475
113.24642 23.15396 113.26365 23.14426
113.29425 23.12654 113.2632 23.10329
113.26118 23.14822 113.2661 23.12528
113.30343 23.1155 113.31755 23.14333
113.25446 23.1408 113.2781 23.16241
113.24817 23.1262 113.2605 23.19602
113.25618 23.13701 113.23099 23.14497
113.31353 23.15801 113.26341 23.18536
113.31959 23.13778 113.25209 23.10873
113.28453 23.11258 113.27063 23.12105
113.30943 23.14035 113.28332 23.12148
113.29265 23.14541 113.25386 23.16153
113.26689 23.13301 113.26086 23.16571
113.27564 23.13418 113.26391 23.14879
113.26719 23.14369 113.27101 23.16533
113.29459 23.15423 113.32065 23.18283
113.31519 23.17741 113.31262 23.13618
113.29463 23.1288 113.25253 23.11351
113.3262 23.11981 113.31791 23.14482
113.29897 23.15761 113.28827 23.12255
113.25322 23.16028 113.31663 23.19975
113.24456 23.16126 113.22974 23.11655
113.25433 23.18778 113.31514 23.15582
113.25828 23.18474 113.31672 23.15222
113.29437 23.12135 113.26811 23.10775
113.32157 23.11272 113.3154 23.15688
113.25129 23.1539 113.30534 23.14168
113.25584 23.18747 113.31562 23.1525
113.30689 23.12932 113.2267 23.09998
113.31308 23.11208 113.28215 23.11209
113.26027 23.16986 113.27174 23.1984
113.32989 23.15713 113.30075 23.13009
113.2655 23.16115 113.25266 23.1167
113.30298 23.14819 113.32365 23.16226
113.31045 23.12028 113.2883 23.14535
113.32087 23.12814 113.23548 23.10323
113.25721 23.14558 113.26317 23.12109
113.28301 23.13688 113.25383 23.1219
113.319 23.14995 113.25921 23.16104
113.31988 23.17431 113.30885 23.13477
113.2772 23.12787 113.32095 23.12534
113.33003 23.17236 113.25045 23.15379
113.26853 23.10249 113.25302 23.11465
113.26864 23.18419 113.25222 23.15839
113.27861 23.13534 113.23855 23.11202
113.26069 23.12587 113.28464 23.12115
113.31632 23.12352 113.32637 23.14733
113.32939 23.14477 113.27047 23.16827
113.30153 23.14675 113.27473 23.13547
113.25479 23.14135 113.26793 23.12514
113.26506 23.16787 113.32258 23.13331
113.22951 23.16299 113.24568 23.12618
113.32917 23.12517 113.31631 23.14313
113.25756 23.13817 113.2455 23.13964
113.30471 23.12427 113.31565 23.15579
113.23276 23.12169 113.27341 23.1285
113.32955 23.14986 113.29793 23.13399
113.24178 23.13386 113.31101 23.15633
113.28011 23.10323 113.31415 23.15439
113.26343 23.17444 113.26859 23.14418
113.27912 23.12882 113.31472 23.14075
113.26781 23.13153 113.31064 23.12249
113.31182 23.14556 113.28927 23.12543
113.30911 23.13921 113.27653 23.10305
113.27509 23.11 113.2515 23.11152
113.3137 23.1266 113.23361 23.09852
113.28205 23.12951 113.25893 23.11128
113.32741 23.11065 113.27706 23.1129
113.25063 23.15568 113.2811 23.14596
113.3041 23.15744 113.32791 23.13289
113.3066 23.13979 113.27977 23.13716
113.32132 23.16432 113.27511 23.14234
113.33072 23.12201 113.31608 23.14075
113.27125 23.1377 113.30356 23.13769
113.26135 23.12817 113.28297 23.13326
113.28919 23.1281 113.30344 23.15138
113.27169 23.17251 113.26433 23.14209
113.32644 23.16944 113.24384 23.1496
113.30233 23.15742 113.28361 23.12274
113.30989 23.10293 113.30609 23.15655
113.28943 23.11372 113.27169 23.11895
113.25431 23.15781 113.33276 23.12821
113.30454 23.14867 113.32859 23.12898
113.32423 23.17257 113.24431 23.15764
113.30822 23.15725 113.3279 23.13209
113.26974 23.1181 113.31856 23.14806
113.32129 23.16789 113.27618 23.11926
113.2974 23.13633 113.24421 23.11788
113.30242 23.16494 113.26289 23.16491
113.29108 23.11224 113.26666 23.12259
113.28157 23.12598 113.31696 23.12408
113.2434 23.11528 113.26195 23.18977
113.29787 23.1166 113.22514 23.1379
113.32494 23.1466 113.27082 23.16824
113.31221 23.14637 113.27574 23.13165
113.26766 23.1579 113.27251 23.11821
113.28702 23.14365 113.26454 23.14454
113.24127 23.12684 113.33202 23.11964
113.22631 23.10597 113.26692 23.10241
113.28801 23.12529 113.24009 23.11081
113.27737 23.11031 113.24898 23.10854
113.22708 23.12565 113.25981 23.16125
113.28555 23.14574 113.2657 23.14617
113.3143 23.14863 113.27193 23.16809
113.24575 23.11974 113.25931 23.18838
113.27547 23.20685 113.24865 23.15585
113.25795 23.166 113.25895 23.0981
113.23238 23.12168 113.26738 23.135
113.23853 23.13423 113.31286 23.15449
113.31336 23.14278 113.32897 23.16467
113.33157 23.13833 113.26397 23.16216
113.33159 23.13634 113.28381 23.12883
113.24936 23.15535 113.30452 23.14253
113.25549 23.12412 113.28369 23.13256
113.27473 23.10326 113.25261 23.11847
113.31312 23.14726 113.27758 23.10025
113.31235 23.11573 113.27412 23.11005
113.22658 23.10181 113.26494 23.09945
113.22266 23.11947 113.24596 23.13039
113.31539 23.12561 113.2423 23.107
113.32108 23.16143 113.28224 23.11996
113.30015 23.11312 113.22259 23.12833
113.26758 23.12433 113.31821 23.15031
113.26695 23.1305 113.30592 23.13723
113.25374 23.15503 113.29023 23.14017
113.33051 23.15755 113.30954 23.15475
113.31526 23.13785 113.30908 23.13785
113.32525 23.14134 113.26711 23.16136
113.31893 23.14875 113.30898 23.13284
113.26877 23.20229 113.23705 23.20122
113.26192 23.12916 113.232 23.14061
113.3221 23.14688 113.32447 23.16802
113.28219 23.20358 113.24654 23.15338
113.25452 23.18542 113.31702 23.15118
113.25935 23.19682 113.25448 23.15705
113.28538 23.1367 113.24915 23.15584
113.22249 23.14363 113.32586 23.12896
113.22686 23.14802 113.3319 23.13519
113.32359 23.17323 113.24491 23.15175
113.24955 23.15983 113.26354 23.16622
113.27797 23.11818 113.31749 23.12681
113.27878 23.12185 113.31334 23.12002
113.26522 23.12111 113.22313 23.10371
113.24662 23.11697 113.25772 23.1981
113.259 23.16775 113.316 23.19898
113.33207 23.13015 113.31958 23.15099
113.33067 23.15543 113.2946 23.13702
113.28818 23.11726 113.2638 23.1254
113.30212 23.11554 113.22936 23.1288
113.23532 23.14508 113.27554 23.128
113.28082 23.1342 113.31466 23.1466
113.25527 23.15462 113.32812 23.1368
113.2643 23.12809 113.32227 23.1491
113.23692 23.12057 113.28032 23.1319
113.26969 23.10094 113.25326 23.10879
113.32402 23.13177 113.23259 23.17268
113.31694 23.15353 113.26419 23.1609
113.24521 23.13112 113.27174 23.13229
113.32722 23.17354 113.25215 23.15262
113.2294 23.16456 113.24739 23.12309
113.27063 23.11511 113.3142 23.13924
113.33085 23.14597 113.26281 23.16447
113.26928 23.1221 113.31949 23.15767
113.27264 23.20728 113.23447 23.20356
113.2863 23.15229 113.26334 23.13838
113.29716 23.16474 113.26716 23.16634
113.29936 23.15385 113.28596 23.12529
113.23423 23.13429 113.31165 23.15456
113.25107 23.1318 113.31121 23.12669
113.28725 23.15568 113.26348 23.14338
113.24605 23.16352 113.26477 23.19702
113.30945 23.12972 113.32192 23.16164
113.32405 23.16262 113.31387 23.19511
113.291 23.13102 113.25506 23.15812
113.22653 23.12306 113.27195 23.13193
113.26597 23.12551 113.31618 23.14908
113.32649 23.14399 113.2668 23.16845
113.25184 23.11305 113.26222 23.19777
113.26492 23.13177 113.25499 23.16083
113.31545 23.11509 113.31334 23.15205
113.24031 23.13771 113.31219 23.15567
113.29554 23.12951 113.25202 23.11373
113.27453 23.12675 113.31895 23.12748
113.27876 23.15794 113.3117 23.12466
113.23295 23.11946 113.33304 23.12474
113.25818 23.18584 113.32138 23.15481
113.29508 23.11799 113.22866 23.13386
113.28109 23.12165 113.319 23.1224
113.2347 23.11036 113.24211 23.14271
113.25194 23.20592 113.23069 23.13506
113.26519 23.13793 113.25635 23.16074
113.22737 23.12796 113.26169 23.1271
113.23523 23.13205 113.30918 23.15234
113.26043 23.15116 113.32494 23.13152
113.29938 23.14984 113.32026 23.18052
113.22735 23.12135 113.252 23.13109
113.3127 23.12011 113.22611 23.14202
113.29559 23.12578 113.271 23.10296
113.32131 23.15829 113.25562 23.165
113.28672 23.15764 113.27126 23.1383
113.25912 23.1878 113.31788 23.1517
113.28802 23.12499 113.2395 23.11426
113.31924 23.15609 113.26941 23.18305
113.29378 23.14228 113.3323 23.16484
113.2265 23.14446 113.33157 23.13599
113.22414 23.14394 113.3312 23.13453
113.30613 23.12551 113.3234 23.13618
113.29296 23.12896 113.2608 23.1509
113.26504 23.10309 113.25578 23.11803
113.24218 23.1105 113.29386 23.15717
113.28463 23.13029 113.24615 23.13599
113.31939 23.18539 113.30534 23.14875
113.25571 23.20519 113.29472 23.15226
113.25511 23.17567 113.25093 23.13656
113.32761 23.12444 113.3216 23.14752
113.30798 23.15575 113.32543 23.13424
113.27721 23.1083 113.3301 23.12852
113.31395 23.17634 113.30949 23.13716
113.26414 23.11506 113.31077 23.12851
113.28461 23.1444 113.26973 23.14174
113.32187 23.1536 113.25876 23.16554
113.31767 23.1426 113.32736 23.16362
113.27133 23.2037 113.30521 23.15593
113.23417 23.11215 113.23799 23.14797
113.28978 23.14326 113.26779 23.14438
113.29097 23.13873 113.25707 23.16764
113.28805 23.14446 113.2717 23.14414
113.29353 23.1447 113.33146 23.16715
113.23775 23.1301 113.31002 23.15772
113.22252 23.15978 113.2455 23.12734
113.23169 23.14144 113.32728 23.13594
113.321 23.14524 113.32828 23.15978
113.28104 23.20418 113.26595 23.1112
113.26827 23.10831 113.30769 23.13724
113.293 23.13794 113.31595 23.12797
113.23325 23.13845 113.27684 23.12675
113.26818 23.17385 113.26742 23.14704
113.27722 23.20775 113.25021 23.15549
113.32946 23.12984 113.25693 23.11028
113.327 23.16287 113.3147 23.18976
113.23997 23.12783 113.28244 23.13379
113.27006 23.16144 113.27733 23.20728
113.28561 23.12236 113.30767 23.1485
113.32877 23.15353 113.29804 23.13461
113.23041 23.16404 113.24411 23.11896
113.22461 23.12582 113.26499 23.13706
113.32787 23.11834 113.31808 23.14796
113.25071 23.11655 113.25955 23.19225
113.26778 23.12635 113.22427 23.10535
113.32422 23.15696 113.31109 23.15711
113.30867 23.15552 113.33155 23.13334
113.25249 23.15996 113.22853 23.11047
113.27664 23.20471 113.24944 23.14962
113.30764 23.13198 113.3283 23.12748
113.22403 23.12614 113.25852 23.12467
113.31461 23.1296 113.29827 23.13677
113.28642 23.10969 113.27195 23.1201
113.32205 23.12131 113.23977 23.1032
113.23286 23.1392 113.27513 23.12542
113.29341 23.10985 113.22842 23.12881
113.25989 23.15036 113.229 23.12823
113.28563 23.11052 113.26718 23.1223
113.27303 23.15753 113.31103 23.11951
113.27845 23.11831 113.31084 23.12029
113.32267 23.18505 113.30734 23.15239
113.2589 23.15908 113.25403 23.10708
113.25569 23.15131 113.28611 23.13854
113.23181 23.14928 113.28063 23.13043
113.24573 23.1289 113.31346 23.13968
113.26852 23.11915 113.32066 23.13783
113.26949 23.13865 113.27691 23.20536
113.24898 23.12326 113.25505 23.18619
113.29653 23.12991 113.24514 23.11329
113.2484 23.16859 113.25581 23.11427
113.25341 23.12226 113.2851 23.12697
113.26468 23.14188 113.24623 23.17049
113.22426 23.14973 113.28081 23.13372
113.24532 23.18525 113.25518 23.15303
113.27572 23.12232 113.32314 23.12392
113.31033 23.12417 113.23079 23.14834
113.30827 23.13823 113.2694 23.12851
113.2945 23.1377 113.24322 23.11552
113.23323 23.11575 113.2853 23.13046
113.26778 23.09998 113.26243 23.10951
113.30736 23.13538 113.23316 23.10897
113.25322 23.16055 113.3165 23.16941
113.27379 23.14957 113.31076 23.12887
113.2555 23.17107 113.25168 23.13121
113.25621 23.20766 113.30012 23.15196
113.24452 23.17847 113.2479 23.20575
113.29763 23.15426 113.28492 23.12305
113.25579 23.18501 113.3155 23.15452
113.32033 23.17641 113.31029 23.13586
113.30869 23.10909 113.27514 23.11722
113.25369 23.15574 113.33134 23.13625
113.23602 23.13333 113.30338 23.14941
113.25997 23.19735 113.24295 23.15814
