-73.94865 40.78031 -73.99414 40.74572
-73.98103 40.75197 -74.01034 40.71041
-74.00049 40.74185 -74.01411 40.71721
-73.941 40.704 -73.97142 40.75781
-73.98 40.76209 -74.00506 40.72207
-73.99169 40.75038 -73.99326 40.72706
-73.98947 40.74707 -74.01645 40.70896
-73.95883 40.8037 -73.98076 40.78167
-74.00012 40.75781 -74.01543 40.71907
-73.97901 40.72775 -73.96562 40.76327
-73.97831 40.75568 -74.00294 40.71832
-73.97225 40.74313 -74.00732 40.72188
-73.97619 40.78376 -73.94858 40.77713
-73.91623 40.74272 -73.95926 40.7618
-73.98741 40.77434 -73.95195 40.78927
-73.95462 40.77649 -73.98506 40.77518
-73.98017 40.74884 -74.01346 40.70286
-74.01566 40.72646 -73.99227 40.75884
-74.0015 40.71772 -73.97481 40.76608
-73.98612 40.74689 -74.01359 40.71697
-74.00353 40.72184 -73.98371 40.74602
-73.98003 40.77998 -73.96109 40.80027
-73.98435 40.75841 -73.99051 40.73698
-73.97523 40.74985 -73.99878 40.72578
-73.97113 40.789 -73.97205 40.76717
-73.97068 40.77263 -73.98304 40.75412
-73.95964 40.77976 -73.98767 40.75811
-74.00372 40.73593 -74.01393 40.71615
-74.00795 40.75002 -74.01547 40.71452
-73.99212 40.73995 -73.97046 40.77106
-73.97557 40.76886 -73.96677 40.80027
-73.98723 40.71172 -73.94976 40.70515
-74.00313 40.75359 -73.96159 40.76725
-74.00788 40.75471 -74.00513 40.70972
-73.92139 40.77804 -73.97134 40.75964
-73.93083 40.7645 -73.95931 40.74881
-73.95661 40.80013 -73.97552 40.7798
-74.01436 40.70516 -73.99895 40.7607
-73.92213 40.76089 -73.99431 40.72835
-73.9766 40.76518 -73.96986 40.80072
-74.00767 40.7482 -74.01517 40.7114
-74.01121 40.72364 -73.99943 40.75231
-73.97883 40.72133 -73.94801 40.77095
-74.01372 40.72865 -73.99709 40.75599
-73.99982 40.71742 -74.00562 40.74195
-73.96821 40.78858 -73.97893 40.76655
-74.00695 40.73847 -73.98984 40.75141
-73.93972 40.79567 -73.98099 40.78268
-73.97137 40.75257 -73.95464 40.78456
-73.97257 40.75143 -73.99248 40.72893
-73.98069 40.72782 -74.00601 40.71296
-74.00498 40.73042 -73.98481 40.75099
-73.96673 40.79174 -74.01378 40.74406
-73.94451 40.71032 -73.93109 40.74107
-73.97703 40.75815 -74.00004 40.73945
-73.96366 40.80223 -73.98075 40.76685
-73.99601 40.71343 -74.00078 40.75871
-73.99133 40.73444 -73.95453 40.76106
-73.94275 40.77484 -73.96854 40.75006
-74.00906 40.72634 -73.98291 40.75543
-73.95901 40.77294 -73.97432 40.73167
-74.00748 40.72627 -73.98513 40.70295
-73.95772 40.77539 -73.99804 40.75796
-74.0002 40.75366 -74.00012 40.70999
-74.00217 40.72354 -73.99705 40.75001
-73.95173 40.78596 -73.99181 40.76545
-73.99994 40.76424 -73.97208 40.76133
-74.00017 40.73688 -73.97453 40.77046
-73.98952 40.77516 -74.00364 40.74464
-73.96475 40.76649 -74.00432 40.70279
-74.00302 40.73373 -73.98698 40.76187
-73.99638 40.72259 -73.9727 40.74237
-73.99254 40.74571 -74.00405 40.71418
-74.00807 40.73255 -73.9764 40.7528
-73.97793 40.73379 -74.00379 40.70224
-73.93911 40.79439 -73.97806 40.78628
-73.95977 40.78717 -73.98449 40.77816
-74.01698 40.70537 -73.99187 40.77171
-73.97348 40.74921 -74.01691 40.70786
-73.92273 40.76567 -73.99697 40.72135
-74.01049 40.71095 -73.97321 40.74496
-73.98432 40.7863 -73.95774 40.79787
-73.97131 40.80336 -73.99723 40.75406
-73.95415 40.78501 -73.97291 40.76252
-73.95876 40.7733 -73.98357 40.76262
-73.93605 40.7717 -73.96562 40.75239
-73.99592 40.73322 -73.97326 40.7516
-74.00335 40.74748 -74.0153 40.71066
-73.96655 40.77631 -73.99819 40.73558
-73.94666 40.78419 -73.96597 40.75083
-73.98631 40.75387 -74.00054 40.71912
-73.98296 40.71947 -73.96502 40.75812
-73.97392 40.74654 -74.00053 40.71554
-73.9941 40.7781 -74.01145 40.72091
-73.98449 40.73983 -74.00908 40.70489
-73.936 40.77114 -73.96603 40.75258
-73.97403 40.71858 -73.99841 40.74798
-73.97619 40.7496 -73.99368 40.72446
-73.99154 40.72962 -73.98159 40.75856
-73.97331 40.74371 -73.94311 40.80505
-73.95309 40.76133 -73.97677 40.74559
-73.98095 40.76511 -73.99905 40.72733
-73.98387 40.75892 -74.01657 40.70159
-74.00132 40.72838 -73.97133 40.75546
-73.91917 40.74616 -73.95805 40.76109
-73.97441 40.74432 -73.95569 40.76945
-73.99287 40.74272 -73.97365 40.78719
-73.96486 40.77184 -73.98893 40.75777
-73.95086 40.71224 -73.92618 40.74362
-73.97169 40.79907 -73.99761 40.75302
-73.95446 40.79327 -73.98198 40.76699
-73.9446 40.76844 -73.97375 40.74441
-73.97049 40.80415 -73.97744 40.76098
-73.96224 40.77291 -73.97358 40.75743
-73.98894 40.73442 -73.96214 40.77589
-74.00284 40.7479 -73.97054 40.78773
-73.97785 40.72943 -73.9498 40.77368
-74.00632 40.75854 -74.00223 40.70171
-73.99167 40.7529 -74.0011 40.7134
-73.95259 40.7931 -73.9796 40.78708
-73.96201 40.80506 -73.97865 40.78488
-73.92551 40.76597 -73.9599 40.74686
-73.93693 40.79425 -73.99314 40.74561
-74.01683 40.703 -73.99892 40.74154
-73.97674 40.76512 -74.00201 40.7567
-73.95195 40.7763 -73.97858 40.71941
-73.96737 40.76745 -73.98226 40.75444
-74.00627 40.74889 -73.98346 40.76539
-73.97943 40.74556 -73.95912 40.7674
-73.96858 40.75613 -73.98305 40.72264
-74.00896 40.7041 -74.01215 40.73807
-73.98169 40.76446 -74.00947 40.70685
-73.91935 40.77054 -73.96734 40.76112
-73.98298 40.71893 -73.99393 40.74556
-74.00517 40.71969 -73.98365 40.75729
-74.00354 40.76538 -73.96918 40.80515
-73.95347 40.7558 -73.95959 40.78471
-73.99486 40.74048 -73.95909 40.76106
-73.95363 40.78764 -73.99874 40.75657
-73.95953 40.77907 -74.01509 40.7112
-73.96123 40.79492 -73.98593 40.76554
-73.96055 40.8007 -73.98131 40.77086
-74.00079 40.7232 -73.98386 40.75632
-73.94154 40.79288 -73.97909 40.78733
-73.9762 40.74239 -73.99239 40.70354
-74.01333 40.70441 -73.99603 40.74366
-73.97355 40.79617 -73.97841 40.7601
-73.99013 40.71716 -73.97085 40.75699
-73.96101 40.76605 -73.9364 40.79326
-73.97514 40.78452 -73.96153 40.80127
-73.9539 40.76338 -73.98144 40.74545
-73.96435 40.75477 -73.99237 40.75763
-73.93519 40.79165 -73.97797 40.78125
-73.99917 40.77576 -74.01711 40.72379
-74.01427 40.7157 -74.00546 40.74146
-74.00196 40.73391 -73.98886 40.75168
-73.99852 40.72778 -74.01106 40.70633
-74.00868 40.76324 -73.95694 40.78392
-73.95077 40.77017 -73.98225 40.73794
-74.00264 40.73976 -73.9814 40.70213
-73.95395 40.79722 -73.99002 40.76202
-73.97398 40.73425 -74.00202 40.709
-73.96339 40.80585 -73.98537 40.77667
-73.93856 40.77725 -73.97106 40.75558
-73.95057 40.77674 -73.96724 40.75505
-73.94835 40.78104 -73.97344 40.78141
-73.95648 40.77525 -73.99583 40.74764
-73.99844 40.76594 -73.9486 40.78364
-73.95262 40.76945 -73.98852 40.74508
-73.97408 40.75447 -74.00533 40.74387
-73.96182 40.78119 -73.96342 40.75929
-73.95028 40.77937 -73.97356 40.76298
-73.97285 40.78262 -74.00746 40.73991
-73.9447 40.77935 -73.97679 40.77921
-73.97737 40.74261 -74.00877 40.72829
-73.97663 40.73289 -74.00632 40.74035
-74.01399 40.70615 -73.99895 40.75696
-73.97561 40.7446 -73.93944 40.80842
-73.97883 40.79545 -73.99049 40.7569
-73.9606 40.78696 -74.00973 40.71799
-74.016 40.72901 -73.9873 40.75405
-73.97446 40.7632 -74.01734 40.70409
-74.01266 40.71187 -73.99887 40.76158
-73.94478 40.79297 -73.97911 40.78792
-73.95042 40.7835 -73.99567 40.75332
-73.97036 40.75826 -74.00368 40.70552
-73.98568 40.75732 -74.0084 40.71712
-74.00487 40.75788 -74.01362 40.71697
-73.97851 40.78166 -73.94519 40.80066
-74.00039 40.73306 -73.98871 40.76557
-73.98847 40.73098 -73.95972 40.77396
-74.00159 40.73741 -73.99028 40.76024
-73.95304 40.7671 -74.01166 40.72018
-73.94318 40.77422 -73.9843 40.76298
-73.94776 40.77066 -73.98857 40.74598
-73.94848 40.78756 -73.98176 40.72116
-73.92231 40.74195 -73.95801 40.7675
-73.99438 40.73098 -74.01087 40.71728
-73.99615 40.76789 -73.96049 40.80195
-73.96767 40.75347 -73.9462 40.77938
-73.97867 40.72697 -73.96968 40.76209
-73.96668 40.77511 -73.9529 40.79627
-73.96893 40.77163 -73.99809 40.75376
-73.93545 40.79174 -73.97404 40.78627
-73.97971 40.73421 -73.96872 40.75152
-74.00012 40.71129 -73.9673 40.7535
-74.00915 40.72655 -73.99053 40.7535
-73.9788 40.76814 -74.0094 40.70943
-74.00754 40.72421 -73.96816 40.75152
-73.98779 40.74636 -73.96441 40.77813
-73.99835 40.71464 -74.0017 40.75552
-74.00385 40.74753 -73.97636 40.75554
-73.96254 40.79598 -73.96874 40.76439
-73.98611 40.72839 -73.97521 40.75461
-73.94883 40.76341 -74.00931 40.72585
-73.97923 40.74526 -74.01445 40.71139
-74.0028 40.72622 -73.99417 40.75853
-73.9312 40.7816 -73.96586 40.78029
-73.99592 40.73261 -73.95393 40.76413
-73.95992 40.78749 -73.97768 40.75896
-73.96671 40.78495 -73.97672 40.75026
-73.95789 40.77178 -73.99861 40.74753
-74.01223 40.71739 -74.00213 40.7461
-74.016 40.70074 -73.97846 40.74756
-73.9751 40.7413 -73.99194 40.72991
-73.91627 40.74738 -73.95479 40.76551
-73.98743 40.71448 -73.94496 40.70792
-73.98501 40.71879 -73.99177 40.74739
-73.96787 40.773 -73.99688 40.76102
-73.96966 40.77607 -73.98718 40.7567
-73.96639 40.78252 -73.97746 40.75639
-73.9966 40.75984 -74.00416 40.74
-73.99808 40.73222 -73.97879 40.7682
-73.97843 40.77921 -73.94448 40.79127
-73.95256 40.7819 -73.96458 40.76306
-73.98769 40.72944 -73.97267 40.75758
-74.00141 40.74101 -73.96646 40.77948
-73.97198 40.73277 -74.01369 40.70061
-73.98884 40.74748 -73.96693 40.77569
-73.94974 40.7782 -73.97645 40.72841
-73.95462 40.79621 -73.97584 40.76929
-73.98065 40.74701 -74.00261 40.72484
-73.97067 40.79321 -73.99732 40.755
-73.97 40.78863 -73.9785 40.75725
-73.97513 40.75937 -74.00138 40.74262
-73.92969 40.7661 -73.96188 40.74743
-73.9767 40.74125 -74.00121 40.7159
-73.93075 40.7812 -73.96672 40.78516
-73.94426 40.7627 -74.01322 40.72839
-73.95278 40.76418 -74.01174 40.72844
-73.97846 40.71433 -73.99147 40.74354
-73.97316 40.78399 -73.94402 40.78684
-73.99996 40.74443 -73.98032 40.76063
-73.96172 40.7624 -73.98635 40.74675
-73.97016 40.75865 -73.97565 40.78767
-73.95961 40.77859 -73.94184 40.80279
-74.01703 40.70168 -73.99866 40.74555
-73.97532 40.74694 -74.01473 40.7013
-74.00975 40.70983 -73.98819 40.74951
-73.97761 40.72337 -73.95547 40.76898
-74.00308 40.71855 -73.9918 40.76087
-73.98165 40.70794 -73.99991 40.74765
-73.98282 40.76405 -73.93882 40.80753
-73.98164 40.75828 -74.00283 40.71677
-73.99589 40.76085 -74.00758 40.74243
-73.98265 40.74188 -74.01086 40.70412
-73.99434 40.7243 -74.01606 40.70861
-73.95359 40.77263 -73.98865 40.76838
-73.96391 40.75627 -73.95405 40.78068
-73.94844 40.77639 -73.97593 40.76577
-73.94478 40.77637 -73.97037 40.75597
-73.93027 40.78019 -73.96991 40.78189
-73.9945 40.71109 -73.97541 40.74398
-73.92225 40.7657 -73.99952 40.72533
-73.99562 40.75759 -73.95975 40.77136
-73.97759 40.76698 -73.95144 40.7725
-73.93698 40.7768 -73.96525 40.75804
-74.0022 40.7256 -73.98736 40.75843
-73.97373 40.73306 -74.00553 40.70317
-73.99631 40.7525 -74.01483 40.71328
-73.99953 40.75219 -73.95908 40.77815
-74.00847 40.75633 -74.01216 40.71304
-73.96863 40.80534 -73.98577 40.778
-73.95996 40.80826 -73.94923 40.76966
-73.93611 40.76943 -73.96899 40.7537
-73.98918 40.7093 -74.00432 40.74015
-73.98617 40.71688 -73.96335 40.75752
-74.01488 40.70622 -74.00542 40.75621
-73.98139 40.77674 -73.99364 40.75077
-73.96045 40.76514 -74.01501 40.70062
-73.98327 40.70307 -74.00695 40.74882
-73.95919 40.77599 -73.94249 40.80154
-73.94948 40.78599 -73.99025 40.78846
-73.99267 40.73726 -73.97631 40.75464
-73.95908 40.78271 -73.97943 40.76742
-73.95197 40.77717 -73.96421 40.74791
-73.97498 40.73815 -73.98734 40.714
-73.94854 40.78149 -73.98721 40.73241
-73.98734 40.74991 -74.01136 40.71267
-73.99403 40.76676 -73.95575 40.77395
-73.99076 40.77125 -74.00931 40.72721
-73.98358 40.71273 -73.99856 40.74351
-73.97855 40.71575 -73.91876 40.79864
-73.97857 40.73136 -74.00275 40.71386
-73.99103 40.77818 -74.01395 40.72602
-73.97478 40.76434 -73.94408 40.79553
-73.94057 40.79405 -73.97517 40.7804
-73.99824 40.77376 -74.01313 40.72719
-73.96876 40.76157 -74.00637 40.71023
-74.00076 40.72114 -73.98587 40.74502
-73.99394 40.75444 -74.00156 40.72698
-73.97868 40.74096 -74.0093 40.70323
-73.97729 40.74672 -74.00683 40.70947
-73.95265 40.79573 -73.98761 40.77332
-73.97579 40.73215 -74.00937 40.70839
-73.93816 40.77512 -73.96267 40.75314
-73.98399 40.71323 -73.97588 40.75502
-73.99207 40.76417 -73.97618 40.73474
-73.97998 40.74319 -74.01391 40.71575
-73.98628 40.72967 -73.97555 40.75352
-73.95255 40.75997 -73.98995 40.7489
-74.00242 40.72813 -73.96641 40.75285
-74.00755 40.73939 -73.98752 40.75561
-73.96278 40.79027 -73.96628 40.76424
-73.96528 40.75021 -73.95103 40.78433
-73.96159 40.78392 -73.97632 40.76442
-73.96074 40.79651 -73.97912 40.7595
-74.00635 40.73349 -73.98323 40.75402
-74.01718 40.70773 -74.00383 40.75262
-73.97906 40.7405 -74.00798 40.70452
-73.95851 40.79917 -73.97334 40.78869
-74.00798 40.72186 -73.97559 40.72165
-74.00532 40.71953 -73.98385 40.74446
-73.98195 40.70314 -74.0022 40.74757
-73.98435 40.7764 -73.99316 40.74584
-73.98395 40.72771 -73.96538 40.75728
-73.9977 40.75874 -74.01419 40.71932
-73.98288 40.7798 -73.95564 40.75967
-73.98016 40.74847 -74.01546 40.7136
-73.98427 40.74372 -73.98 40.77797
-73.97179 40.7421 -73.99738 40.72847
-73.96738 40.76352 -73.99075 40.75034
-73.95467 40.77979 -73.97914 40.75291
-73.9875 40.75048 -74.01358 40.70343
-73.95215 40.77352 -73.98106 40.76172
-73.98428 40.73681 -73.95386 40.75864
-73.99253 40.71062 -74.00611 40.75396
-73.95231 40.71442 -73.92583 40.74172
-73.95809 40.79974 -73.98039 40.76824
-73.99012 40.78645 -73.96644 40.80212
-73.99873 40.71739 -73.99662 40.74964
-73.98064 40.7629 -73.9956 40.72987
-73.94406 40.78295 -73.96781 40.75662
-73.99941 40.74607 -73.94811 40.77091
-73.92087 40.77854 -73.95085 40.74822
-73.97052 40.75895 -74.00143 40.7094
-73.99669 40.76569 -73.95584 40.77803
-73.97618 40.78521 -73.95352 40.76451
-73.92397 40.74356 -73.9551 40.76355
-73.95876 40.78119 -74.00472 40.74834
-74.00881 40.75159 -74.01793 40.71146
-73.94518 40.77517 -73.98995 40.74422
-73.96971 40.79783 -73.97175 40.74968
-74.00842 40.72936 -73.98132 40.75709
-73.9601 40.77184 -74.01686 40.71087
-73.97988 40.75402 -73.99965 40.71183
-74.01468 40.70629 -73.99465 40.74474
-73.98547 40.75368 -74.01439 40.70321
-74.01078 40.71571 -73.97651 40.75902
-73.97062 40.7518 -74.00496 40.70498
-73.97258 40.79753 -73.97736 40.76261
-73.96358 40.79535 -73.96418 40.76616
-73.99865 40.71381 -73.99716 40.75665
-73.99721 40.71522 -73.99106 40.7505
-74.00318 40.73562 -73.98989 40.76767
-73.9867 40.76257 -74.01495 40.71063
-73.95114 40.77196 -73.98582 40.76129
-73.9805 40.756 -74.00192 40.71472
-73.98414 40.78422 -73.96982 40.80279
-73.972 40.76354 -73.96013 40.78559
-73.94007 40.79826 -73.97523 40.78185
-73.97715 40.78413 -73.94937 40.78445
-73.95471 40.80177 -73.99753 40.73831
-73.97468 40.7303 -74.00422 40.71067
-74.00719 40.72789 -73.9851 40.70378
-74.00656 40.73821 -73.97887 40.75
-73.99405 40.73462 -73.96296 40.75364
-73.94635 40.77628 -73.97761 40.75405
-73.936 40.79334 -73.97312 40.78666
-73.98095 40.74152 -73.96703 40.77272
-73.96497 40.77813 -73.99893 40.76211
-74.01665 40.71866 -73.99066 40.73063
-73.96222 40.77015 -73.97312 40.75578
-73.96723 40.77177 -73.99104 40.73707
-73.98801 40.78698 -74.00749 40.75941
-74.01152 40.70136 -74.00511 40.75309
-73.99112 40.75729 -73.95868 40.76791
-73.94721 40.7806 -73.98003 40.76683
-73.98513 40.75235 -74.0103 40.7041
-73.99284 40.74263 -73.96636 40.76552
-73.97294 40.72367 -73.96938 40.75404
-73.95427 40.78838 -73.99758 40.7499
-73.9673 40.79698 -73.99942 40.74995
-73.94899 40.78004 -73.97998 40.7559
-74.00474 40.73669 -73.97283 40.75396
-74.00141 40.7535 -73.98046 40.76054
-73.97377 40.79109 -74.00647 40.72378
-73.96206 40.78501 -73.98497 40.76982
-73.91597 40.77376 -73.9646 40.76023
-73.96009 40.79257 -73.98025 40.76586
-73.98503 40.75104 -73.97814 40.78093
-73.97979 40.76355 -74.00901 40.71939
-73.98567 40.74021 -73.96154 40.77
-73.9889 40.77495 -73.96742 40.79749
-73.95395 40.78978 -73.97462 40.76203
-73.94691 40.7111 -73.92582 40.74392
-74.00502 40.75126 -74.0114 40.72007
-74.00465 40.72409 -73.99 40.74149
-73.9815 40.78316 -73.96952 40.80684
-73.92543 40.79581 -73.98668 40.7338
-73.97987 40.75974 -73.99188 40.72708
-73.95606 40.78454 -73.99884 40.7529
-73.99112 40.77223 -74.01693 40.72521
-73.97254 40.76597 -73.99084 40.73211
-73.97779 40.74852 -74.01382 40.70777
-73.98894 40.70919 -74.00729 40.74516
-73.97219 40.73922 -74.00049 40.70615
-73.98593 40.75404 -74.01749 40.72971
-73.9658 40.7871 -73.97892 40.75413
-73.96248 40.75254 -73.95896 40.78745
-73.97603 40.74994 -73.96953 40.78827
-73.91918 40.74206 -73.95883 40.76306
-73.94261 40.70876 -73.97048 40.75426
-74.00699 40.75351 -74.01113 40.71124
-73.9902 40.70946 -74.00576 40.74859
-73.92186 40.76916 -73.99048 40.72397
-73.99783 40.72426 -74.01537 40.70552
-73.92227 40.7454 -73.95939 40.76033
-73.97576 40.76954 -73.94561 40.78369
-73.96989 40.76373 -73.98342 40.72949
-73.98264 40.71322 -73.94796 40.70167
-73.99034 40.73828 -74.01332 40.70393
-73.96071 40.75842 -73.95853 40.78193
-73.95473 40.78408 -73.96828 40.75938
-74.01752 40.70183 -73.99085 40.76011
-73.94017 40.77465 -73.9865 40.76198
-73.98868 40.75132 -73.95686 40.76043
-73.95111 40.78104 -73.96541 40.75882
-73.98759 40.72441 -74.01049 40.70302
-73.94704 40.77926 -73.97709 40.7609
-73.94826 40.77438 -73.993 40.75664
-74.00463 40.74143 -74.00445 40.71861
-73.97227 40.78067 -73.98202 40.75763
-73.98977 40.71946 -73.99674 40.74581
-73.98644 40.78378 -73.95424 40.76394
-73.93021 40.7649 -73.9588 40.74501
-73.98983 40.71615 -73.99574 40.7488
-73.97039 40.75476 -73.99825 40.72105
-73.97406 40.78076 -73.99955 40.76194
-73.92329 40.77656 -73.96241 40.76775
-73.98863 40.71657 -73.94899 40.71077
-73.96323 40.75998 -73.99907 40.74754
-73.99325 40.75741 -73.9738 40.77801
-73.99913 40.74166 -74.00906 40.7155
-73.95977 40.77814 -73.99676 40.76097
-73.9708 40.7543 -74.0028 40.7039
-74.00515 40.70407 -73.99095 40.75882
-73.92438 40.74253 -73.95691 40.76636
-73.96807 40.75088 -73.99105 40.72088
-73.97887 40.76023 -73.99466 40.73764
-73.93207 40.78361 -73.96391 40.78348
-73.97916 40.74273 -73.94659 40.77294
-73.95938 40.76987 -73.99824 40.74895
-74.01815 40.71083 -73.99103 40.74229
-73.96924 40.76998 -73.99193 40.73427
-73.99929 40.71382 -73.99152 40.75445
-73.96207 40.7833 -73.99054 40.75135
-73.98108 40.70967 -74.00587 40.74205
-73.96979 40.79316 -73.9958 40.76164
-73.97071 40.77262 -73.9843 40.75709
-73.97814 40.74412 -74.01503 40.7042
-73.96386 40.78121 -73.97545 40.76519
-73.99168 40.72165 -73.98192 40.75762
-73.95536 40.75117 -73.99376 40.74293
-73.99003 40.75508 -73.98048 40.78476
-73.95215 40.78183 -73.98138 40.73102
-73.98687 40.73952 -74.00404 40.75481
-73.98532 40.76772 -73.96966 40.79327
-73.98038 40.74039 -74.00871 40.7104
-73.97364 40.74332 -73.99692 40.72305
-73.97656 40.79235 -73.9966 40.75006
-73.98514 40.71681 -74.01111 40.70651
-73.98801 40.70366 -74.00768 40.74252
-73.9221 40.77224 -73.94841 40.74388
-73.95211 40.77095 -73.97959 40.78179
-73.98801 40.70485 -74.00455 40.74299
-73.96783 40.79979 -73.95812 40.77308
-73.98873 40.71608 -73.99298 40.74941
-73.99565 40.77837 -74.01465 40.72376
-73.99487 40.71057 -73.97802 40.74333
-73.98736 40.71818 -73.97226 40.75083
-73.96542 40.75755 -73.99899 40.75077
-73.97779 40.73177 -74.00114 40.74874
-73.97842 40.73852 -74.00038 40.70212
-73.94975 40.76907 -74.01051 40.72757
-73.97962 40.7857 -73.95831 40.80423
-73.9835 40.70168 -74.0022 40.73998
-73.98759 40.71534 -73.94544 40.70798
-73.97486 40.77949 -73.99078 40.75841
-73.99526 40.73166 -74.01521 40.70959
-73.94793 40.7793 -73.96811 40.75289
-74.01275 40.7088 -73.97604 40.74111
-73.98915 40.74383 -73.9964 40.71302
-73.97219 40.77998 -73.95764 40.76434
-73.95861 40.80848 -73.97901 40.76697
-73.92449 40.76517 -73.99141 40.72082
-73.97653 40.75127 -73.98748 40.71225
-73.9563 40.759 -73.99536 40.74205
-73.95241 40.7871 -73.97258 40.75072
-73.98948 40.71922 -74.01557 40.70964
-73.9818 40.7254 -74.01786 40.70982
-73.97476 40.74725 -73.96193 40.76072
-73.9443 40.71218 -73.92976 40.74644
-74.00424 40.70369 -73.95873 40.76166
-73.97945 40.79154 -73.9962 40.75197
-74.01513 40.71224 -73.98268 40.77515
-73.98513 40.74157 -74.01124 40.71278
-73.95125 40.78029 -73.96556 40.76146
-73.97365 40.74922 -73.99392 40.70958
-73.95868 40.77918 -73.97454 40.75778
-73.95968 40.77215 -73.97676 40.7535
-73.96777 40.77781 -73.93938 40.80375
-73.95876 40.80858 -73.97267 40.76866
-73.95102 40.78426 -73.97955 40.77128
-74.00331 40.74593 -74.01275 40.71709
-74.00085 40.73051 -73.98877 40.77522
-73.92454 40.76786 -73.99341 40.72831
-73.94405 40.77068 -73.99003 40.77584
-73.99998 40.73884 -73.97456 40.72209
-73.99002 40.72599 -74.01319 40.70239
-73.99827 40.77377 -74.01742 40.72575
-73.96116 40.76524 -73.97726 40.74385
-73.97778 40.77322 -73.94724 40.79602
-73.98844 40.74105 -73.96977 40.77217
-73.99415 40.77063 -74.01592 40.72949
-73.97635 40.76912 -74.00648 40.7551
-73.9386 40.70648 -73.96256 40.75453
-73.98719 40.75808 -73.95726 40.77375
-73.99077 40.73601 -73.95842 40.76853
-73.98433 40.70173 -74.00327 40.7481
-73.94994 40.71637 -73.9258 40.74181
-73.97255 40.71175 -73.92146 40.79041
-73.93037 40.79767 -73.98701 40.73627
-73.97862 40.72575 -74.00531 40.71762
-73.97246 40.79602 -73.93834 40.801
-73.98167 40.75263 -74.01419 40.70298
-73.99987 40.74149 -73.98015 40.75983
-74.00371 40.7427 -73.9889 40.76841
-73.96385 40.76173 -73.97896 40.73117
-73.97818 40.74742 -73.99533 40.72381
-73.98877 40.77647 -74.00569 40.74556
-74.00702 40.72157 -73.98585 40.75016
-74.01387 40.70772 -74.00438 40.75045
-73.99671 40.75381 -73.95948 40.7879
-73.98649 40.75477 -73.95983 40.77819
-73.93908 40.79075 -73.97881 40.78461
-73.96761 40.7599 -73.99986 40.70081
-73.92678 40.79072 -73.9817 40.73538
-73.98296 40.74429 -73.9664 40.77133
-74.00577 40.71834 -73.99986 40.75139
-73.94782 40.78032 -73.97409 40.76739
-73.99084 40.76212 -73.95568 40.77553
-74.00458 40.71868 -74.00102 40.7505
-73.97455 40.7209 -73.94542 40.77155
-73.94914 40.78341 -74.01238 40.70224
-73.93069 40.76295 -73.9835 40.73989
-73.97568 40.79861 -73.99022 40.75022
-74.00529 40.72167 -73.99956 40.76518
-73.93608 40.79331 -73.97835 40.78413
-73.98728 40.75903 -73.99727 40.7378
-73.94436 40.77208 -73.97372 40.77778
-73.97935 40.738 -74.00576 40.70853
-73.95885 40.75765 -73.99717 40.74498
-73.96018 40.78895 -73.9834 40.76652
-73.94794 40.77547 -73.97284 40.77205
-73.9849 40.78277 -73.95528 40.79062
-73.97751 40.74299 -74.00615 40.72214
-73.98392 40.75411 -74.00568 40.72192
-73.9756 40.78472 -73.99792 40.76724
-74.01022 40.71461 -74.0005 40.75409
-73.97869 40.72871 -73.94758 40.77172
-73.99007 40.71444 -73.96754 40.75451
-73.96587 40.75189 -73.98309 40.73692
-73.98795 40.71888 -73.9742 40.75937
-73.98323 40.77378 -73.9399 40.80689
-73.98403 40.75874 -74.01097 40.72005
-73.97884 40.74261 -74.00185 40.70924
-73.99645 40.77656 -74.01527 40.72787
-73.95563 40.75845 -73.99819 40.7435
-73.97424 40.77954 -73.99499 40.76792
