116.42821 39.862603 116.407202 39.905906
116.339835 39.920712 116.377108 39.954754
116.400452 39.937087 116.439718 39.946242
116.391544 39.918368 116.434745 39.933312
116.411014 39.874246 116.426684 39.923027
116.405745 39.920264 116.429701 39.939043
116.437852 39.943712 116.360822 39.905908
116.417348 39.86873 116.372063 39.861761
116.403102 39.904955 116.36261 39.880271
116.361591 39.87079 116.332881 39.953769
116.374251 39.890021 116.349474 39.940328
116.431514 39.940057 116.409817 39.890505
116.394386 39.860391 116.422873 39.904352
116.34232 39.886452 116.346662 39.92211
116.346188 39.928821 116.384566 39.951898
116.416657 39.942374 116.438391 39.916708
116.340918 39.851863 116.37024 39.867413
116.422419 39.903371 116.43491 39.94455
116.376138 39.871202 116.419192 39.882858
116.435691 39.881771 116.418247 39.915821
116.397825 39.856793 116.424014 39.899717
116.436658 39.9392 116.408416 39.890731
116.375651 39.953928 116.34888 39.927346
116.348613 39.927767 116.334096 39.903034
116.440934 39.879613 116.384907 39.888946
116.348443 39.850523 116.364981 39.866918
116.350711 39.909627 116.332175 39.890519
116.355008 39.933063 116.38831 39.947612
116.421493 39.858917 116.401862 39.906544
116.348897 39.886244 116.362199 39.900498
116.363792 39.880978 116.426734 39.901238
116.392049 39.925322 116.433351 39.929709
116.361859 39.851488 116.35452 39.881983
116.414794 39.887211 116.361955 39.906351
116.436543 39.956148 116.419246 39.900122
116.360427 39.862061 116.345835 39.895438
116.401979 39.896427 116.395107 39.861993
116.368295 39.873602 116.413697 39.923965
116.414371 39.881125 116.424511 39.847824
116.403075 39.95005 116.409345 39.902741
116.423017 39.848618 116.342898 39.890186
116.380741 39.944864 116.348202 39.949918
116.357437 39.935475 116.385216 39.956096
116.353766 39.898241 116.426999 39.916496
116.374977 39.912478 116.418126 39.904477
116.412397 39.881019 116.429539 39.850122
116.386293 39.84794 116.416795 39.897863
116.401938 39.891873 116.398523 39.866128
116.342135 39.888536 116.34272 39.939186
116.405798 39.914129 116.421288 39.888873
116.344643 39.867224 116.375943 39.903419
116.409586 39.865531 116.402175 39.911259
116.41137 39.899468 116.399292 39.95647
116.386089 39.950605 116.375498 39.928231
116.413433 39.941072 116.437426 39.911143
116.398766 39.957007 116.417774 39.895526
116.3772 39.849486 116.402813 39.854379
116.368243 39.882568 116.407776 39.860056
116.378454 39.872967 116.416586 39.885742
116.410763 39.919924 116.425696 39.94373
116.410066 39.957185 116.412059 39.908326
116.361554 39.909352 116.38708 39.943125
116.370718 39.949029 116.344204 39.931259
116.387168 39.927707 116.332614 39.926054
116.378507 39.952263 116.347822 39.931321
116.351744 39.957492 116.359044 39.903466
116.34215 39.889332 116.42032 39.894352
116.387282 39.85921 116.423425 39.928062
116.402287 39.92337 116.431138 39.941874
116.352785 39.900279 116.428815 39.911302
116.40156 39.950864 116.413379 39.909928
116.397297 39.928836 116.436527 39.94474
116.433161 39.909647 116.420069 39.949305
116.360551 39.866697 116.333991 39.952812
116.411453 39.883023 116.423603 39.851339
116.411772 39.945703 116.378853 39.889226
116.440328 39.861873 116.407449 39.85492
116.352835 39.905974 116.421746 39.912369
116.437324 39.851233 116.422439 39.913921
116.431193 39.883649 116.41314 39.914093
116.408551 39.935331 116.422525 39.902559
116.425213 39.911665 116.438753 39.875894
116.423354 39.889721 116.400458 39.900099
116.435758 39.945575 116.370496 39.903565
116.331429 39.926124 116.37088 39.949407
116.408742 39.857991 116.405002 39.90768
116.357275 39.939334 116.357371 39.903033
116.377238 39.871407 116.424688 39.868333
116.401104 39.925068 116.434099 39.900107
116.335185 39.924549 116.387323 39.895392
116.416444 39.871536 116.353005 39.903213
116.366349 39.955744 116.417983 39.907051
116.340101 39.923668 116.388608 39.893418
116.369339 39.888943 116.336234 39.941572
116.351708 39.851494 116.416882 39.849394
116.366193 39.861136 116.347655 39.895483
116.440539 39.901165 116.422065 39.9397
116.384446 39.932355 116.335684 39.92069
116.369144 39.926537 116.410914 39.873001
116.376214 39.923126 116.410083 39.94793
116.403855 39.934077 116.422694 39.899496
116.426139 39.855243 116.349809 39.891434
116.424957 39.954254 116.378151 39.942734
116.415144 39.926948 116.408441 39.95
116.406412 39.954195 116.408367 39.903626
116.435625 39.918956 116.350521 39.906284
116.343363 39.91921 116.376333 39.873809
116.432289 39.944196 116.42339 39.903913
116.361335 39.938148 116.3441 39.94338
116.412375 39.870562 116.424781 39.896996
116.337019 39.907364 116.341076 39.937743
116.377695 39.939344 116.413615 39.889428
116.393072 39.925144 116.437697 39.934514
116.379774 39.927041 116.405063 39.951085
116.433219 39.940887 116.428582 39.898836
116.362508 39.943056 116.342686 39.938134
116.410861 39.928564 116.428197 39.902256
116.331935 39.90191 116.378647 39.930895
116.374966 39.932825 116.410929 39.955425
116.370322 39.854267 116.404667 39.872682
116.350144 39.932266 116.383098 39.940161
116.430415 39.933556 116.385005 39.886824
116.341888 39.904747 116.362994 39.893669
116.419126 39.898377 116.382218 39.952477
116.361337 39.867217 116.419457 39.918673
116.421074 39.930421 116.381565 39.893032
116.418282 39.866236 116.370442 39.914807
116.421208 39.949263 116.431161 39.927052
116.398564 39.953546 116.336345 39.915137
116.353792 39.853326 116.411853 39.855484
116.333192 39.885758 116.352496 39.906657
116.40256 39.927127 116.423032 39.940389
116.438414 39.929456 116.399551 39.923423
116.386184 39.955769 116.399163 39.846549
116.413388 39.950334 116.369274 39.951434
116.423491 39.865881 116.410756 39.90529
116.375296 39.93195 116.407075 39.951029
116.416944 39.924724 116.401336 39.949734
116.371091 39.87355 116.421249 39.870478
116.414386 39.872778 116.424628 39.91722
116.370994 39.935358 116.401685 39.955284
116.410877 39.861325 116.435243 39.929307
116.420653 39.87505 116.35426 39.903851
116.405781 39.906608 116.365669 39.930809
116.33901 39.885047 116.357904 39.898993
116.438564 39.88052 116.384104 39.891192
116.362354 39.878753 116.426559 39.900905
116.420984 39.873964 116.386443 39.881969
116.406236 39.925839 116.428913 39.947355
116.411073 39.90939 116.406162 39.949916
116.340643 39.885924 116.344212 39.920155
116.385769 39.930754 116.330378 39.920884
116.435114 39.857955 116.345505 39.884689
116.363075 39.911331 116.383157 39.943952
116.405494 39.925817 116.434332 39.898181
116.371058 39.920578 116.422463 39.911206
116.438027 39.922982 116.393812 39.905625
116.374288 39.93669 116.403291 39.949716
116.408768 39.926797 116.435747 39.902757
116.418436 39.894778 116.42553 39.852054
116.372617 39.933139 116.409261 39.94945
116.42343 39.95079 116.374229 39.939781
116.364667 39.896146 116.411058 39.878584
116.40349 39.895372 116.392912 39.861578
116.367294 39.908775 116.388096 39.893475
116.359331 39.9002 116.429772 39.907224
116.413509 39.883103 116.422322 39.853265
116.423243 39.874544 116.416266 39.899796
116.436357 39.923379 116.394981 39.897088
116.380572 39.871655 116.360235 39.899859
116.390435 39.932192 116.43822 39.891806
116.408109 39.910677 116.363273 39.901832
116.362585 39.916246 116.388173 39.94052
116.37616 39.870405 116.356363 39.904599
116.407933 39.927095 116.432364 39.938838
116.411157 39.944155 116.435707 39.912976
116.423399 39.917835 116.397245 39.88767
116.390146 39.944587 116.34837 39.953684
116.365548 39.927797 116.383532 39.890039
116.437654 39.941179 116.390404 39.899318
116.428998 39.864906 116.410292 39.899061
116.41014 39.934394 116.421308 39.901132
116.402661 39.860374 116.409279 39.911533
116.42039 39.86958 116.382649 39.877235
116.396929 39.956507 116.415686 39.888095
116.338457 39.922756 116.380755 39.88928
116.349852 39.879988 116.346257 39.920107
116.352943 39.95582 116.360397 39.898977
116.342447 39.885673 116.348473 39.924327
116.361765 39.93195 116.383308 39.896192
116.350464 39.887369 116.425477 39.893197
116.379373 39.854847 116.359653 39.868063
116.440681 39.93656 116.400461 39.926576
116.331527 39.873364 116.406713 39.862434
116.342106 39.933101 116.343287 39.881145
116.426692 39.887389 116.397507 39.910073
116.372509 39.874585 116.411004 39.880253
116.43997 39.895262 116.435031 39.937555
116.371447 39.9235 116.374639 39.905992
116.380532 39.871048 116.419358 39.880206
116.333663 39.860008 116.373942 39.85393
116.38491 39.906121 116.375581 39.878423
116.357955 39.894405 116.423959 39.928355
116.343864 39.933201 116.346678 39.878138
116.392702 39.86529 116.429103 39.901954
116.381751 39.949883 116.39163 39.847977
116.431195 39.849897 116.421251 39.908548
116.342829 39.93879 116.341141 39.867891
116.420247 39.947032 116.434476 39.913384
116.440648 39.851958 116.42238 39.911595
116.429897 39.866836 116.403249 39.918007
116.338293 39.861538 116.377099 39.848288
116.362299 39.861725 116.420586 39.876675
116.388014 39.863136 116.421474 39.872928
116.413847 39.955608 116.372687 39.947787
116.423443 39.952777 116.424869 39.926647
116.335258 39.888872 116.418159 39.897832
116.379435 39.925556 116.426836 39.90729
116.437547 39.899214 116.417533 39.918447
116.334272 39.890482 116.391162 39.897934
116.342801 39.852941 116.364141 39.871536
116.437709 39.920753 116.394915 39.904456
116.437715 39.946034 116.366882 39.901721
116.393449 39.952312 116.419407 39.907946
116.335845 39.879744 116.358378 39.899961
116.371831 39.873952 116.428255 39.874792
116.343634 39.910843 116.379177 39.867862
116.341173 39.931062 116.393835 39.937965
116.405226 39.903979 116.369348 39.936534
116.435193 39.949232 116.408507 39.848241
116.415923 39.923758 116.378498 39.923664
116.357604 39.847948 116.414923 39.849838
116.341544 39.957303 116.379653 39.941434
116.369985 39.871837 116.332717 39.95006
116.414395 39.871559 116.384545 39.878356
116.367824 39.949437 116.394512 39.928946
116.379193 39.851972 116.404706 39.850626
116.349135 39.882672 116.341199 39.922537
116.346124 39.882291 116.368514 39.903657
116.375478 39.939429 116.420435 39.892061
116.366217 39.851097 116.343101 39.867883
116.405013 39.872062 116.419995 39.898356
116.438654 39.941222 116.404927 39.896302
116.390073 39.952848 116.400222 39.848686
116.404626 39.912877 116.366609 39.906837
116.366938 39.857199 116.344639 39.889905
116.360623 39.947212 116.341534 39.947064
116.371149 39.930062 116.408392 39.948804
116.438141 39.924474 116.37452 39.902678
116.375173 39.950664 116.412888 39.945555
116.407564 39.932474 116.419763 39.897671
116.371625 39.90756 116.420338 39.901508
116.41723 39.851649 116.422668 39.90544
116.364483 39.892514 116.392397 39.913945
116.429647 39.92084 116.417988 39.950912
116.338249 39.876778 116.355186 39.901176
116.365054 39.908612 116.387149 39.888703
116.345557 39.855795 116.360661 39.87471
116.377875 39.954222 116.344207 39.931864
116.409464 39.937406 116.429805 39.929121
116.374257 39.893368 116.413557 39.913381
116.415066 39.907205 116.403359 39.949287
116.383902 39.938895 116.346723 39.955234
116.394231 39.851805 116.441234 39.87503
116.368459 39.857943 116.420663 39.87027
116.414136 39.899968 116.384778 39.956547
116.363294 39.863103 116.341649 39.889251
116.35434 39.852462 116.419012 39.848639
116.373285 39.888824 116.345846 39.945734
116.420234 39.934255 116.373287 39.908724
116.342089 39.854103 116.366286 39.87471
116.399139 39.89121 116.34318 39.893636
116.339992 39.888002 116.417194 39.903542
116.415974 39.920715 116.402258 39.954029
116.433775 39.891451 116.376896 39.950815
116.414812 39.952725 116.331518 39.904023
116.370714 39.935198 116.400942 39.950293
116.36942 39.926673 116.409922 39.869331
116.357067 39.89696 116.421966 39.917033
116.421907 39.859986 116.425766 39.887417
116.413889 39.897437 116.381515 39.883627
116.434352 39.870247 116.429258 39.907561
116.416595 39.919049 116.378315 39.918725
116.441129 39.884381 116.381468 39.893953
116.434103 39.895474 116.419872 39.899099
116.39776 39.951386 116.417021 39.892863
116.350218 39.920446 116.426885 39.898852
116.435624 39.895902 116.374116 39.952258
116.3695 39.908259 116.430797 39.919235
116.401675 39.948736 116.428921 39.911728
116.339575 39.862198 116.380278 39.847156
116.417335 39.927755 116.435067 39.899785
116.436883 39.904976 116.418134 39.918717
116.427248 39.857157 116.408906 39.903265
116.360134 39.893842 116.354771 39.930928
116.365654 39.854389 116.34964 39.867892
116.418473 39.940323 116.37263 39.891866
116.379205 39.938752 116.410992 39.891117
116.414782 39.933076 116.380384 39.909058
116.336097 39.870744 116.403966 39.860616
