116.370584 39.869542 116.355981 39.903445
116.418931 39.908555 116.409742 39.947975
116.414538 39.915996 116.432877 39.887673
116.380554 39.886595 116.384772 39.847699
116.430105 39.866214 116.408793 39.897875
116.377216 39.880585 116.383464 39.851436
116.383495 39.936032 116.332674 39.927191
116.335592 39.905173 116.379159 39.930338
116.362915 39.84855 116.352001 39.886159
116.40353 39.861345 116.43574 39.933804
116.412556 39.92573 116.349297 39.931074
116.396348 39.949358 116.417771 39.894424
116.436633 39.855674 116.428715 39.910537
116.346224 39.879005 116.367597 39.905851
116.350431 39.935751 116.385519 39.950876
116.422798 39.900769 116.39724 39.912612
116.422618 39.847065 116.34657 39.888639
116.412225 39.903617 116.435369 39.92983
116.436365 39.902172 116.366855 39.939882
116.35226 39.95182 116.350499 39.899891
116.341247 39.950513 116.371724 39.941251
116.340785 39.927983 116.426353 39.901122
116.416144 39.859555 116.388795 39.847753
116.407631 39.950516 116.405989 39.902585
116.408239 39.943806 116.427536 39.932541
116.345495 39.945312 116.350104 39.866618
116.4212 39.948032 116.335493 39.917999
116.433726 39.884945 116.416772 39.91208
116.429113 39.928651 116.42829 39.915712
116.351066 39.883454 116.368243 39.925879
116.410896 39.889676 116.391972 39.861985
116.409829 39.927411 116.423241 39.899267
116.338609 39.881834 116.350759 39.901353
116.334407 39.936492 116.379318 39.95085
116.362081 39.886271 116.407644 39.858908
116.4259 39.918619 116.395493 39.887731
116.337995 39.920915 116.386259 39.895309
116.360969 39.896044 116.331732 39.937738
116.433167 39.875751 116.41806 39.895746
116.439971 39.87118 116.422895 39.910266
116.39614 39.883876 116.438906 39.934249
116.430634 39.896585 116.387025 39.955556
116.373557 39.8917 116.437966 39.896232
116.390995 39.933369 116.437405 39.943848
116.421776 39.909264 116.379858 39.957519
116.426462 39.865656 116.40162 39.899747
116.345102 39.879904 116.347186 39.92075
116.392938 39.933694 116.431451 39.94416
116.397921 39.928981 116.436469 39.939194
116.381378 39.876887 116.428196 39.891797
116.396107 39.871528 116.364418 39.870698
116.422622 39.904811 116.362496 39.920556
116.420111 39.899525 116.362575 39.905805
116.430031 39.869121 116.406434 39.923262
116.431963 39.872935 116.41431 39.902652
116.367537 39.919931 116.402999 39.875909
116.401585 39.940308 116.336701 39.912999
116.380409 39.939041 116.418565 39.936785
116.351599 39.872738 116.339808 39.877444
116.390062 39.936123 116.431558 39.888825
116.391758 39.866655 116.362267 39.868249
116.383165 39.927297 116.437202 39.891311
116.426791 39.85227 116.346741 39.889066
116.346088 39.859906 116.384286 39.906727
116.419878 39.87659 116.440911 39.894418
116.362884 39.910046 116.39043 39.947187
116.348254 39.882656 116.360503 39.90532
116.349594 39.935472 116.382955 39.950849
116.374802 39.88814 116.437228 39.892004
116.368457 39.908197 116.430493 39.926842
116.34064 39.901752 116.422304 39.911723
116.424015 39.952251 116.338291 39.923871
116.392312 39.920849 116.435485 39.927253
116.433647 39.875875 116.413561 39.894576
116.340386 39.914889 116.378496 39.875595
116.422482 39.906563 116.409539 39.852562
116.415483 39.947831 116.330458 39.898342
116.439711 39.954274 116.426322 39.887373
116.392732 39.936686 116.441127 39.944396
116.427241 39.930542 116.387365 39.894695
116.350918 39.953416 116.413916 39.9524
116.394223 39.931176 116.435397 39.943545
116.346331 39.884591 116.390427 39.875613
116.431739 39.923988 116.359418 39.906996
116.412527 39.904901 116.381355 39.880416
116.43913 39.904621 116.420651 39.925059
116.41571 39.867842 116.356468 39.896997
116.349177 39.932747 116.38988 39.955084
116.355859 39.943897 116.354908 39.905389
116.423298 39.912788 116.378979 39.948117
116.412098 39.91518 116.439448 39.890417
116.423562 39.918265 116.397015 39.95408
116.439281 39.954625 116.355479 39.907453
116.337707 39.924522 116.37772 39.952853
116.390978 39.904558 116.426097 39.912125
116.385219 39.880248 116.429563 39.887326
116.341943 39.907643 116.376477 39.867569
116.421669 39.847926 116.346209 39.893714
116.403997 39.938403 116.338658 39.917055
116.362848 39.848853 116.412366 39.914411
116.399501 39.926751 116.440024 39.928581
116.41622 39.876552 116.42155 39.92345
116.340994 39.905975 116.347374 39.933049
116.370399 39.859768 116.417638 39.871803
116.440485 39.876171 116.428863 39.906998
116.391146 39.922355 116.439021 39.936307
116.343343 39.892034 116.413623 39.892364
116.403024 39.953546 116.438 39.952821
116.362226 39.891463 116.332503 39.944093
116.387607 39.852389 116.344897 39.878525
116.332937 39.924705 116.371544 39.952045
116.423832 39.849273 116.345012 39.896038
116.373436 39.891206 116.340974 39.942796
116.43591 39.866837 116.416821 39.894389
116.429035 39.95358 116.338528 39.922582
116.337757 39.930659 116.372249 39.952399
116.359431 39.906104 116.402054 39.89383
116.382917 39.865335 116.370241 39.896064
116.42262 39.905076 116.377758 39.954689
116.422051 39.900991 116.387859 39.902099
116.344363 39.863165 116.388202 39.902761
116.389063 39.867252 116.347383 39.877902
116.367352 39.942985 116.429916 39.956854
116.414632 39.910045 116.43694 39.893522
116.418356 39.91195 116.410643 39.950351
116.436163 39.909862 116.439472 39.949342
116.342388 39.943474 116.406668 39.903885
116.370673 39.883066 116.365605 39.862298
116.410006 39.952385 116.430239 39.908785
116.406768 39.953 116.415598 39.909248
116.364036 39.860912 116.417977 39.876039
116.368101 39.889718 116.33094 39.941092
116.397486 39.931206 116.437357 39.943342
116.331385 39.870595 116.403449 39.862633
116.372659 39.937223 116.4054 39.954835
116.428614 39.870978 116.406601 39.917154
116.37347 39.848962 116.353413 39.867089
116.430486 39.917018 116.437045 39.873864
116.345874 39.932554 116.395674 39.942737
116.423248 39.918486 116.417339 39.951668
116.343717 39.890014 116.415517 39.89654
116.436584 39.874537 116.430244 39.915495
116.373787 39.90201 116.341408 39.867989
116.347186 39.943869 116.40201 39.905411
116.392705 39.954458 116.416573 39.887714
116.362514 39.938574 116.424182 39.949812
116.330881 39.928601 116.375942 39.949753
116.415763 39.921677 116.371387 39.890545
116.428239 39.952121 116.332837 39.918961
116.365938 39.862845 116.412116 39.868287
116.346668 39.873404 116.411536 39.850049
116.345337 39.891802 116.343439 39.945083
116.336752 39.897069 116.372422 39.933713
116.347401 39.890612 116.342095 39.952816
116.429855 39.920626 116.391585 39.890725
116.40714 39.933752 116.428306 39.899851
116.345682 39.906913 116.365916 39.894237
116.399754 39.864892 116.429709 39.899536
116.341064 39.912753 116.378023 39.869457
116.416596 39.917576 116.372097 39.919265
116.368122 39.891019 116.395415 39.916424
116.414087 39.874615 116.430704 39.919578
116.420588 39.915409 116.413211 39.940777
116.345741 39.860144 116.383213 39.904805
116.352423 39.852881 116.411725 39.848028
116.425934 39.918817 116.419006 39.956892
116.379606 39.890266 116.418134 39.912486
116.347654 39.946048 116.408275 39.905294
116.366392 39.891928 116.418849 39.884754
116.359199 39.892942 116.421678 39.889648
116.368623 39.891159 116.417361 39.882018
116.432588 39.870967 116.419137 39.898586
116.403438 39.935742 116.424065 39.906062
116.360378 39.91542 116.335076 39.895056
116.336671 39.930975 116.372194 39.950968
116.417036 39.908774 116.440618 39.890129
116.357758 39.851794 116.419267 39.8529
116.377938 39.888474 116.435203 39.890582
116.341917 39.882897 116.38978 39.869682
116.427908 39.846456 116.34901 39.892508
116.400535 39.918355 116.439216 39.934826
116.397381 39.948632 116.331682 39.909578
116.377751 39.85225 116.354883 39.876195
116.362536 39.863409 116.416094 39.866654
116.427668 39.890287 116.396314 39.910166
116.346245 39.935896 116.390232 39.94551
116.356248 39.892989 116.428194 39.927504
116.418383 39.923477 116.37614 39.888206
116.437961 39.855573 116.428461 39.916513
116.379416 39.85354 116.377796 39.897178
116.401756 39.873583 116.413019 39.902
116.378261 39.890754 116.438628 39.895243
116.370305 39.876275 116.419429 39.924664
116.43609 39.884542 116.340557 39.884373
116.357768 39.896698 116.437752 39.887012
116.39277 39.957121 116.416847 39.913084
116.386955 39.847584 116.417028 39.90481
116.380509 39.916297 116.420427 39.897091
116.373182 39.923111 116.422958 39.915871
116.342548 39.85661 116.384822 39.898585
116.343725 39.886926 116.341524 39.9521
116.409589 39.865062 116.436356 39.935121
116.40378 39.95345 116.440539 39.955753
116.349977 39.915829 116.372164 39.871857
116.349575 39.911202 116.375993 39.884469
116.395809 39.891512 116.347119 39.88843
116.421838 39.919923 116.39785 39.891157
116.351755 39.894233 116.355744 39.93338
116.387653 39.859906 116.364044 39.892016
116.338726 39.925863 116.371165 39.954077
116.380294 39.94463 116.412264 39.936621
116.342716 39.90659 116.389122 39.95211
116.364111 39.869562 116.335645 39.949369
116.345653 39.858124 116.381343 39.905255
116.371473 39.888775 116.401894 39.854151
116.341385 39.954897 116.374074 39.941327
116.367222 39.877117 116.415223 39.891637
116.42046 39.870089 116.430423 39.924261
116.411604 39.879637 116.422391 39.85247
116.359426 39.881905 116.373892 39.901597
116.400668 39.870072 116.369032 39.871513
116.38982 39.867173 116.341104 39.877063
116.338336 39.916385 116.341551 39.946395
116.33702 39.932091 116.372847 39.947956
116.416967 39.926807 116.37875 39.887256
116.440254 39.940086 116.383967 39.902337
116.424201 39.937147 116.389109 39.890567
116.337218 39.914177 116.349681 39.944548
116.370079 39.886715 116.422425 39.899343
116.366891 39.849968 116.420609 39.880465
116.347219 39.933382 116.393953 39.945743
116.432232 39.878457 116.3849 39.896454
116.342928 39.943065 116.408049 39.901027
116.3732 39.875816 116.417013 39.876844
116.35212 39.884986 116.363876 39.924905
116.419109 39.849872 116.424216 39.906461
116.40331 39.950037 116.41952 39.914589
116.378967 39.846904 116.338873 39.882011
116.334109 39.872746 116.402869 39.85853
116.417918 39.848511 116.437458 39.906594
116.377162 39.894115 116.342911 39.943857
116.36606 39.950754 116.415903 39.912436
116.367498 39.846486 116.411471 39.912025
116.378875 39.886842 116.417605 39.916977
116.408727 39.865524 116.405919 39.916016
116.42311 39.950486 116.41657 39.932118
116.378426 39.847849 116.338952 39.877403
116.358988 39.892971 116.439117 39.892754
116.352604 39.892443 116.427369 39.934722
116.34964 39.888913 116.342223 39.938858
116.386486 39.881176 116.427437 39.888393
116.361402 39.920425 116.40896 39.872593
116.369276 39.86172 116.420314 39.869144
116.370368 39.885449 116.416567 39.89469
116.380459 39.855288 116.360115 39.87276
116.436209 39.904383 116.376256 39.851596
116.334307 39.91586 116.346576 39.94648
116.37532 39.889294 116.408023 39.854394
116.416142 39.874639 116.428379 39.91735
116.335683 39.919676 116.371882 39.955984
116.397822 39.949227 116.33256 39.909675
116.338124 39.924484 116.386552 39.896578
116.331991 39.932954 116.372997 39.95642
116.358926 39.890082 116.432578 39.896584
116.346319 39.866519 116.385742 39.905062
116.38685 39.882336 116.427134 39.889698
116.348112 39.907484 116.372542 39.876651
116.427085 39.91081 116.426182 39.93849
116.349047 39.9552 116.373275 39.94697
116.379274 39.8514 116.354301 39.86714
116.364714 39.861414 116.412832 39.874627
116.377767 39.916112 116.412614 39.901
116.423297 39.93418 116.427476 39.916575
116.436301 39.924471 116.393197 39.905207
116.359532 39.891467 116.43059 39.927612
116.41636 39.906677 116.367829 39.910508
116.392258 39.888955 116.427296 39.901354
116.354465 39.888575 116.427775 39.930043
116.358641 39.893211 116.428281 39.892892
116.364233 39.883187 116.404755 39.861003
116.333173 39.931059 116.377481 39.950032
116.419368 39.884575 116.424839 39.847103
116.408816 39.887542 116.400503 39.861812
116.353344 39.913095 116.336356 39.893204
116.362157 39.947134 116.428255 39.955376
116.384762 39.927954 116.435212 39.894266
116.405391 39.942075 116.42829 39.93535
116.343735 39.870383 116.378669 39.901243
116.408111 39.895444 116.393408 39.857799
116.414674 39.897624 116.400204 39.955837
116.345972 39.914544 116.370822 39.874242
116.339728 39.859148 116.375498 39.853597
116.356918 39.888636 116.424897 39.93671
116.357157 39.91667 116.330807 39.894194
116.382411 39.930084 116.438819 39.887917
116.384662 39.88315 116.422432 39.891355
116.436109 39.926517 116.420228 39.91257
116.333305 39.903889 116.374493 39.930388
116.425869 39.928711 116.383167 39.889274
116.423368 39.917967 116.413928 39.885517
