116.374938 39.881757 116.412038 39.947585
116.331594 39.870314 116.404565 39.862706
116.398774 39.878432 116.43252 39.931236
116.390518 39.853621 116.419683 39.876459
116.432212 39.95122 116.413713 39.900013
116.354381 39.932085 116.38436 39.949454
116.439372 39.902784 116.427916 39.940507
116.440574 39.865303 116.346253 39.88589
116.40926 39.86274 116.353401 39.895063
116.346534 39.91208 116.376409 39.869622
116.348117 39.911923 116.374533 39.882721
116.410094 39.86234 116.404149 39.908285
116.371543 39.858407 116.4115 39.90824
116.330575 39.873762 116.404478 39.861877
116.439018 39.860374 116.411722 39.885311
116.396664 39.93644 116.440694 39.937689
116.431219 39.884569 116.418348 39.916909
116.354008 39.942871 116.430114 39.931147
116.381011 39.847489 116.331806 39.892545
116.402282 39.890962 116.396861 39.859703
116.421943 39.86098 116.368582 39.848632
116.370247 39.901733 116.441088 39.895922
116.436464 39.952706 116.408818 39.850308
116.367906 39.858628 116.412728 39.870702
116.347593 39.950206 116.374797 39.940247
116.405893 39.941376 116.427035 39.929427
116.412609 39.943765 116.396188 39.952796
116.35123 39.884053 116.363598 39.923122
116.426783 39.854721 116.34207 39.89333
116.39281 39.860154 116.427757 39.90339
116.423265 39.897239 116.430836 39.853754
116.38914 39.936905 116.434684 39.889403
116.430896 39.956142 116.374962 39.941252
116.410664 39.950321 116.405466 39.898416
116.359655 39.9327 116.382 39.952895
116.40694 39.949633 116.432555 39.947883
116.37365 39.851045 116.379043 39.899105
116.344268 39.953861 116.373071 39.947439
116.438837 39.892214 116.405372 39.897217
116.334237 39.911451 116.345944 39.945266
116.42738 39.863318 116.401483 39.90621
116.431034 39.859745 116.421484 39.893644
116.341761 39.921193 116.350135 39.952469
116.356386 39.906006 116.403182 39.895409
116.42021 39.862914 116.387364 39.850627
116.360505 39.938368 116.424483 39.954541
116.412106 39.911362 116.406898 39.949027
116.386331 39.900532 116.344197 39.953168
116.338644 39.899336 116.377653 39.936362
116.426746 39.863044 116.410787 39.903667
116.361067 39.913671 116.389818 39.893139
116.350847 39.867961 116.33421 39.8839
116.331487 39.858593 116.374174 39.852806
116.402465 39.904831 116.367437 39.8864
116.335139 39.925803 116.390358 39.892885
116.34657 39.853223 116.367674 39.867152
116.403654 39.895189 116.399263 39.862143
116.369741 39.887673 116.411573 39.881421
116.344027 39.931496 116.394563 39.937439
116.370869 39.855325 116.408096 39.85235
116.413788 39.909057 116.410245 39.953079
116.380588 39.956418 116.419829 39.939132
116.378216 39.944774 116.419046 39.932774
116.332989 39.861601 116.374414 39.850857
116.349206 39.853502 116.366519 39.874594
116.353728 39.893719 116.357963 39.932565
116.422958 39.927662 116.380895 39.892346
116.415993 39.873937 116.353605 39.903808
116.398663 39.883223 116.44063 39.928015
116.360797 39.902623 116.419154 39.854861
116.431494 39.896977 116.419573 39.918368
116.340791 39.94458 116.402739 39.897485
116.413932 39.891054 116.427779 39.84981
116.399247 39.948571 116.414289 39.910526
116.408809 39.860353 116.356664 39.896079
116.365136 39.922849 116.40913 39.874513
116.383733 39.84966 116.417114 39.897602
116.409464 39.857928 116.359261 39.886907
116.414131 39.867095 116.437106 39.886973
116.344493 39.858184 116.383755 39.897032
116.331876 39.867097 116.408476 39.859279
116.385578 39.933015 116.44055 39.889842
116.421329 39.902089 116.397767 39.892396
116.419391 39.896726 116.367161 39.903518
116.392632 39.884076 116.439526 39.932642
116.370584 39.864024 116.350948 39.895059
116.349057 39.945062 116.408646 39.901975
116.359563 39.880823 116.360541 39.918684
116.439683 39.903861 116.430344 39.942747
116.43062 39.858922 116.404926 39.899051
116.383959 39.850952 116.348203 39.885639
116.374675 39.899462 116.420149 39.913637
116.347806 39.927145 116.422396 39.904983
116.413159 39.907393 116.414002 39.941324
116.361159 39.888981 116.399787 39.916594
116.418195 39.853105 116.430848 39.903652
116.399276 39.933901 116.439089 39.947382
116.333166 39.912423 116.345379 39.937777
116.438114 39.926756 116.411726 39.912958
116.378376 39.940347 116.414157 39.935825
116.417433 39.847485 116.349874 39.875188
116.351989 39.884309 116.375716 39.902096
116.373823 39.881743 116.380643 39.849571
116.33342 39.86884 116.40769 39.863938
116.432331 39.891693 116.40817 39.904353
116.428582 39.943077 116.340208 39.952169
116.401928 39.864285 116.403366 39.915323
116.365985 39.899926 116.436899 39.888465
116.364948 39.933747 116.389798 39.890188
116.429144 39.854651 116.344857 39.894748
116.359937 39.877453 116.366667 39.925913
116.386663 39.938725 116.435061 39.941033
116.412862 39.91542 116.434713 39.889909
116.332686 39.918722 116.382506 39.89225
116.37447 39.952533 116.34845 39.930324
116.347885 39.901011 116.360608 39.892998
116.412867 39.931693 116.43515 39.904077
116.399536 39.903164 116.347343 39.923883
116.348737 39.872856 116.371049 39.892599
116.410582 39.89841 116.369902 39.877741
116.385875 39.855498 116.418701 39.867535
116.362638 39.853356 116.414184 39.909155
116.419129 39.875263 116.434319 39.887642
116.389816 39.86406 116.422804 39.934837
116.427728 39.868734 116.40797 39.922991
116.392463 39.885323 116.437931 39.937081
116.360121 39.936172 116.385529 39.94867
116.415884 39.917415 116.371739 39.88976
116.42389 39.898593 116.422105 39.951546
116.332579 39.916723 116.350118 39.945887
116.375187 39.927966 116.408422 39.953999
116.407257 39.919888 116.427217 39.941972
116.413293 39.882791 116.429855 39.849429
116.38001 39.941118 116.416596 39.936133
116.372963 39.897892 116.348967 39.875834
116.394287 39.924657 116.438816 39.933085
116.352392 39.88381 116.36792 39.917697
116.414116 39.873804 116.422292 39.902581
116.415728 39.883527 116.424124 39.850372
116.411084 39.907226 116.419131 39.941299
116.380725 39.853148 116.337102 39.890637
116.4383 39.924442 116.39134 39.897379
116.421296 39.857837 116.406816 39.898959
116.420109 39.911335 116.433137 39.888347
116.350742 39.932184 116.385331 39.948086
116.339634 39.915553 116.341009 39.941646
116.386473 39.951678 116.422052 39.904189
116.406053 39.847257 116.377693 39.870712
116.384635 39.866746 116.346561 39.885544
116.346349 39.929171 116.336608 39.897407
116.385782 39.855903 116.418358 39.903669
116.388812 39.855351 116.346269 39.882876
116.437193 39.864121 116.340616 39.884139
116.374116 39.9075 116.413431 39.900344
116.359639 39.873017 116.33616 39.886696
116.409427 39.949855 116.412643 39.908537
116.364429 39.847034 116.402961 39.87502
116.336091 39.916938 116.34194 39.940214
116.440592 39.929077 116.399255 39.919762
116.352729 39.878049 116.374738 39.906677
116.334742 39.861318 116.378725 39.848895
116.421208 39.853125 116.340707 39.889136
116.349822 39.911338 116.370977 39.881069
116.406778 39.8733 116.380683 39.892323
116.360297 39.902363 116.423719 39.909362
116.359419 39.954086 116.357217 39.90022
116.344677 39.903708 116.42801 39.916997
116.368746 39.944433 116.341419 39.938395
116.368188 39.949987 116.399809 39.93678
116.353721 39.934195 116.390166 39.947759
116.384857 39.955072 116.350266 39.902284
116.407445 39.86188 116.402581 39.907742
116.345982 39.931941 116.382882 39.95259
116.342888 39.941643 116.345735 39.872587
116.433869 39.876451 116.371885 39.858989
116.380108 39.90464 116.429475 39.902793
116.357073 39.90042 116.425054 39.916169
116.435918 39.888184 116.330538 39.917141
116.355923 39.877146 116.37132 39.903455
116.354251 39.892996 116.424389 39.895117
116.394106 39.932419 116.439647 39.942355
116.365842 39.933893 116.387833 39.891846
116.44076 39.856619 116.41715 39.879516
116.371217 39.953007 116.342326 39.935773
116.380529 39.858165 116.356903 39.889342
116.345995 39.955342 116.373366 39.942719
116.363553 39.857372 116.420118 39.869673
116.440972 39.865145 116.346569 39.879046
116.399125 39.952008 116.414522 39.890956
116.34511 39.935915 116.332198 39.900875
116.381298 39.856303 116.334957 39.888711
116.375429 39.957526 116.347105 39.934297
116.369131 39.944707 116.343087 39.939473
116.358868 39.884081 116.396278 39.86507
116.401694 39.894068 116.393094 39.862001
116.33185 39.867643 116.40497 39.860859
116.349345 39.857712 116.388772 39.904502
116.43051 39.945696 116.343655 39.950058
116.415412 39.894525 116.429373 39.856456
116.3675 39.93776 116.346139 39.938763
116.367008 39.864687 116.411686 39.876297
116.419717 39.859157 116.42059 39.889696
116.407965 39.946706 116.428036 39.929052
116.345942 39.883578 116.369047 39.906099
116.361814 39.934483 116.38749 39.894095
116.338294 39.907415 116.345135 39.938383
116.407092 39.872345 116.419965 39.903535
116.417366 39.913531 116.408657 39.949139
116.41442 39.84866 116.348366 39.87187
116.33159 39.870309 116.405492 39.864779
116.344118 39.904958 116.345748 39.935647
116.360457 39.892922 116.398165 39.913611
116.418543 39.945312 116.394657 39.948362
116.422427 39.909674 116.430318 39.940621
116.424048 39.848518 116.342299 39.895065
116.39672 39.932043 116.438749 39.946989
116.439924 39.937027 116.391443 39.91853
116.425072 39.941887 116.347865 39.949843
116.36942 39.904808 116.431503 39.89465
116.425043 39.871899 116.413807 39.902771
116.349815 39.929942 116.391102 39.946822
116.435353 39.888083 116.411182 39.899017
116.335783 39.87505 116.406157 39.861728
116.335291 39.869736 116.404784 39.859625
116.369888 39.864902 116.34389 39.891998
116.418419 39.848306 116.422198 39.905194
116.420724 39.868581 116.373456 39.862418
116.344684 39.849925 116.363658 39.872494
116.422427 39.943133 116.341439 39.956803
116.357922 39.903955 116.425624 39.914029
116.42091 39.888214 116.362052 39.898919
116.384157 39.939355 116.346391 39.951431
116.420018 39.918688 116.377269 39.891024
116.437147 39.917256 116.418942 39.909918
116.414901 39.943484 116.397723 39.953007
116.358241 39.868756 116.334779 39.867316
116.391533 39.956285 116.415313 39.911463
116.362578 39.939183 116.421741 39.957009
116.42572 39.855502 116.346421 39.895328
116.401479 39.876364 116.379764 39.897508
116.368908 39.855132 116.412558 39.882916
116.406245 39.863745 116.354989 39.887079
116.383928 39.868431 116.347827 39.881279
116.335205 39.908322 116.349099 39.94203
116.330112 39.859273 116.371797 39.847365
116.358846 39.936032 116.389448 39.95352
116.391946 39.951916 116.416274 39.894285
116.403158 39.945694 116.337016 39.915281
116.436674 39.8967 116.439286 39.940086
116.433534 39.858337 116.420959 39.880608
116.421877 39.871408 116.420856 39.899752
116.427009 39.870902 116.419132 39.9055
116.416409 39.859867 116.41263 39.889059
116.435708 39.934144 116.391743 39.920121
116.416937 39.892716 116.367502 39.905285
116.342205 39.882989 116.384675 39.870383
116.40968 39.858356 116.436228 39.92991
116.33302 39.907507 116.341574 39.943601
116.386189 39.849147 116.416411 39.873833
116.351124 39.898308 116.426447 39.913383
116.340314 39.948634 116.37063 39.944341
116.398743 39.957475 116.415098 39.910534
116.355785 39.915577 116.33786 39.893791
116.427882 39.926537 116.391325 39.957145
116.36257 39.858488 116.347393 39.889299
116.394491 39.95123 116.331445 39.910763
116.438997 39.918352 116.351248 39.897266
116.416593 39.886432 116.428154 39.849355
116.335314 39.915753 116.346322 39.947295
116.41116 39.893297 116.42768 39.846549
116.339513 39.927955 116.3799 39.952525
116.39746 39.876736 116.440021 39.931109
116.389987 39.869212 116.357527 39.886475
116.344651 39.860545 116.381714 39.900734
116.377238 39.896371 116.438238 39.8955
116.347846 39.8753 116.373514 39.895349
116.402789 39.865829 116.35473 39.88791
116.429391 39.94347 116.341196 39.953541
116.417929 39.878983 116.426931 39.852033
116.43481 39.857698 116.412239 39.878237
116.426241 39.938821 116.342876 39.952486
116.384381 39.853746 116.336761 39.895011
116.437205 39.861006 116.404685 39.852151
116.341618 39.850626 116.365633 39.870574
116.359178 39.936639 116.389791 39.951672
116.430014 39.918627 116.419174 39.947927
116.342512 39.907113 116.37237 39.870373
116.389045 39.848388 116.343288 39.886603
116.361003 39.913754 116.380967 39.938308
116.367784 39.927783 116.382198 39.887194
116.33038 39.857667 116.379918 39.855443
116.412764 39.941344 116.398231 39.955275
116.439366 39.866156 116.348776 39.884947
116.421206 39.908818 116.42215 39.944038
116.381691 39.87521 116.354869 39.879542
116.41842 39.915412 116.440208 39.888798
116.358235 39.85318 116.419396 39.855974
116.40783 39.939002 116.360318 39.956092
116.433878 39.889092 116.420162 39.901757
116.42513 39.87841 116.421274 39.923177
