116.341386 39.924147 116.421815 39.903917
116.438537 39.919722 116.376736 39.900581
116.383353 39.945523 116.340257 39.947942
116.426617 39.956361 116.414401 39.932299
116.374354 39.905941 116.427689 39.897589
116.420966 39.86518 116.364856 39.913975
116.424285 39.913705 116.381853 39.923593
116.34322 39.905418 116.383858 39.949349
116.413752 39.864457 116.413377 39.893514
116.371651 39.856894 116.411861 39.911404
116.36509 39.847414 116.354852 39.884433
116.422564 39.938401 116.340523 39.9573
116.409018 39.912082 116.365426 39.900947
116.434998 39.89694 116.424899 39.940439
116.352732 39.934195 116.385613 39.949694
116.374064 39.942439 116.411476 39.89242
116.379214 39.847288 116.355677 39.876579
116.408029 39.910188 116.429179 39.887519
116.43614 39.90785 116.41339 39.955555
116.370283 39.883119 116.427165 39.899927
116.364145 39.902594 116.415518 39.854234
116.380404 39.899086 116.4296 39.956984
116.366185 39.93853 116.429586 39.949097
116.436196 39.92613 116.357159 39.899038
116.417863 39.934773 116.436158 39.905673
116.391252 39.902327 116.430434 39.88149
116.429935 39.901627 116.396851 39.888828
116.335816 39.891196 116.412381 39.903625
116.419193 39.858022 116.412512 39.890208
116.398157 39.853591 116.440391 39.858039
116.34231 39.939382 116.344404 39.867441
116.42864 39.89292 116.382157 39.957529
116.435525 39.877342 116.343993 39.877836
116.4212 39.935052 116.429539 39.915989
116.395282 39.922361 116.439712 39.932072
116.348193 39.861192 116.386072 39.903348
116.331875 39.902699 116.378846 39.933313
116.408875 39.953754 116.419658 39.914486
116.343356 39.880129 116.389643 39.869502
116.423764 39.949624 116.424575 39.919375
116.415556 39.888753 116.422236 39.853018
116.389622 39.956825 116.342132 39.89862
116.40758 39.908359 116.429314 39.896417
116.393674 39.860829 116.426634 39.897483
116.400357 39.853466 116.432706 39.872491
116.364928 39.920757 116.403354 39.87195
116.36976 39.880737 116.34639 39.900476
116.350727 39.954569 116.413182 39.954735
116.331987 39.889544 116.364442 39.862655
116.43365 39.914053 116.392839 39.917903
116.377437 39.943909 116.414468 39.893234
116.389277 39.8727 116.354015 39.88251
116.341605 39.879759 116.34725 39.920403
116.352138 39.851229 116.417641 39.852579
116.414707 39.915238 116.406198 39.952088
116.418273 39.89897 116.38205 39.954902
116.410041 39.927141 116.43083 39.947095
116.335675 39.873194 116.400938 39.865949
116.410848 39.950609 116.415073 39.908286
116.338114 39.89853 116.375023 39.928468
116.362001 39.937696 116.430084 39.9566
116.440187 39.901044 116.364886 39.945412
116.333435 39.875438 116.403483 39.863179
116.417314 39.861826 116.388935 39.847384
116.393884 39.950667 116.420075 39.908636
116.342453 39.895162 116.417968 39.889912
116.341171 39.942849 116.348733 39.869377
116.41339 39.931633 116.378291 39.907505
116.341647 39.915795 116.374097 39.882414
116.340855 39.95592 116.372995 39.939201
116.418892 39.883231 116.424664 39.852358
116.349724 39.893644 116.388404 39.857665
116.396576 39.864675 116.43073 39.897916
116.415937 39.893425 116.365701 39.902503
116.42284 39.878783 116.422902 39.922952
116.437064 39.911916 116.440426 39.953958
116.358921 39.909936 116.336192 39.88776
116.353614 39.901141 116.408919 39.890917
116.379149 39.854545 116.403369 39.854915
116.405909 39.887592 116.391886 39.857723
116.366903 39.939331 116.43017 39.951566
116.386847 39.879512 116.428905 39.895545
116.386654 39.856479 116.367338 39.89376
116.347803 39.888159 116.384504 39.865758
116.359829 39.905912 116.427234 39.911208
116.348374 39.947663 116.37658 39.942638
116.34306 39.944497 116.408959 39.903115
116.413589 39.865146 116.365839 39.910085
116.395254 39.921081 116.436319 39.93412
116.433251 39.92118 116.400685 39.901044
116.412937 39.937128 116.435949 39.902354
116.430191 39.857208 116.400883 39.906777
116.37026 39.937436 116.348374 39.941897
116.337286 39.876951 116.359457 39.912026
116.34153 39.880516 116.386878 39.871053
116.418984 39.851248 116.422587 39.90487
116.431692 39.913392 116.395404 39.921025
116.345483 39.932661 116.400074 39.946951
116.358982 39.933885 116.382232 39.94998
116.362438 39.929502 116.383774 39.887009
116.350384 39.87195 116.334949 39.881564
116.377172 39.891044 116.412351 39.90953
116.335167 39.894975 116.364018 39.860067
116.340565 39.900554 116.34756 39.933984
116.389463 39.850638 116.418387 39.870758
116.380362 39.849988 116.339654 39.885584
116.366235 39.891431 116.337996 39.942736
116.401436 39.940147 116.428793 39.930059
116.34766 39.86239 116.387571 39.8985
116.403545 39.887227 116.394966 39.86129
116.391271 39.953026 116.336089 39.915803
116.375119 39.883728 116.41918 39.952119
116.43591 39.857574 116.413616 39.879348
116.405603 39.955514 116.438487 39.949326
116.438318 39.847702 116.423517 39.907918
116.348376 39.946833 116.404453 39.905963
116.387479 39.954144 116.340347 39.900452
116.368566 39.900386 116.418213 39.851206
116.405012 39.89218 116.395722 39.859501
116.402535 39.909587 116.426162 39.886885
116.365135 39.896585 116.413063 39.884381
116.418595 39.896849 116.427622 39.847214
116.436934 39.897197 116.412614 39.917495
116.412218 39.894449 116.370493 39.901766
116.352308 39.950604 116.356626 39.901454
116.372028 39.864381 116.357247 39.889767
116.408353 39.955697 116.427699 39.913027
116.388273 39.874678 116.349761 39.883009
116.388546 39.873486 116.340744 39.883828
116.432884 39.900294 116.421437 39.947122
116.381517 39.903104 116.340436 39.940154
116.410894 39.931785 116.417663 39.903623
116.364526 39.887175 116.412779 39.877391
116.388122 39.898115 116.340782 39.955206
116.407373 39.9513 116.4158 39.91309
116.409329 39.908562 116.361259 39.903273
116.391273 39.949181 116.412414 39.915762
116.341623 39.858083 116.38902 39.899684
116.355935 39.953328 116.419604 39.952001
116.439739 39.899542 116.414078 39.925322
116.418834 39.854687 116.421289 39.89027
116.351518 39.953295 116.358111 39.898493
116.342545 39.888956 116.384852 39.862915
116.402487 39.944362 116.427668 39.936761
116.347809 39.863886 116.38738 39.906333
116.405719 39.925473 116.437797 39.903456
116.41048 39.909068 116.368119 39.900046
116.417243 39.940793 116.372571 39.893118
116.370974 39.878472 116.368315 39.859233
116.39295 39.894753 116.428774 39.903838
116.419853 39.864312 116.36396 39.917022
116.348808 39.857733 116.388735 39.904811
116.437573 39.853538 116.429319 39.908656
116.381662 39.956292 116.348781 39.897579
116.342319 39.896217 116.346449 39.9401
116.422752 39.956343 116.337827 39.923447
116.43793 39.913906 116.437773 39.955074
116.408555 39.916438 116.422118 39.894617
116.331832 39.895362 116.420041 39.904921
116.392192 39.886333 116.433605 39.933714
116.408727 39.918373 116.43542 39.906204
116.416289 39.950721 116.376791 39.947583
116.41932 39.850171 116.340616 39.868099
116.408541 39.944731 116.335712 39.914027
116.370482 39.873837 116.33305 39.950466
116.403616 39.924785 116.437106 39.906445
116.433185 39.903656 116.378141 39.848183
116.41493 39.930747 116.439501 39.902504
116.332865 39.882214 116.359482 39.913255
116.413462 39.857581 116.363104 39.907962
116.403064 39.956479 116.440041 39.949365
116.389184 39.944 116.437453 39.941815
116.39588 39.89332 116.343928 39.887325
116.403621 39.908831 116.423195 39.894791
116.363905 39.932263 116.386701 39.887476
116.427839 39.867033 116.403507 39.925179
116.430251 39.904367 116.436044 39.878535
116.34358 39.929024 116.336055 39.896956
116.347995 39.909021 116.37686 39.876536
116.376063 39.909035 116.419314 39.903733
116.430302 39.882222 116.426558 39.921865
116.395271 39.901244 116.424492 39.908598
116.392428 39.949722 116.418258 39.913977
116.371057 39.942819 116.419986 39.890953
116.349179 39.941789 116.409773 39.905044
116.36469 39.882602 116.34808 39.898253
116.406773 39.954106 116.440626 39.952648
116.424997 39.900188 116.439416 39.937527
116.428462 39.903999 116.363672 39.924196
116.405103 39.926986 116.426342 39.93918
116.415467 39.893053 116.363089 39.901563
116.379852 39.909557 116.418349 39.903343
116.41277 39.872569 116.423032 39.917871
116.414379 39.863185 116.413583 39.896245
116.363076 39.926072 116.406705 39.876103
116.418657 39.928759 116.373675 39.913887
116.343627 39.947215 116.340624 39.869792
116.386017 39.876788 116.430269 39.890173
116.36847 39.893671 116.391804 39.91367
116.350612 39.887881 116.436072 39.894233
116.405994 39.956817 116.427791 39.914091
116.438833 39.936496 116.393422 39.919262
116.417726 39.872959 116.358321 39.901867
116.375081 39.889851 116.411727 39.916006
116.361979 39.92531 116.404258 39.87058
116.430125 39.937735 116.346763 39.954598
116.372752 39.851922 116.401424 39.855454
116.434831 39.849881 116.428003 39.916701
116.417145 39.902549 116.396367 39.949659
116.354659 39.871997 116.330659 39.886274
116.347896 39.854468 116.368165 39.872022
116.439137 39.91128 116.400258 39.919754
116.387367 39.953748 116.344204 39.90338
116.416806 39.940198 116.394143 39.955174
116.369463 39.956368 116.399701 39.927983
116.364671 39.848925 116.34993 39.871804
116.372454 39.8789 116.389574 39.855132
116.424155 39.902 116.33527 39.84751
116.398364 39.890023 116.434783 39.914571
116.345112 39.932279 116.385647 39.940603
116.34253 39.949295 116.376692 39.943017
116.405596 39.903301 116.361242 39.93643
116.354562 39.928671 116.385276 39.952717
116.441179 39.849723 116.426165 39.914746
116.38443 39.86083 116.42512 39.873535
116.39594 39.922388 116.437933 39.931908
116.434729 39.884077 116.340336 39.882804
116.358899 39.90761 116.338472 39.89494
116.363207 39.922547 116.40204 39.875534
116.406664 39.89609 116.391078 39.862758
116.33404 39.866251 116.371161 39.851556
116.383488 39.900426 116.375519 39.881939
116.41997 39.864737 116.389726 39.855408
116.437585 39.901321 116.424883 39.942643
116.388583 39.897486 116.348249 39.945224
116.337979 39.863827 116.373011 39.851643
116.357364 39.896122 116.430232 39.928338
116.345512 39.914128 116.379592 39.876665
116.348199 39.952122 116.370838 39.938249
116.363447 39.879018 116.42931 39.906827
116.418524 39.894564 116.366701 39.900722
116.341456 39.928745 116.394547 39.939814
116.413327 39.870476 116.433832 39.88953
116.421111 39.863643 116.402242 39.900508
116.33049 39.870916 116.409148 39.861571
116.388757 39.955473 116.422943 39.902155
116.417308 39.860736 116.41783 39.895504
116.339474 39.881792 116.360265 39.914853
116.402126 39.915319 116.424159 39.888316
116.41197 39.934908 116.379941 39.913335
116.41871 39.955081 116.339576 39.901702
116.337151 39.881164 116.358003 39.900514
116.345415 39.911347 116.375735 39.868379
116.358407 39.953383 116.360089 39.901181
116.367223 39.941742 116.349745 39.943544
116.374385 39.852473 116.40829 39.848187
116.394932 39.858111 116.424195 39.897658
116.419037 39.870479 116.359125 39.905928
116.378198 39.864057 116.413593 39.908744
116.421574 39.923259 116.400455 39.894067
116.389036 39.947992 116.347426 39.898016
116.34472 39.848185 116.36831 39.871764
116.39985 39.927093 116.436051 39.93173
116.349009 39.93952 116.406422 39.904511
116.412937 39.908313 116.416943 39.942661
116.393695 39.86151 116.43056 39.898572
116.413412 39.850824 116.43773 39.901632
116.387156 39.952776 116.342051 39.898431
116.343202 39.908421 116.373963 39.87406
116.36816 39.897732 116.440232 39.887642
116.371152 39.893158 116.401194 39.848595
116.433537 39.854484 116.428369 39.911645
116.418362 39.942403 116.373777 39.890807
116.431604 39.849229 116.4243 39.916673
116.40288 39.950643 116.437829 39.951263
116.419791 39.850997 116.441066 39.902225
116.437037 39.884408 116.342206 39.881335
116.41002 39.891265 116.396552 39.861969
116.435179 39.916592 116.421401 39.943883
116.432964 39.932923 116.400382 39.92027
116.365867 39.956102 116.42041 39.915206
116.417922 39.883068 116.424443 39.853603
116.338161 39.895095 116.365006 39.863001
116.372699 39.95617 116.341475 39.931633
116.417987 39.869432 116.428771 39.904477
116.340417 39.934897 116.330669 39.906267
116.391498 39.858827 116.424299 39.906446
116.423038 39.913717 116.371814 39.957443
116.405442 39.921124 116.436685 39.906154
116.378042 39.88709 116.437815 39.888996
116.433477 39.925051 116.418444 39.909624
116.434426 39.900334 116.421345 39.938367
116.408875 39.923775 116.436937 39.90459
116.413851 39.944667 116.376869 39.889168
116.407563 39.911702 116.428041 39.888126
116.369139 39.926586 116.40598 39.872665
116.40989 39.908347 116.428353 39.887944
116.342512 39.92927 116.397494 39.945098
116.349711 39.904459 116.349005 39.935211
116.366003 39.90264 116.411109 39.854104
