116.41276 39.895032 116.364419 39.898386
116.347891 39.913538 116.379653 39.872997
116.413722 39.953933 116.333822 39.921749
116.432412 39.91772 116.420305 39.909733
116.366456 39.952727 116.392474 39.933253
116.331541 39.864237 116.37639 39.854844
116.436082 39.915876 116.441164 39.95506
116.426623 39.856694 116.403433 39.897027
116.366173 39.855475 116.353305 39.877229
116.404852 39.902388 116.365063 39.932008
116.389463 39.939888 116.432774 39.943929
116.331983 39.858772 116.377898 39.854807
116.423039 39.933911 116.383803 39.889079
116.416468 39.85458 116.341591 39.875957
116.390261 39.884246 116.427785 39.888271
116.37708 39.910024 116.416282 39.906468
116.430312 39.945079 116.342663 39.957154
116.428493 39.862989 116.424133 39.89579
116.346676 39.868799 116.372818 39.916038
116.333734 39.864226 116.380314 39.846463
116.410695 39.87332 116.371409 39.897165
116.426679 39.887043 116.395003 39.902577
116.428713 39.863424 116.405689 39.902791
116.405071 39.892994 116.391577 39.860065
116.340352 39.871044 116.378829 39.912637
116.417871 39.928857 116.439578 39.903674
116.395493 39.851751 116.3569 39.850825
116.413111 39.85402 116.430311 39.895375
116.347993 39.852281 116.366374 39.872773
116.355948 39.948542 116.417988 39.95621
116.40543 39.871094 116.352022 39.882852
116.394134 39.866638 116.369256 39.872025
116.415785 39.856003 116.341761 39.868431
116.432836 39.876366 116.427105 39.915547
116.365472 39.905705 116.412742 39.855667
116.365305 39.903085 116.347385 39.94366
116.366899 39.939506 116.34402 39.94735
116.420253 39.889203 116.364421 39.898384
116.365388 39.930506 116.389978 39.888455
116.425004 39.881911 116.426736 39.918154
116.397926 39.902059 116.430084 39.876798
116.360395 39.908476 116.335264 39.891405
116.437363 39.883183 116.386624 39.891241
116.413729 39.901485 116.362136 39.911078
116.41427 39.915249 116.432897 39.893008
116.337645 39.893588 116.363029 39.858613
116.358044 39.947899 116.413354 39.947548
116.404256 39.895484 116.395867 39.864721
116.391296 39.881002 116.439245 39.930819
116.406537 39.870478 116.356089 39.876896
116.387138 39.886219 116.42766 39.88696
116.366858 39.922707 116.406592 39.86942
116.393066 39.894169 116.361774 39.902396
116.363515 39.95039 116.393203 39.933713
116.420445 39.883614 116.426788 39.851426
116.438579 39.851132 116.424926 39.908246
116.4104 39.903034 116.363823 39.884749
116.343934 39.86981 116.378709 39.899655
116.433997 39.863968 116.408708 39.850014
116.364882 39.954068 116.415139 39.911649
116.390902 39.871516 116.364286 39.870729
116.420265 39.955528 116.392984 39.932968
116.416019 39.943431 116.373113 39.894731
116.364265 39.888031 116.417892 39.883065
116.364619 39.85385 116.418368 39.878933
116.378047 39.901901 116.422979 39.952425
116.365787 39.849994 116.403336 39.868124
116.350985 39.871613 116.339628 39.87025
116.409536 39.892003 116.399594 39.858616
116.381771 39.946705 116.344514 39.950792
116.402953 39.876334 116.355717 39.903277
116.406144 39.870259 116.37195 39.903463
116.373461 39.956681 116.413318 39.947132
116.381479 39.948261 116.394593 39.847356
116.393245 39.906571 116.344518 39.924132
116.423203 39.935018 116.428663 39.907531
116.415863 39.847888 116.346672 39.876275
116.427217 39.942377 116.344817 39.947515
116.404494 39.86193 116.359209 39.88725
116.416503 39.899105 116.387785 39.885762
116.391694 39.877331 116.433969 39.931323
116.338434 39.872964 116.408941 39.864692
116.399074 39.928898 116.432035 39.947175
116.341258 39.885577 116.365454 39.904814
116.360773 39.8603 116.34947 39.886801
116.379414 39.945546 116.416906 39.932632
116.34412 39.858063 116.387991 39.904443
116.373021 39.907096 116.420948 39.902471
116.335067 39.891061 116.417128 39.905575
116.380053 39.908256 116.414858 39.903719
116.359445 39.855612 116.416207 39.847475
116.361375 39.954357 116.396283 39.927375
116.4125 39.906669 116.383333 39.947958
116.340913 39.887805 116.342952 39.946831
116.331306 39.873196 116.406317 39.865109
116.435801 39.858351 116.347073 39.880246
116.366865 39.954287 116.420027 39.911708
116.378044 39.874471 116.427535 39.87544
116.380712 39.871102 116.348884 39.877539
116.361669 39.924333 116.406856 39.871388
116.417453 39.939389 116.432343 39.910133
116.388869 39.885002 116.429162 39.894643
116.40436 39.89398 116.398572 39.864312
116.411867 39.927467 116.379541 39.91036
116.339709 39.908076 116.344341 39.943997
116.375906 39.929251 116.408258 39.948812
116.368668 39.945505 116.348312 39.943142
116.409604 39.84795 116.358656 39.855391
116.424398 39.857676 116.410268 39.905799
116.434206 39.858506 116.410484 39.850088
116.351038 39.893196 116.424406 39.937028
116.427476 39.898845 116.380439 39.952514
116.396444 39.8745 116.36751 39.876475
116.422551 39.903575 116.424 39.948592
116.351992 39.848191 116.412133 39.851982
116.423466 39.949237 116.414131 39.935839
116.412934 39.862414 116.385311 39.856352
116.373813 39.870934 116.424947 39.875051
116.426966 39.94476 116.346594 39.950344
116.420496 39.94044 116.43718 39.909883
116.435475 39.89848 116.426048 39.945559
116.372842 39.900508 116.4139 39.888551
116.408898 39.853386 116.435148 39.896144
116.336303 39.935522 116.376756 39.955232
116.378745 39.874736 116.422138 39.866727
116.42522 39.901589 116.410789 39.852567
116.350445 39.951595 116.418048 39.953834
116.356014 39.910435 116.339609 39.895526
116.380437 39.916854 116.417629 39.904439
116.354837 39.90498 116.421816 39.912101
116.401618 39.867776 116.419762 39.899643
116.392392 39.936533 116.439627 39.944255
116.369121 39.857665 116.346235 39.890408
116.375634 39.898381 116.419054 39.895149
116.375461 39.951391 116.415505 39.941156
116.352322 39.90786 116.337307 39.896498
116.417465 39.855068 116.435519 39.897273
116.428921 39.88525 116.427116 39.919023
116.43237 39.860349 116.349963 39.886685
116.376713 39.875205 116.430045 39.867736
116.359212 39.888327 116.429672 39.894531
116.403782 39.848345 116.384341 39.849132
116.436212 39.85016 116.421844 39.908181
116.433739 39.894626 116.408113 39.899595
116.335393 39.870307 116.402171 39.860104
116.345094 39.945701 116.4101 39.901573
116.397198 39.858658 116.431128 39.898852
116.423487 39.936249 116.390549 39.888621
116.3688 39.895826 116.397485 39.915394
116.403406 39.896 116.400276 39.863082
116.411004 39.846419 116.423978 39.904075
116.368871 39.858774 116.345077 39.89209
116.409449 39.846751 116.368919 39.87586
116.414287 39.851236 116.438741 39.902356
116.419464 39.912727 116.432009 39.891184
116.362971 39.928571 116.387344 39.892922
116.390304 39.955844 116.341421 39.91377
116.390527 39.906339 116.344556 39.952366
116.428474 39.924255 116.414463 39.884458
116.430674 39.935261 116.421757 39.911317
116.421482 39.891986 116.394238 39.915973
116.364076 39.871567 116.419902 39.921549
116.339085 39.884561 116.351011 39.903515
116.342735 39.923894 116.340752 39.949095
116.377139 39.901715 116.348207 39.871823
116.438525 39.940536 116.365137 39.898462
116.375573 39.915415 116.411867 39.897424
116.39505 39.956531 116.336637 39.907783
116.402113 39.868334 116.411679 39.905032
116.36758 39.861209 116.411315 39.86738
116.408445 39.948364 116.416698 39.90774
116.344293 39.938419 116.342094 39.870946
116.388798 39.902827 116.343788 39.944379
116.42708 39.866864 116.404299 39.923926
116.350051 39.887931 116.411303 39.891375
116.357922 39.914066 116.335537 39.893428
116.389873 39.899018 116.406195 39.93961
116.377902 39.89612 116.342941 39.944033
116.420413 39.90845 116.403427 39.956934
116.359574 39.888392 116.429054 39.894182
116.413978 39.857068 116.370043 39.915733
116.384093 39.86113 116.361399 39.888777
116.402903 39.929784 116.422928 39.901851
116.424186 39.897859 116.422402 39.957126
116.400862 39.903109 116.368871 39.882537
116.428228 39.930612 116.384909 39.896111
116.362819 39.949425 116.395175 39.935899
116.426531 39.874018 116.419383 39.905235
116.378867 39.944058 116.41552 39.934865
116.362836 39.932124 116.384316 39.888252
116.401539 39.874592 116.38682 39.891152
116.426898 39.897546 116.372124 39.9534
116.341158 39.956943 116.377522 39.947313
116.353459 39.88961 116.422511 39.893133
116.424896 39.89107 116.427826 39.931667
116.363298 39.862155 116.414137 39.871172
116.379314 39.896974 116.341563 39.875504
116.367133 39.850712 116.408792 39.868985
116.35809 39.886108 116.344144 39.925266
116.41599 39.868978 116.374225 39.862099
116.395577 39.884161 116.433024 39.931766
116.423763 39.865239 116.428779 39.893099
116.332281 39.867257 116.40502 39.857654
116.344589 39.921936 116.34694 39.948197
116.386264 39.864835 116.363037 39.894887
116.4132 39.947746 116.362792 39.953083
116.417733 39.932344 116.43952 39.90615
116.399802 39.865199 116.424285 39.899505
116.436414 39.944761 116.405092 39.889447
116.379285 39.929631 116.40593 39.951376
116.420477 39.8923 116.423098 39.851122
116.33458 39.928647 116.377759 39.947843
116.387016 39.886031 116.423772 39.891739
116.414452 39.865223 116.367612 39.911148
116.430914 39.940271 116.344924 39.948546
116.376328 39.95357 116.343446 39.928633
116.398229 39.875852 116.367482 39.872377
116.437816 39.951295 116.355431 39.911016
116.348901 39.925971 116.425195 39.89951
116.375746 39.947203 116.417419 39.931444
116.435806 39.880037 116.413945 39.916151
116.39367 39.857396 116.429362 39.901086
116.372415 39.934239 116.404844 39.951186
116.409828 39.85533 116.355353 39.853068
116.368143 39.888243 116.398665 39.909196
116.40941 39.846477 116.371996 39.87355
116.438738 39.957545 116.421904 39.895325
116.428094 39.954715 116.34 39.924404
116.344061 39.896216 116.347925 39.945149
116.41064 39.847061 116.388415 39.847991
116.407158 39.926907 116.433567 39.938496
116.391918 39.871908 116.363556 39.872338
116.388458 39.901873 116.412202 39.908696
116.355288 39.881724 116.381581 39.929729
116.379919 39.851991 116.379658 39.905513
116.407453 39.856251 116.414305 39.912348
116.342713 39.862404 116.386426 39.903962
116.383959 39.874254 116.34292 39.87961
116.430236 39.852279 116.346002 39.893835
116.345206 39.954738 116.377263 39.945077
116.369034 39.95276 116.39594 39.932371
116.411123 39.92489 116.402083 39.955734
116.428368 39.878984 116.425796 39.920579
116.421945 39.940377 116.342885 39.953026
116.348456 39.882368 116.387232 39.869301
116.360571 39.875603 116.399226 39.904018
116.347469 39.873971 116.379372 39.903554
116.38406 39.862494 116.367546 39.892042
116.342836 39.871446 116.420126 39.852774
116.435673 39.926046 116.394688 39.899108
116.426163 39.864351 116.404571 39.903498
116.426658 39.926054 116.411611 39.956088
116.393845 39.867832 116.363244 39.872289
116.392105 39.899561 116.425509 39.908909
116.34032 39.912605 116.372587 39.873992
116.388932 39.878382 116.422649 39.894689
116.433644 39.917249 116.373589 39.903149
116.400918 39.848612 116.381886 39.855432
116.362124 39.871975 116.33132 39.952101
116.390408 39.944954 116.345549 39.954984
116.364717 39.943381 116.34128 39.944776
116.392227 39.855584 116.432094 39.864076
116.37935 39.911637 116.413755 39.903573
116.436662 39.853093 116.426507 39.908432
116.334805 39.917949 116.37849 39.954843
116.417913 39.852415 116.426275 39.894564
116.367041 39.87878 116.406355 39.857419
116.440309 39.874964 116.417167 39.890899
116.332214 39.862149 116.374021 39.853179
116.425289 39.93302 116.385332 39.893049
116.437657 39.874555 116.418447 39.890219
116.35505 39.914976 116.338281 39.890217
116.369345 39.915688 116.389307 39.945475
116.368222 39.874707 116.397628 39.900249
116.440548 39.864066 116.350147 39.87901
116.375607 39.951967 116.418377 39.938735
116.386269 39.854572 116.414782 39.868135
116.412857 39.854822 116.429095 39.904843
116.435732 39.850943 116.429177 39.909989
116.43458 39.875901 116.430668 39.911536
116.371709 39.955215 116.343577 39.934141
116.423714 39.937775 116.345504 39.948072
116.379984 39.915717 116.419952 39.900645
116.340252 39.862774 116.387399 39.901516
116.417209 39.883564 116.424502 39.852636
116.349273 39.888856 116.389965 39.857796
116.422653 39.858754 116.430231 39.887342
116.427369 39.936667 116.383226 39.886976
116.384353 39.873002 116.35179 39.878902
116.341081 39.875549 116.411532 39.853795
116.348891 39.949434 116.379346 39.940427
116.408252 39.928828 116.416322 39.90046
116.38914 39.884952 116.426761 39.896171
116.354637 39.894068 116.422827 39.889684
116.41108 39.903179 116.441279 39.929109
116.425567 39.875287 116.417029 39.904549
116.387234 39.870036 116.346682 39.880873
116.354246 39.887119 116.423761 39.892484
116.439127 39.938091 116.43111 39.903762
116.343699 39.948411 116.376615 39.942196
