116.365052 39.916762 116.388792 39.945135
116.355978 39.928645 116.385822 39.953098
116.353781 39.910326 116.333666 39.895964
116.363208 39.852251 116.413853 39.912046
116.414531 39.933545 116.436456 39.898694
116.370389 39.852841 116.414186 39.877074
116.42058 39.874093 116.357652 39.90307
116.358438 39.893294 116.355548 39.936705
116.38971 39.931553 116.339871 39.920846
116.44106 39.906075 116.365014 39.938128
116.420123 39.884093 116.421941 39.851454
116.401889 39.875471 116.416254 39.906423
116.367229 39.848336 116.353773 39.878347
116.338471 39.890593 116.365267 39.85858
116.35004 39.883232 116.369962 39.900364
116.424876 39.860215 116.407577 39.903132
116.410698 39.874144 116.354522 39.881533
116.43679 39.904408 116.369313 39.939061
116.36604 39.903758 116.350024 39.938883
116.36055 39.852943 116.413157 39.909887
116.378292 39.888909 116.433938 39.88997
116.394612 39.918023 116.437633 39.930309
116.408531 39.869735 116.359359 39.901961
116.412922 39.920053 116.408142 39.947584
116.436802 39.900722 116.421638 39.944362
116.41713 39.860809 116.366322 39.914407
116.432985 39.85149 116.423154 39.911209
116.438293 39.945719 116.384977 39.897388
116.424894 39.8715 116.410791 39.92588
116.366701 39.905491 116.437424 39.892821
116.413123 39.913349 116.420455 39.944272
116.376879 39.890656 116.410388 39.848305
116.438423 39.910905 116.393818 39.91994
116.409415 39.941922 116.334554 39.911923
116.439476 39.906867 116.375767 39.854641
116.41901 39.866206 116.363048 39.912613
116.433216 39.873167 116.419739 39.896031
116.344122 39.930161 116.390102 39.942703
116.396184 39.87655 116.364403 39.871954
116.398849 39.864087 116.422161 39.903929
116.355575 39.847858 116.41718 39.848712
116.405718 39.850494 116.390049 39.851602
116.363441 39.944562 116.426312 39.94771
116.411969 39.912602 116.433773 39.896761
116.437282 39.889336 116.41575 39.901564
116.330589 39.885089 116.353369 39.909006
116.385355 39.871822 116.351258 39.880294
116.346917 39.859861 116.384898 39.899171
116.402902 39.907362 116.366219 39.896978
116.400423 39.865682 116.425219 39.903162
116.390319 39.933836 116.434721 39.89648
116.43724 39.903217 116.421668 39.944587
116.376762 39.937361 116.419942 39.936147
116.366637 39.946146 116.421816 39.949546
116.369631 39.850454 116.343 39.868647
116.428588 39.875171 116.414593 39.899095
116.40196 39.863078 116.4394 39.933777
116.410975 39.913845 116.405926 39.957302
116.341606 39.930454 116.330339 39.90121
116.360848 39.868167 116.331946 39.95048
116.365061 39.932241 116.381376 39.88758
116.400295 39.92006 116.43768 39.929402
116.41512 39.949925 116.428226 39.906704
116.37157 39.90039 116.421762 39.906726
116.423406 39.92993 116.428626 39.915692
116.40383 39.93059 116.423361 39.897656
116.433071 39.946803 116.367436 39.901885
116.385318 39.933481 116.334787 39.919705
116.435761 39.890478 116.361517 39.91109
116.416109 39.947213 116.399601 39.947851
116.365092 39.937132 116.382548 39.896524
116.406331 39.93638 116.416256 39.906922
116.417769 39.907423 116.439456 39.893907
116.360473 39.901681 116.432388 39.892951
116.338134 39.932427 116.371015 39.951988
116.417348 39.914661 116.414064 39.939324
116.382895 39.857665 116.42427 39.870742
116.375219 39.952806 116.413119 39.943363
116.427599 39.944119 116.341707 39.951695
116.350796 39.89499 116.357909 39.935624
116.371781 39.899505 116.347659 39.927814
116.41629 39.953719 116.370743 39.948004
116.431365 39.95316 116.430379 39.890571
116.350133 39.884089 116.346238 39.92226
116.399485 39.955203 116.410964 39.915597
116.334489 39.887867 116.367535 39.857543
116.418 39.889183 116.362435 39.903122
116.370476 39.946285 116.346907 39.942629
116.365112 39.94883 116.392468 39.935875
116.399068 39.852583 116.358046 39.848047
116.419855 39.878692 116.423808 39.856381
116.431473 39.859227 116.348333 39.882402
116.416823 39.903943 116.388943 39.949859
116.42421 39.860485 116.408685 39.901872
116.379395 39.945093 116.413546 39.933455
116.344119 39.929067 116.335406 39.899277
116.369579 39.950992 116.42041 39.907721
116.376226 39.84662 116.350822 39.867143
116.420323 39.877013 116.427179 39.849469
116.408039 39.926011 116.440643 39.902129
116.330136 39.879431 116.360108 39.910701
116.414193 39.915077 116.416616 39.939855
116.336487 39.894526 116.41114 39.903468
116.410987 39.921888 116.372091 39.92611
116.337265 39.934857 116.378062 39.95663
116.414293 39.85656 116.382543 39.847359
116.340351 39.849845 116.364782 39.875287
116.413165 39.905795 116.364454 39.914643
116.349873 39.94545 116.344542 39.874274
116.409217 39.859029 116.406844 39.913409
116.341873 39.849342 116.361874 39.868921
116.340661 39.938485 116.345876 39.870735
116.39466 39.888454 116.350264 39.890731
116.415233 39.864074 116.420774 39.889749
116.372017 39.906004 116.346873 39.873751
116.418204 39.865638 116.361116 39.913782
116.421177 39.86014 116.426209 39.892911
116.403088 39.954354 116.402583 39.900585
116.376547 39.884111 116.412198 39.955421
116.417908 39.910898 116.414371 39.94028
116.39272 39.865309 116.426964 39.897417
116.413175 39.951723 116.390625 39.903956
116.408602 39.956879 116.414169 39.915432
116.405711 39.876595 116.418052 39.905048
116.343774 39.932867 116.383245 39.94913
116.350801 39.875118 116.336628 39.875458
116.413922 39.911882 116.435637 39.896733
116.411085 39.87028 116.427747 39.900123
116.394523 39.882662 116.437246 39.933505
116.332946 39.882756 116.356047 39.897066
116.403221 39.911691 116.426693 39.892371
116.36563 39.912439 116.381215 39.944297
116.3775 39.909154 116.419531 39.904734
116.4365 39.854114 116.426909 39.915178
116.366463 39.882392 116.424214 39.903507
116.437662 39.852494 116.425248 39.916292
116.387824 39.867554 116.341486 39.877712
116.412898 39.942862 116.432619 39.915967
116.389846 39.871742 116.35088 39.885833
116.364563 39.874519 116.400152 39.899837
116.419037 39.941039 116.379236 39.890613
116.381884 39.941029 116.435354 39.94612
116.350786 39.888719 116.435739 39.894947
116.409593 39.934243 116.4155 39.906564
116.348026 39.929957 116.423463 39.930892
116.34153 39.847121 116.368767 39.874968
116.389296 39.858613 116.430593 39.933954
116.335922 39.914581 116.346761 39.939509
116.370494 39.915239 116.380687 39.94458
116.374024 39.922043 116.379623 39.901248
116.439292 39.869278 116.41104 39.901693
116.439486 39.939261 116.423778 39.898796
116.370898 39.949129 116.411553 39.94669
116.433509 39.910064 116.394366 39.918403
116.375666 39.877013 116.366485 39.866544
116.436587 39.90364 116.379185 39.852651
116.369846 39.9397 116.345016 39.942843
116.35575 39.888185 116.429622 39.896168
116.415439 39.884245 116.426372 39.847388
116.340118 39.899194 116.376696 39.930161
116.380538 39.917482 116.404188 39.956767
116.369076 39.939636 116.427797 39.953326
116.408952 39.911827 116.363184 39.90473
116.42375 39.8723 116.406266 39.920106
116.436556 39.848794 116.422732 39.908054
116.355583 39.913054 116.332444 39.887882
116.331263 39.890698 116.392789 39.901759
116.371632 39.888233 116.405307 39.848442
116.396294 39.850062 116.431598 39.86277
116.345683 39.890957 116.387637 39.856832
116.405341 39.856899 116.358621 39.888347
116.408369 39.933692 116.421339 39.900101
116.428599 39.937461 116.344522 39.952736
116.379454 39.939099 116.419592 39.894217
116.440329 39.876831 116.413062 39.911778
116.370395 39.867278 116.392188 39.903618
116.346263 39.944141 116.400892 39.902091
116.419132 39.909366 116.418947 39.940736
116.396294 39.93366 116.437472 39.943573
116.4342 39.847714 116.430402 39.916241
116.349152 39.955282 116.372344 39.944824
116.375006 39.942197 116.418561 39.933531
116.378009 39.896044 116.345044 39.947179
116.369778 39.931577 116.381586 39.88852
116.344541 39.882659 116.388225 39.873817
116.431989 39.893281 116.3658 39.918276
116.428269 39.943275 116.348954 39.94967
116.330666 39.932734 116.370643 39.953864
116.373891 39.848607 116.334291 39.878191
116.411158 39.848536 116.422109 39.887823
116.435125 39.85175 116.423153 39.908659
116.361656 39.868554 116.419084 39.922063
116.379816 39.883662 116.38703 39.847799
116.367449 39.923439 116.403744 39.867635
116.399838 39.863702 116.425789 39.897344
116.43174 39.944848 116.404262 39.895355
116.377136 39.921026 116.40617 39.95583
116.398714 39.950206 116.418408 39.916167
116.435119 39.911139 116.39875 39.925698
116.404462 39.936618 116.418993 39.901944
116.427381 39.949021 116.421453 39.926662
116.436529 39.857058 116.404281 39.852636
116.390168 39.877347 116.428294 39.889691
116.394029 39.927324 116.435407 39.942804
116.386094 39.927987 116.43645 39.889657
116.370088 39.909952 116.429729 39.92516
116.408947 39.858324 116.356309 39.8899
116.420873 39.902487 116.40017 39.951425
116.411982 39.941642 116.391363 39.952334
116.414773 39.888583 116.364795 39.906455
116.428862 39.867519 116.410423 39.923099
116.360052 39.896559 116.425669 39.934716
116.412281 39.956558 116.393398 39.928217
116.371436 39.853561 116.339741 39.883639
116.378426 39.901018 116.348015 39.867323
116.415942 39.913219 116.406943 39.950737
116.385386 39.870009 116.350224 39.884551
116.417318 39.909414 116.401875 39.949743
116.370303 39.89786 116.438676 39.889224
116.375145 39.885181 116.383033 39.854675
116.339459 39.861314 116.378042 39.849358
116.441007 39.848161 116.430432 39.9142
116.378275 39.904001 116.423871 39.949845
116.34277 39.948357 116.379435 39.938496
116.419152 39.854323 116.429315 39.887255
116.350881 39.943948 116.424294 39.932685
116.384169 39.868806 116.348413 39.885776
116.391396 39.937211 116.433159 39.944841
116.374275 39.853574 116.339964 39.880273
116.419832 39.849119 116.424312 39.898123
116.347865 39.930527 116.344068 39.877586
116.342289 39.914249 116.377707 39.86772
116.378558 39.892587 116.433792 39.893118
116.421739 39.932925 116.424703 39.907471
116.357733 39.855974 116.412849 39.847516
116.362263 39.9474 116.424865 39.947981
116.393679 39.858566 116.425924 39.897913
116.384468 39.934978 116.331073 39.924306
116.363239 39.950884 116.391014 39.932304
116.363011 39.955411 116.413379 39.915254
116.335878 39.889441 116.418979 39.89717
116.367218 39.881568 116.414686 39.89393
116.338039 39.863791 116.380272 39.850223
116.421588 39.873159 116.402933 39.917125
116.432661 39.904758 116.362097 39.944344
116.43664 39.918962 116.394163 39.906903
116.345677 39.939998 116.403648 39.902891
116.367095 39.93132 116.383904 39.893978
116.430142 39.868421 116.40306 39.923427
116.360375 39.897889 116.402675 39.888118
116.369507 39.846661 116.418489 39.910402
116.33317 39.891651 116.400642 39.900674
116.374854 39.854887 116.401675 39.849146
116.36698 39.85076 116.348737 39.871935
116.410813 39.871956 116.383832 39.887116
116.394749 39.877126 116.436607 39.937023
116.431078 39.865663 116.361696 39.850573
116.337184 39.860235 116.376143 39.85307
116.407568 39.914615 116.365291 39.900741
116.405158 39.910912 116.427111 39.894402
116.401923 39.914073 116.421403 39.895371
116.418353 39.906853 116.425146 39.942702
116.345369 39.937843 116.34284 39.86984
116.399329 39.922338 116.43873 39.930952
116.344308 39.911141 116.374905 39.869411
116.407565 39.914272 116.422132 39.894864
116.389382 39.930702 116.333504 39.92385
116.334868 39.885394 116.357811 39.909526
116.342645 39.934254 116.382301 39.944597
116.363416 39.951385 116.398296 39.93698
116.337447 39.921654 116.389447 39.893342
116.432065 39.946744 116.361158 39.898298
116.407111 39.857784 116.352093 39.889651
116.353729 39.89064 116.43108 39.934916
116.408103 39.866202 116.432055 39.934812
116.373556 39.884104 116.361042 39.919133
116.414538 39.849373 116.34631 39.866923
116.34269 39.887077 116.38614 39.863761
116.378441 39.894047 116.419684 39.914516
116.412417 39.897272 116.366417 39.917091
116.416298 39.948392 116.382271 39.903273
116.343185 39.934321 116.342175 39.878503
116.358546 39.870481 116.334819 39.879643
116.364303 39.903963 116.440409 39.889679
116.440015 39.938296 116.426933 39.898292
116.332497 39.866329 116.37967 39.854296
116.382142 39.852794 116.347031 39.884695
116.426079 39.857336 116.409722 39.904238
116.422835 39.905507 116.430602 39.955612
116.402572 39.910523 116.426656 39.892037
116.340055 39.881075 116.353029 39.899858
116.406445 39.902065 116.366111 39.928075
116.375627 39.942694 116.415526 39.896244
116.403395 39.950322 116.403682 39.896897
116.352602 39.91212 116.337326 39.89605
116.368065 39.858577 116.347296 39.896065
116.345807 39.85084 116.365536 39.866893
116.390421 39.93764 116.434426 39.938099
116.41013 39.913037 116.427934 39.89067
116.362519 39.914198 116.386003 39.894776
