116.372483 39.869311 116.35312 39.904168
116.410671 39.936795 116.416632 39.903125
116.405375 39.934922 116.41502 39.902571
116.358928 39.883495 116.382786 39.931355
116.416387 39.897763 116.388721 39.949739
116.348215 39.938284 116.347786 39.869938
116.406826 39.954507 116.415429 39.912391
116.427075 39.956444 116.430704 39.926854
116.380053 39.869615 116.430877 39.87157
116.420383 39.947681 116.375405 39.956021
116.34192 39.84816 116.364182 39.87435
116.370185 39.847014 116.348178 39.86679
116.368361 39.865303 116.344858 39.893247
116.347477 39.871146 116.371367 39.915223
116.440218 39.891186 116.404706 39.899829
116.4113 39.898908 116.394455 39.955132
116.355834 39.906733 116.428973 39.912309
116.43524 39.925374 116.379657 39.899331
116.398249 39.903566 116.341153 39.918689
116.436261 39.883501 116.382024 39.891066
116.368986 39.916053 116.384218 39.938888
116.424475 39.909179 116.382058 39.92663
116.417639 39.895836 116.43049 39.850231
116.405114 39.95537 116.400867 39.906888
116.335517 39.934252 116.375727 39.948908
116.432062 39.935867 116.393372 39.923731
116.423064 39.898576 116.381321 39.902521
116.39497 39.872402 116.362612 39.87032
116.43879 39.914815 116.434904 39.948909
116.433884 39.889674 116.33035 39.917876
116.389139 39.860342 116.425578 39.931468
116.397152 39.8796 116.432915 39.936821
116.347657 39.942362 116.405638 39.902611
116.382547 39.869956 116.358283 39.879928
116.39476 39.956088 116.418895 39.91216
116.411114 39.909585 116.417672 39.937556
116.415806 39.847807 116.42214 39.896462
116.35447 39.936867 116.38115 39.949011
116.38251 39.941289 116.348876 39.956921
116.40745 39.870915 116.416755 39.897271
116.355569 39.879677 116.349753 39.919877
116.405677 39.895727 116.40032 39.856817
116.423377 39.932324 116.429052 39.911128
116.364725 39.881095 116.426725 39.904372
116.35443 39.877616 116.361926 39.921848
116.370445 39.885229 116.418918 39.88702
116.34654 39.941295 116.34155 39.867549
116.383353 39.952531 116.396552 39.851238
116.404009 39.931004 116.426717 39.898588
116.347588 39.876428 116.416924 39.85625
116.419338 39.863881 116.420306 39.888997
116.375051 39.929881 116.403169 39.95136
116.438866 39.945513 116.386605 39.904689
116.370624 39.888115 116.433093 39.892785
116.344091 39.918542 116.346173 39.948173
116.413769 39.851257 116.340926 39.875968
116.397849 39.90111 116.426358 39.883051
116.341123 39.854548 116.364911 39.871915
116.415036 39.863882 116.413155 39.893467
116.41994 39.861879 116.412305 39.895089
116.42564 39.897689 116.370854 39.955116
116.415717 39.944313 116.431222 39.911759
116.414544 39.85127 116.426718 39.894172
116.38518 39.868411 116.3452 39.883686
116.35263 39.929131 116.380972 39.950043
116.410676 39.953463 116.436939 39.950108
116.346637 39.864178 116.381171 39.905285
116.36216 39.900689 116.42039 39.854187
116.433986 39.86783 116.372804 39.86103
116.401158 39.922223 116.421137 39.947367
116.401484 39.909751 116.426456 39.890789
116.36795 39.879955 116.422797 39.897342
116.40737 39.859728 116.435635 39.932322
116.37667 39.911983 116.418274 39.903167
116.338022 39.930675 116.379676 39.956819
116.371942 39.897082 116.346181 39.889577
116.422794 39.924427 116.411205 39.884401
116.40062 39.877563 116.439457 39.935323
116.366266 39.924446 116.408021 39.871032
116.343926 39.918157 116.424415 39.899865
116.402163 39.947696 116.425306 39.912493
116.41337 39.906139 116.394078 39.956235
116.405003 39.941168 116.433261 39.947042
116.406118 39.913985 116.369545 39.906604
116.368352 39.894369 116.335828 39.938785
116.399408 39.9562 116.417689 39.913027
116.400893 39.930314 116.413335 39.900841
116.369932 39.915985 116.388476 39.937854
116.385444 39.956776 116.379239 39.933957
116.384145 39.954948 116.377783 39.933345
116.413945 39.89962 116.428021 39.942595
116.389831 39.850457 116.330483 39.892051
116.34953 39.926397 116.376835 39.871941
116.40555 39.947652 116.428944 39.909191
116.390826 39.894599 116.348697 39.892507
116.405482 39.934712 116.424981 39.902185
116.34217 39.930549 116.431051 39.927237
116.394521 39.876233 116.36954 39.868423
116.41465 39.949764 116.422359 39.90644
116.41125 39.852456 116.422976 39.906666
116.368186 39.883055 116.416513 39.891286
116.406231 39.904468 116.363564 39.935698
116.427132 39.949767 116.331159 39.923262
116.369774 39.84934 116.418846 39.915501
116.334535 39.911476 116.345429 39.944278
116.398654 39.956935 116.411047 39.896626
116.388911 39.948434 116.423504 39.901296
116.43816 39.857885 116.415225 39.882228
116.401979 39.954102 116.402216 39.903588
116.421248 39.928437 116.387415 39.890187
116.349629 39.874501 116.374827 39.915726
116.402066 39.863471 116.43367 39.932036
116.366885 39.894946 116.332887 39.946467
116.395925 39.952893 116.338122 39.916422
116.395556 39.890956 116.369107 39.851794
116.346421 39.91761 116.371254 39.873993
116.37923 39.946595 116.419906 39.931506
116.438537 39.926397 116.357365 39.902315
116.434088 39.851851 116.430115 39.909887
116.390486 39.939926 116.441143 39.94321
116.350203 39.921128 116.348874 39.956146
116.345422 39.922338 116.428796 39.904189
116.434407 39.936201 116.395784 39.917236
116.367816 39.875578 116.333456 39.954371
116.339884 39.936422 116.374426 39.955135
116.347022 39.874203 116.417197 39.851008
116.36713 39.953021 116.391925 39.933235
116.341771 39.941314 116.407229 39.899578
116.337345 39.895761 116.393388 39.90596
116.4084 39.902004 116.36979 39.93306
116.365687 39.91206 116.421152 39.924012
116.401795 39.849846 116.388457 39.853423
116.350245 39.917376 116.371696 39.867208
116.402313 39.956181 116.421514 39.908428
116.357041 39.937457 116.427169 39.93359
116.421432 39.873777 116.404539 39.919145
116.412963 39.884086 116.422166 39.849736
116.433371 39.867675 116.379285 39.857036
116.420134 39.890893 116.42206 39.852791
116.370509 39.891857 116.398928 39.911224
116.380733 39.861219 116.427011 39.934845
116.380208 39.928664 116.405533 39.954233
116.426169 39.92452 116.394602 39.889895
116.420986 39.948505 116.421628 39.901238
116.355145 39.873568 116.333352 39.867531
116.355174 39.932502 116.388215 39.956674
116.425233 39.909405 116.387727 39.921201
116.412765 39.911587 116.408755 39.950421
116.409184 39.942216 116.423075 39.932705
116.376534 39.95753 116.414039 39.9407
116.398454 39.949953 116.41544 39.913796
116.375559 39.888914 116.433263 39.891988
116.407274 39.931327 116.413868 39.901485
116.420152 39.944332 116.396317 39.957045
116.412401 39.897689 116.363328 39.899649
116.382091 39.868643 116.342251 39.877345
116.421002 39.948668 116.369815 39.955152
116.348445 39.936063 116.427404 39.934277
116.436631 39.935574 116.391048 39.920424
116.420426 39.945828 116.393731 39.947884
116.416198 39.916759 116.436064 39.887642
116.401188 39.860923 116.351317 39.894701
116.399959 39.896648 116.343149 39.895676
116.348719 39.927633 116.348067 39.88361
116.423558 39.892172 116.422007 39.929272
116.425537 39.924403 116.420572 39.878572
116.384172 39.875332 116.359222 39.878817
116.42635 39.914876 116.384957 39.926871
116.38966 39.953335 116.344014 39.914358
116.387479 39.846642 116.348382 39.882113
116.404173 39.914819 116.361503 39.8971
116.420668 39.888515 116.424249 39.847021
116.348621 39.915335 116.374046 39.878569
116.359999 39.947336 116.429315 39.936582
116.390586 39.902654 116.402121 39.940337
116.422139 39.891999 116.393071 39.899419
116.424155 39.935729 116.421165 39.909848
116.386284 39.897322 116.345321 39.948958
116.387201 39.930041 116.336546 39.924657
116.354045 39.872956 116.338753 39.881321
116.344323 39.887072 116.388127 39.860696
116.407183 39.849224 116.367664 39.872733
116.374211 39.887453 116.341811 39.942491
116.415543 39.885029 116.427495 39.853156
116.343886 39.907033 116.378679 39.872914
116.42156 39.948549 116.379703 39.946805
116.384499 39.904395 116.341935 39.945802
116.388886 39.865321 116.366002 39.896288
116.415545 39.86008 116.384148 39.849226
116.406755 39.847657 116.364696 39.874743
116.393173 39.920719 116.437496 39.934222
116.344801 39.936256 116.392224 39.939541
116.398587 39.875498 116.363814 39.867802
116.426476 39.918741 116.417092 39.951565
116.396467 39.952034 116.414403 39.908057
116.347177 39.86066 116.388869 39.90449
116.416596 39.90181 116.438742 39.929145
116.413608 39.907327 116.418593 39.94152
116.431123 39.925944 116.415688 39.882256
116.403279 39.901389 116.366035 39.884377
116.4383 39.879883 116.420467 39.912976
116.412508 39.945158 116.395326 39.956905
116.388955 39.931436 116.440686 39.890097
116.361386 39.86346 116.340756 39.891603
116.363312 39.871507 116.396771 39.90462
116.350472 39.900371 116.405157 39.888818
116.411872 39.905592 116.433797 39.932425
116.344235 39.937905 116.343483 39.873666
116.351775 39.906131 116.404315 39.887054
116.360708 39.872041 116.338789 39.949357
116.351099 39.902026 116.401394 39.896394
116.351223 39.938846 116.351247 39.897041
116.343321 39.926693 116.349302 39.947803
116.390487 39.860615 116.368628 39.894057
116.435715 39.93631 116.393915 39.924419
116.399597 39.955058 116.41609 39.912338
116.417252 39.871495 116.436444 39.895448
116.404003 39.863889 116.435395 39.928902
116.395069 39.884756 116.439188 39.927491
116.362937 39.948441 116.393901 39.933178
116.387436 39.943322 116.343627 39.949642
116.431126 39.892328 116.397972 39.904574
116.41116 39.864245 116.416246 39.886867
116.370831 39.945525 116.411484 39.936921
116.3658 39.923616 116.401862 39.867832
116.340333 39.909521 116.378091 39.873711
116.351948 39.933037 116.384899 39.948536
116.340514 39.926587 116.371172 39.868105
116.406576 39.9111 116.426031 39.895016
116.425673 39.908495 116.422689 39.945296
116.341891 39.860392 116.388972 39.904276
116.354693 39.86712 116.331824 39.869014
116.345548 39.945478 116.40158 39.903021
116.396707 39.870078 116.362618 39.872194
116.403754 39.929151 116.4131 39.897281
116.390938 39.952008 116.335796 39.908065
116.355194 39.908181 116.338665 39.891621
116.358893 39.948163 116.354433 39.902954
116.330357 39.937224 116.374384 39.950739
116.430654 39.896543 116.390846 39.905682
116.373564 39.925181 116.430128 39.909258
116.345595 39.875195 116.371048 39.905916
116.372014 39.917493 116.410692 39.956777
116.376326 39.928067 116.401218 39.950202
116.344342 39.934794 116.330842 39.899765
116.362382 39.911352 116.387295 39.937811
116.350619 39.8874 116.441227 39.893043
116.396238 39.888874 116.434729 39.913587
116.374227 39.870811 116.423635 39.872119
116.379054 39.898539 116.414482 39.90775
116.41472 39.890759 116.423699 39.85454
116.365239 39.894204 116.397021 39.914505
116.337492 39.895505 116.415502 39.90454
116.416176 39.846476 116.427055 39.889871
116.344851 39.91601 116.373155 39.88294
116.373731 39.868321 116.427065 39.869076
116.403926 39.865956 116.436456 39.935379
116.375537 39.889269 116.405969 39.852951
116.439288 39.8697 116.424962 39.912081
116.340348 39.855927 116.363468 39.866869
116.408694 39.864016 116.432105 39.927298
116.385958 39.86122 116.366586 39.895264
116.393453 39.924842 116.43192 39.929227
116.428858 39.930581 116.424132 39.913117
116.375405 39.846836 116.359204 39.871728
116.36393 39.861596 116.414725 39.873211
116.419007 39.880192 116.428003 39.847947
116.401184 39.909107 116.424949 39.887029
116.385951 39.862347 116.42341 39.935471
116.362714 39.887463 116.413767 39.878315
116.412226 39.930771 116.436536 39.90438
116.385975 39.872595 116.358269 39.87687
116.370967 39.923458 116.423597 39.915005
116.423118 39.906697 116.386874 39.898193
116.399626 39.882753 116.43504 39.936064
116.359957 39.868761 116.338727 39.87473
116.391144 39.902451 116.427218 39.885282
116.369003 39.865879 116.412305 39.870364
116.362097 39.888813 116.420436 39.883582
116.356015 39.872662 116.335167 39.884457
116.377033 39.919322 116.4017 39.954342
116.335295 39.909362 116.347975 39.944592
116.359891 39.954527 116.351459 39.90682
116.343209 39.931043 116.421175 39.906308
116.37126 39.895971 116.406019 39.85067
116.341532 39.942215 116.401087 39.906627
116.347299 39.893296 116.347797 39.944978
116.379085 39.948883 116.419974 39.942333
116.386096 39.874488 116.349639 39.878116
116.343479 39.945363 116.342699 39.876046
116.343385 39.853187 116.361127 39.873179
116.371464 39.873244 116.414453 39.885696
116.382642 39.897963 116.409792 39.938032
116.346365 39.861138 116.384268 39.901819
116.427708 39.872884 116.406232 39.917356
116.426121 39.944988 116.345463 39.957438
116.370756 39.855664 116.331381 39.883962
116.425721 39.925784 116.394166 39.88881
116.344106 39.938827 116.405801 39.902022
116.386019 39.93311 116.434531 39.892566
