116.363053 39.911135 116.386214 39.892834
116.412366 39.949622 116.330233 39.898241
116.427758 39.918684 116.399963 39.889483
116.352053 39.847726 116.418899 39.847927
116.340991 39.918539 116.430697 39.906474
116.437678 39.858543 116.343005 39.881926
116.338612 39.861216 116.380576 39.847997
116.404142 39.946501 116.359934 39.949075
116.433959 39.893278 116.337585 39.922371
116.416476 39.950673 116.377923 39.949616
116.34478 39.932718 116.392783 39.94266
116.408022 39.922152 116.439365 39.941834
116.36969 39.882846 116.408388 39.860164
116.378072 39.846709 116.370578 39.902831
116.37155 39.939723 116.417431 39.930666
116.369971 39.911216 116.389695 39.940977
116.408721 39.933492 116.411346 39.90373
116.398503 39.917662 116.43572 39.934694
116.405026 39.920799 116.424289 39.946293
116.439753 39.941572 116.406904 39.891594
116.426394 39.948903 116.416386 39.927449
116.343269 39.922475 116.42303 39.903398
116.343843 39.891055 116.390158 39.857481
116.401921 39.919536 116.43533 39.937496
116.430684 39.847661 116.343806 39.892301
116.363241 39.946495 116.425624 39.949452
116.421244 39.92133 116.416162 39.947795
116.407784 39.935593 116.416588 39.89769
116.339561 39.873863 116.403051 39.859023
116.360736 39.891094 116.335843 39.946419
116.340961 39.909453 116.380623 39.869486
116.427511 39.853262 116.341698 39.895378
116.37668 39.899388 116.349576 39.928345
116.363448 39.899746 116.420442 39.855427
116.415512 39.948148 116.383054 39.897792
116.395678 39.924576 116.437891 39.93508
116.439338 39.899119 116.419802 39.921687
116.367059 39.860807 116.415148 39.872966
116.42256 39.85075 116.345463 39.893888
116.366597 39.949113 116.41964 39.907736
116.43109 39.883464 116.426489 39.922921
116.37884 39.905355 116.412817 39.911088
116.370496 39.93793 116.426878 39.949558
116.402898 39.870185 116.385327 39.889709
116.440156 39.91946 116.410964 39.916507
116.379109 39.853964 116.35269 39.873043
116.383868 39.930702 116.437819 39.888867
116.353515 39.85365 116.417888 39.852731
116.409127 39.854691 116.432628 39.89016
116.368698 39.918444 116.410324 39.867917
116.407573 39.940147 116.33199 39.913262
116.393763 39.854274 116.368458 39.876082
116.432029 39.897705 116.428412 39.947388
116.345559 39.950094 116.379223 39.939861
116.40829 39.943356 116.432475 39.945002
116.343468 39.927028 116.423275 39.905039
116.440688 39.874565 116.418136 39.906011
116.42949 39.869156 116.413132 39.901398
116.41007 39.888549 116.394322 39.860666
116.426469 39.889318 116.392162 39.898908
116.398616 39.886642 116.438503 39.935141
116.400352 39.903635 116.42543 39.910751
116.349103 39.862517 116.38792 39.899789
116.345283 39.890022 116.382003 39.85865
116.407648 39.914338 116.36099 39.897972
116.347497 39.893545 116.340896 39.942856
116.352623 39.955382 116.420212 39.951507
116.433023 39.92263 116.375462 39.90281
116.426817 39.849519 116.344141 39.892387
116.377238 39.940348 116.417709 39.891182
116.435355 39.920972 116.413827 39.915185
116.36258 39.916932 116.388186 39.940861
116.438753 39.864655 116.34426 39.880068
116.377754 39.905824 116.343577 39.870671
116.359369 39.890512 116.434421 39.891363
116.408339 39.89492 116.391499 39.860183
116.417694 39.895084 116.424225 39.855461
116.43449 39.888054 116.338899 39.926164
116.431839 39.9522 116.415366 39.899406
116.364463 39.942116 116.430001 39.950093
116.343946 39.954104 116.380192 39.946934
116.390777 39.8801 116.431664 39.933732
116.367867 39.876334 116.330328 39.955285
116.413945 39.881365 116.430851 39.850924
116.382174 39.85876 116.427318 39.933579
116.333706 39.861888 116.373061 39.848257
116.421158 39.856211 116.341768 39.891182
116.347398 39.9284 116.383736 39.942376
116.368241 39.873511 116.391373 39.902431
116.331448 39.879016 116.350313 39.898749
116.416113 39.938571 116.372641 39.887126
116.424839 39.914708 116.376026 39.947528
116.330354 39.931258 116.373818 39.949822
116.341728 39.873497 116.379924 39.902094
116.344471 39.861674 116.388486 39.898382
116.364625 39.934363 116.386962 39.892883
116.371082 39.935003 116.406128 39.952713
116.334775 39.923171 116.387687 39.886915
116.388918 39.859805 116.422797 39.87285
116.370647 39.874085 116.418011 39.884985
116.421052 39.936925 116.376192 39.915797
116.428051 39.894013 116.398253 39.903841
116.440612 39.895942 116.43249 39.946308
116.403024 39.936651 116.415409 39.902014
116.37311 39.890991 116.409033 39.851497
116.366503 39.943261 116.350236 39.944629
116.432981 39.891841 116.37409 39.956335
116.423592 39.894742 116.394453 39.908588
116.425089 39.913131 116.42502 39.94406
116.364241 39.865521 116.341023 39.895707
116.376585 39.941146 116.412422 39.896226
116.426365 39.945468 116.345465 39.949273
116.345492 39.866048 116.38738 39.897338
116.404347 39.850748 116.418495 39.914719
116.367082 39.923855 116.404929 39.870497
116.419914 39.864034 116.384671 39.84744
116.423341 39.894921 116.396053 39.915899
116.378632 39.882822 116.3904 39.856449
116.364905 39.919541 116.400999 39.870343
116.340609 39.951382 116.37994 39.940115
116.395749 39.850608 116.414315 39.865041
116.36622 39.885804 116.419632 39.890671
116.342248 39.903696 116.38553 39.951886
116.367711 39.903797 116.416444 39.850424
116.439836 39.901078 116.371966 39.846757
116.395062 39.884623 116.434173 39.93672
116.418216 39.898519 116.391668 39.949431
116.406536 39.91015 116.362304 39.89915
116.441182 39.904876 116.375192 39.852708
116.36703 39.930381 116.390485 39.888434
116.4027 39.929103 116.430516 39.906426
116.42508 39.883781 116.422769 39.923658
116.340065 39.869198 116.406673 39.856728
116.386851 39.874243 116.358114 39.881726
116.36756 39.856921 116.417077 39.86913
116.418133 39.871034 116.372647 39.857902
116.430189 39.856927 116.4081 39.902404
116.429452 39.94648 116.341674 39.95637
116.401337 39.8719 116.350573 39.9012
116.367935 39.92188 116.403403 39.871127
116.420259 39.942857 116.437434 39.916079
116.41404 39.955628 116.426302 39.902399
116.364645 39.918231 116.403795 39.87588
116.366807 39.921291 116.405827 39.871013
116.364627 39.923388 116.400995 39.874575
116.388378 39.875164 116.347559 39.882861
116.373622 39.886352 116.366131 39.859107
116.414692 39.889371 116.42724 39.848875
116.406809 39.947906 116.434013 39.948368
116.414019 39.848772 116.342167 39.875561
116.351655 39.953793 116.413822 39.956021
116.390133 39.856549 116.428568 39.933056
116.415801 39.941231 116.377222 39.890948
116.401941 39.951118 116.435564 39.950337
116.363501 39.875596 116.336683 39.953706
116.361913 39.884834 116.342348 39.906208
116.358721 39.894934 116.433849 39.889054
116.402505 39.903216 116.366399 39.877727
116.406048 39.865316 116.405758 39.912905
116.367745 39.926723 116.405986 39.87461
116.439933 39.871897 116.372576 39.865984
116.417649 39.878471 116.427336 39.854779
116.365276 39.933777 116.384226 39.886812
116.405752 39.856426 116.375897 39.874642
116.404862 39.87438 116.356186 39.881145
116.40216 39.912013 116.367163 39.897535
116.355501 39.894901 116.423897 39.932061
116.394575 39.91843 116.435322 39.936058
116.375565 39.899367 116.343408 39.928723
116.340885 39.890137 116.421059 39.891406
116.423499 39.912285 116.390008 39.91745
116.374364 39.911155 116.414251 39.898485
116.439693 39.934216 116.3954 39.92219
116.399003 39.890787 116.425141 39.904759
116.349329 39.847744 116.365375 39.867664
116.405304 39.953922 116.414905 39.914483
116.353291 39.953202 116.350424 39.898769
116.350589 39.949324 116.357445 39.901053
116.386058 39.847199 116.417999 39.868836
116.336256 39.884434 116.35637 39.914127
116.373309 39.936468 116.401764 39.955857
116.397344 39.952425 116.414443 39.916393
116.356748 39.88989 116.350787 39.935046
116.428179 39.848721 116.348375 39.890601
116.394953 39.849707 116.41449 39.865629
116.374485 39.84979 116.358922 39.876361
116.424378 39.877785 116.423195 39.926687
116.361889 39.917775 116.406597 39.874983
116.376342 39.905399 116.341376 39.870352
116.400853 39.896215 116.400379 39.862784
116.375924 39.883042 116.367676 39.924839
116.404334 39.95053 116.429941 39.910608
116.401496 39.894921 116.398145 39.859421
116.430294 39.848166 116.348543 39.895083
116.432398 39.911603 116.431865 39.953567
116.376704 39.935346 116.405968 39.951571
116.350768 39.953269 116.412331 39.948052
116.440772 39.891123 116.44005 39.94275
116.334831 39.880013 116.353028 39.904381
116.395907 39.851228 116.353511 39.847182
116.392192 39.85221 116.363229 39.880423
116.361843 39.927754 116.387583 39.887997
116.404541 39.859551 116.437951 39.934268
116.421815 39.95229 116.378403 39.941482
116.434238 39.84965 116.427587 39.915449
116.35561 39.949443 116.417417 39.949343
116.355756 39.875608 116.334858 39.872272
116.36231 39.916055 116.385795 39.941879
116.428097 39.881586 116.425377 39.925729
116.405819 39.941924 116.440742 39.946841
116.356513 39.853394 116.414213 39.850639
116.410854 39.853933 116.35907 39.853728
116.42308 39.940949 116.345023 39.951229
116.331358 39.890899 116.420508 39.900509
116.436927 39.911389 116.434628 39.9574
116.437956 39.902356 116.428556 39.944098
116.428442 39.933959 116.425163 39.912325
116.389636 39.871719 116.351102 39.878136
116.387861 39.865037 116.369599 39.891811
116.379603 39.873258 116.356309 39.899837
116.377252 39.870922 116.43081 39.869946
116.38746 39.874573 116.35485 39.881102
116.340032 39.860897 116.375022 39.849708
116.4228 39.906851 116.44014 39.881805
116.438898 39.850095 116.427554 39.90751
116.371702 39.951718 116.349033 39.93027
116.424118 39.909537 116.428591 39.946551
116.433966 39.892052 116.409307 39.901169
116.439971 39.945263 116.404725 39.88905
116.380661 39.854233 116.338405 39.896695
116.33474 39.933222 116.379592 39.952759
116.4313 39.869718 116.427194 39.899867
116.40643 39.936106 116.411239 39.900413
116.412824 39.950352 116.33683 39.9022
116.374699 39.880188 116.366041 39.926588
116.408855 39.926114 116.439207 39.900456
116.354501 39.890264 116.425214 39.9355
116.343035 39.934978 116.422295 39.897561
116.423601 39.90746 116.385689 39.922348
116.427791 39.851198 116.345091 39.895225
116.3685 39.94272 116.344771 39.943909
116.409014 39.898554 116.368958 39.931176
116.41597 39.891294 116.360737 39.906731
116.339849 39.875375 116.407071 39.861917
116.375331 39.849446 116.359155 39.867511
116.361718 39.91055 116.421839 39.91959
116.400588 39.881557 116.439512 39.934551
116.420333 39.888676 116.426633 39.848372
116.350148 39.906354 116.34503 39.927838
116.430258 39.855173 116.345733 39.888084
116.435234 39.893931 116.377101 39.954999
116.432476 39.859206 116.409942 39.850581
116.41128 39.853017 116.425891 39.90063
116.364543 39.914686 116.381298 39.944737
116.433581 39.847779 116.427432 39.913004
116.341807 39.920252 116.427039 39.900711
116.400227 39.875961 116.366244 39.872018
116.396483 39.927708 116.431455 39.94606
116.347226 39.861104 116.390022 39.899063
116.363626 39.919047 116.407368 39.87487
116.33182 39.861247 116.379034 39.850269
116.410251 39.909035 116.360443 39.898262
116.400572 39.851312 116.415698 39.861904
116.335479 39.930109 116.371633 39.953119
116.411695 39.949141 116.427674 39.899414
116.39788 39.873747 116.368054 39.873064
116.421954 39.882736 116.430868 39.917282
116.437416 39.894406 116.368573 39.916995
116.335043 39.936992 116.377708 39.948956
116.371014 39.850144 116.402607 39.85601
116.434968 39.875601 116.417385 39.894663
116.431004 39.850659 116.345607 39.896729
116.371266 39.918936 116.428083 39.909762
116.36352 39.912407 116.430447 39.923758
116.376362 39.870216 116.41378 39.883584
116.364067 39.871069 116.416775 39.924039
116.340812 39.915204 116.371433 39.870184
116.378818 39.94205 116.419164 39.886854
116.420115 39.948602 116.39594 39.928882
116.369588 39.933553 116.39061 39.887478
116.389638 39.866001 116.425146 39.934224
116.436562 39.938913 116.407009 39.887059
116.439777 39.85683 116.417388 39.88153
116.3969 39.95386 116.414673 39.916054
116.355478 39.847539 116.413277 39.855833
116.430953 39.954294 116.37585 39.939846
116.364926 39.847562 116.340317 39.873135
116.331119 39.865742 116.373187 39.856056
116.397732 39.861413 116.425733 39.899854
116.377015 39.904807 116.418963 39.89175
116.362731 39.908102 116.388965 39.942515
116.363551 39.915209 116.423578 39.920948
116.395414 39.937203 116.43524 39.943247
116.361417 39.930957 116.39041 39.895154
116.351347 39.854319 116.412974 39.855556
116.393557 39.953022 116.33528 39.913835
116.348874 39.934944 116.350133 39.882108
116.424494 39.938022 116.346979 39.953142
116.412987 39.862905 116.412975 39.89439
116.420303 39.888314 116.431094 39.85087
