116.330713 39.915418 116.34753 39.942028
116.378761 39.896681 116.441014 39.891697
116.346592 39.880657 116.366676 39.900866
116.340787 39.874097 116.370925 39.902379
116.331597 39.914448 116.34933 39.938254
116.407507 39.920062 116.435679 39.901343
116.398793 39.894526 116.370145 39.90178
116.358821 39.876376 116.331928 39.876226
116.354677 39.866918 116.3342 39.877478
116.418313 39.881146 116.422219 39.851698
116.375154 39.889443 116.410599 39.849447
116.348419 39.851274 116.364138 39.875581
116.399737 39.892379 116.360712 39.902464
116.432659 39.907466 116.423493 39.943484
116.360097 39.944989 116.360113 39.903271
116.347779 39.862617 116.382508 39.89862
116.409383 39.869207 116.378732 39.897307
116.436908 39.957158 116.40435 39.84661
116.33384 39.85667 116.371088 39.846877
116.343987 39.910182 116.379197 39.870772
116.339849 39.899728 116.376817 39.935006
116.392948 39.892118 116.36429 39.848992
116.429921 39.876216 116.417666 39.903108
116.42598 39.869858 116.407342 39.924011
116.379979 39.922407 116.375209 39.899377
116.413826 39.879943 116.424608 39.85074
116.372425 39.86581 116.357674 39.896322
116.393609 39.925667 116.439626 39.936802
116.364586 39.899799 116.342478 39.937406
116.352292 39.891967 116.422332 39.937104
116.439385 39.888329 116.36555 39.911847
116.345974 39.88112 116.38417 39.868189
116.351085 39.936414 116.388826 39.951623
116.439259 39.857489 116.344138 39.884771
116.370526 39.879683 116.362561 39.862691
116.336178 39.877672 116.354727 39.90287
116.33262 39.930746 116.372589 39.949553
116.375455 39.888176 116.40475 39.853451
116.410873 39.949624 116.426448 39.915538
116.404394 39.888932 116.395584 39.859885
116.40706 39.915351 116.43077 39.896596
116.36511 39.944624 116.427545 39.949545
116.357367 39.891591 116.35865 39.927529
116.409077 39.858755 116.436681 39.933004
116.380279 39.906849 116.345295 39.891517
116.351756 39.870912 116.333373 39.875945
116.376174 39.910443 116.416381 39.896938
116.404261 39.871504 116.353632 39.902791
116.351696 39.940238 116.423409 39.929065
116.437908 39.934542 116.394814 39.921634
116.362408 39.898216 116.414677 39.853059
116.413678 39.851032 116.430941 39.888941
116.371984 39.851957 116.358516 39.867019
116.333581 39.933688 116.374806 39.951041
116.387544 39.872315 116.354591 39.885764
116.366 39.863167 116.34887 39.886949
116.382925 39.955491 116.343403 39.897007
116.393392 39.920155 116.438682 39.933067
116.34442 39.93274 116.343057 39.885899
116.420785 39.853736 116.4337 39.906859
116.387371 39.953198 116.345472 39.906028
116.342541 39.954192 116.371171 39.945105
116.420003 39.88191 116.427578 39.850255
116.430082 39.937877 116.350097 39.954511
116.420411 39.957296 116.339423 39.926449
116.350277 39.922134 116.424338 39.897742
116.402454 39.860974 116.405478 39.909373
116.436106 39.921779 116.391324 39.904744
116.341121 39.87493 116.375426 39.912787
116.438086 39.892247 116.371544 39.954908
116.35296 39.931582 116.38183 39.949707
116.37917 39.932578 116.403164 39.948188
116.34269 39.886201 116.341713 39.923428
116.330726 39.892884 116.369458 39.862214
116.362356 39.916466 116.426613 39.924785
116.411617 39.895813 116.369207 39.903274
116.331377 39.918213 116.375426 39.948241
116.401137 39.860514 116.432435 39.929816
116.43929 39.943507 116.402017 39.891281
116.36583 39.896111 116.331048 39.947019
116.370681 39.930363 116.403108 39.951503
116.433089 39.878387 116.346969 39.886739
116.349446 39.953585 116.371479 39.946593
116.417087 39.877096 116.428965 39.847881
116.401422 39.942838 116.437359 39.947269
116.3412 39.909405 116.377521 39.886049
116.401494 39.900057 116.365829 39.928442
116.331911 39.936434 116.375602 39.95644
116.344635 39.86462 116.387573 39.901001
116.330452 39.901479 116.380112 39.927446
116.40954 39.925835 116.428102 39.942433
116.44088 39.855253 116.426888 39.912772
116.368642 39.871551 116.33185 39.951934
116.415083 39.880198 116.425569 39.8518
116.350461 39.938272 116.423367 39.932645
116.431934 39.860192 116.415433 39.884894
116.332048 39.892687 116.400011 39.898761
116.345566 39.914203 116.379436 39.88332
116.362624 39.887408 116.414151 39.880072
116.364822 39.942817 116.426881 39.950441
116.33077 39.896501 116.411247 39.905548
116.400821 39.921104 116.43674 39.929527
116.375799 39.886886 116.409024 39.850568
116.367731 39.906312 116.344609 39.946906
116.359712 39.883199 116.400019 39.860012
116.362395 39.948981 116.411399 39.912003
116.362674 39.910397 116.428621 39.922835
116.338957 39.887281 116.365029 39.858212
116.410221 39.90145 116.367914 39.928807
116.368212 39.896499 116.412368 39.878156
116.432523 39.948825 116.405004 39.847804
116.36492 39.941145 116.344786 39.938359
116.38817 39.954183 116.34896 39.902462
116.418832 39.886033 116.425007 39.847919
116.343854 39.865765 116.389931 39.897939
116.416471 39.865516 116.383503 39.854149
116.332614 39.927145 116.389046 39.896206
116.339298 39.935912 116.37608 39.957045
116.422879 39.954075 116.420431 39.929893
116.36732 39.853968 116.419014 39.882248
116.410328 39.922674 116.441157 39.944
116.387047 39.858847 116.430927 39.871905
116.406611 39.876006 116.360275 39.898264
116.436298 39.933039 116.394606 39.920451
116.368846 39.908393 116.387082 39.94337
116.424694 39.854724 116.340695 39.892176
116.371343 39.853269 116.339029 39.876694
116.387663 39.948755 116.372967 39.935845
116.338709 39.915592 116.340322 39.938982
116.367012 39.921618 116.410226 39.870832
116.383858 39.864134 116.365498 39.895521
116.375962 39.917957 116.376408 39.906889
116.40253 39.931311 116.425327 39.906205
116.437255 39.905478 116.414395 39.91828
116.335683 39.893287 116.396297 39.902445
116.378392 39.925082 116.401302 39.951812
116.415466 39.847112 116.341594 39.873687
116.334128 39.927737 116.380222 39.949073
116.438583 39.890088 116.36351 39.912321
116.437531 39.954546 116.422815 39.887995
116.407522 39.906732 116.364784 39.885004
116.341292 39.903599 116.368616 39.892841
116.409345 39.872015 116.418195 39.897918
116.404789 39.889109 116.399709 39.857542
116.359974 39.85541 116.418489 39.853493
116.440118 39.876724 116.348539 39.879145
116.376344 39.915701 116.419293 39.89879
116.403472 39.857065 116.41026 39.911709
116.354339 39.953526 116.35791 39.903122
116.3884 39.930828 116.337169 39.923426
116.347004 39.954401 116.377773 39.941498
116.33315 39.928926 116.371455 39.955316
116.391679 39.95032 116.335503 39.912219
116.378784 39.861523 116.412633 39.915379
116.40513 39.863049 116.43832 39.931503
116.33676 39.915295 116.345024 39.946211
116.363673 39.88019 116.415817 39.890096
116.398817 39.893853 116.365556 39.855115
116.34072 39.893906 116.390102 39.864656
116.339954 39.900076 116.378477 39.936791
116.332135 39.859907 116.379788 39.852876
116.334503 39.877916 116.356541 39.908963
116.380328 39.893916 116.406079 39.850637
116.34087 39.883209 116.345472 39.924988
116.434818 39.940037 116.40598 39.894763
116.42486 39.847228 116.346639 39.895666
116.429422 39.852937 116.344315 39.893179
116.36059 39.951355 116.41509 39.907942
116.40289 39.950795 116.440531 39.957097
116.342061 39.850353 116.369018 39.873394
116.354165 39.943222 116.360303 39.90369
116.409566 39.904815 116.361055 39.885554
116.402584 39.952104 116.433356 39.956618
116.429324 39.870204 116.409151 39.922767
116.365371 39.910443 116.388868 39.896266
116.405503 39.864301 116.405411 39.908586
116.369885 39.949034 116.395169 39.936103
116.419546 39.847418 116.428625 39.890734
116.330315 39.934835 116.37713 39.952438
116.41413 39.855624 116.422348 39.902151
116.338402 39.901754 116.371619 39.937273
116.434061 39.892994 116.438805 39.942845
116.377991 39.885535 116.362943 39.922941
116.344478 39.915586 116.379533 39.870741
116.376074 39.903491 116.345862 39.893651
116.365691 39.86789 116.397296 39.903591
116.402675 39.90838 116.361435 39.90617
116.430614 39.950968 116.379408 39.945248
116.356817 39.852619 116.414296 39.849718
116.378332 39.888227 116.416454 39.910289
116.401851 39.875184 116.371312 39.899914
116.378159 39.944167 116.415328 39.888386
116.43994 39.902218 116.428502 39.94422
116.430082 39.867843 116.418331 39.906184
116.407657 39.870613 116.418459 39.905084
116.410149 39.895616 116.400465 39.859912
116.37647 39.848191 116.370893 39.902737
116.433096 39.866382 116.41426 39.882731
116.38798 39.871144 116.35046 39.880218
116.364252 39.946614 116.345867 39.945025
116.398421 39.876055 116.364241 39.871194
116.35015 39.885085 116.340598 39.917882
116.334503 39.879961 116.356731 39.911201
116.332086 39.908326 116.341342 39.945954
116.386345 39.948796 116.391366 39.8496
116.410528 39.925301 116.440275 39.942771
116.427765 39.853393 116.348489 39.896594
116.389762 39.905988 116.418354 39.916935
116.401251 39.915474 116.429262 39.892282
116.345728 39.859222 116.386413 39.90345
116.401407 39.935514 116.427313 39.906675
116.384158 39.859966 116.423106 39.876013
116.341386 39.890526 116.415763 39.889039
116.380634 39.900701 116.375074 39.880349
116.395086 39.89678 116.342153 39.888214
116.415172 39.948299 116.36581 39.955355
116.434675 39.901958 116.373732 39.854994
116.343572 39.899007 116.425534 39.86311
116.336258 39.927251 116.372028 39.954138
116.342319 39.877792 116.385766 39.875328
116.344485 39.850067 116.369868 39.873355
116.380915 39.857091 116.368653 39.893319
116.34268 39.930887 116.428719 39.932533
116.43385 39.864649 116.42048 39.877613
116.353195 39.948217 116.359632 39.897648
116.353272 39.868129 116.330795 39.885519
116.383347 39.867712 116.354628 39.886345
116.380572 39.859325 116.354212 39.8932
116.3343 39.931739 116.377195 39.950678
116.343796 39.891448 116.413305 39.896513
116.339106 39.899898 116.376689 39.936771
116.341809 39.856815 116.388741 39.898029
116.341846 39.863198 116.382698 39.905363
116.393874 39.918691 116.432199 39.936723
116.375641 39.931843 116.406461 39.957263
116.342408 39.909499 116.374417 39.881497
116.434176 39.866479 116.341057 39.884502
116.34376 39.901883 116.367796 39.890799
116.343824 39.879451 116.346594 39.926181
116.429666 39.856443 116.349978 39.895614
116.395662 39.952279 116.420547 39.891503
116.345441 39.863409 116.382153 39.899266
116.342973 39.857373 116.383955 39.905149
116.348323 39.854484 116.366416 39.871566
116.380931 39.930026 116.331019 39.923546
116.435165 39.905515 116.424784 39.945654
116.335942 39.903728 116.374911 39.931294
116.346561 39.921059 116.372449 39.874315
116.367932 39.944271 116.344195 39.940047
116.38575 39.87051 116.348637 39.880952
116.387532 39.853849 116.416544 39.900734
116.331828 39.918895 116.373138 39.954894
116.383486 39.932663 116.433213 39.887323
116.377145 39.862325 116.419647 39.917102
116.350125 39.896336 116.345053 39.93926
116.404572 39.92615 116.43197 39.942384
116.344759 39.877077 116.382848 39.872153
116.356058 39.876206 116.333939 39.879676
116.37838 39.879179 116.411608 39.951875
116.363325 39.905647 116.414787 39.849849
116.432795 39.899899 116.411558 39.922439
116.366945 39.850052 116.41842 39.884944
116.4062 39.889233 116.393839 39.857781
116.374687 39.892064 116.401748 39.855698
116.351771 39.931583 116.382406 39.949844
116.392394 39.906724 116.34904 39.923803
116.413111 39.879899 116.42896 39.854881
116.331329 39.888887 116.417637 39.902252
116.37556 39.85007 116.332561 39.878545
116.410085 39.925441 116.429154 39.946771
116.403798 39.905866 116.36051 39.886618
116.381009 39.855157 116.349886 39.878472
116.423827 39.942926 116.349916 39.951367
116.440778 39.941467 116.38978 39.906985
116.417097 39.850314 116.438991 39.906211
116.332331 39.93641 116.379382 39.952117
116.413478 39.92553 116.37315 39.894557
116.440497 39.947512 116.40828 39.854151
116.350043 39.858964 116.386965 39.904809
116.366307 39.877207 116.427998 39.897084
116.438362 39.914285 116.430338 39.937715
116.431518 39.866083 116.348454 39.878249
116.3808 39.904499 116.413818 39.914801
116.388422 39.87315 116.355604 39.885299
116.358323 39.869458 116.332308 39.874426
116.408487 39.897616 116.369047 39.932133
116.360496 39.883254 116.403212 39.861424
116.407211 39.925407 116.438995 39.94743
116.368187 39.940789 116.349349 39.944002
116.373247 39.898133 116.342747 39.92969
116.423772 39.872624 116.415358 39.905406
116.352045 39.937055 116.389274 39.953202
116.416948 39.925744 116.379449 39.890126
116.401275 39.935918 116.411123 39.8999
116.432818 39.92556 116.41422 39.908589
116.365761 39.862399 116.342221 39.887967
116.382917 39.954681 116.341079 39.899328
116.434616 39.923418 116.353517 39.898946
116.429627 39.907032 116.383215 39.922523
116.410837 39.859254 116.404858 39.916722
