116.36651 39.956546 116.400624 39.930563
116.372512 39.897162 116.342454 39.869595
116.38124 39.92956 116.440868 39.895863
116.397159 39.928865 116.440916 39.942049
116.349539 39.862194 116.387256 39.905576
116.413218 39.916 116.411824 39.943223
116.436311 39.896616 116.401752 39.90226
116.35042 39.944376 116.357628 39.899736
116.338094 39.85895 116.371543 39.850485
116.38495 39.872457 116.344418 39.878474
116.388023 39.854797 116.413369 39.905596
116.358215 39.894502 116.42973 39.933081
116.417703 39.902692 116.396715 39.956788
116.386821 39.862302 116.427331 39.872367
116.439773 39.896846 116.37393 39.949805
116.398703 39.856534 116.42314 39.905672
116.416305 39.948356 116.424985 39.898499
116.368715 39.906009 116.347426 39.945091
116.424893 39.902327 116.368309 39.919402
116.379285 39.894144 116.346775 39.942243
116.356596 39.849213 116.416079 39.855561
116.405589 39.955112 116.414211 39.908167
116.336188 39.859722 116.374116 39.849069
116.441023 39.86649 116.420174 39.879291
116.427054 39.888131 116.426678 39.936039
116.351081 39.943878 116.424255 39.934099
116.398882 39.880505 116.435559 39.929228
116.364736 39.857134 116.416717 39.867092
116.364 39.942212 116.341336 39.942492
116.341516 39.889478 116.387452 39.860371
116.398355 39.923372 116.439724 39.93392
116.342599 39.89504 116.345572 39.946996
116.404569 39.895178 116.395587 39.862227
116.388016 39.95158 116.375382 39.931359
116.364339 39.918854 116.404384 39.876386
116.412466 39.875728 116.434772 39.893861
116.42205 39.954302 116.429217 39.917383
116.363058 39.940598 116.350099 39.94656
116.356513 39.942218 116.429402 39.933447
116.344338 39.852655 116.363218 39.872762
116.43068 39.949151 116.373574 39.94438
116.397042 39.878752 116.440311 39.934059
116.384222 39.856377 116.415423 39.87474
116.355778 39.932297 116.384765 39.947459
116.33585 39.861546 116.375241 39.856379
116.364017 39.926493 116.406643 39.869625
116.365828 39.933388 116.382339 39.894737
116.349202 39.888785 116.347374 39.943433
116.388619 39.869301 116.342526 39.880533
116.34658 39.887457 116.418319 39.896106
116.433861 39.860799 116.3498 39.879623
116.429809 39.945659 116.343971 39.950386
116.402824 39.899914 116.368343 39.877304
116.351846 39.956376 116.413237 39.954274
116.437411 39.94474 116.36343 39.904916
116.404342 39.936905 116.425169 39.905784
116.390317 39.87408 116.351935 39.883591
116.388578 39.934606 116.439115 39.88839
116.352119 39.850752 116.412227 39.850771
116.397281 39.858181 116.428222 39.906656
116.331722 39.911257 116.34181 39.943692
116.330724 39.89604 116.416041 39.906426
116.392806 39.88312 116.43764 39.933984
116.394752 39.886762 116.43429 39.932692
116.380608 39.900384 116.340892 39.891491
116.431574 39.90954 116.419189 39.950261
116.396468 39.865799 116.43096 39.906575
116.379465 39.953881 116.415611 39.941466
116.418621 39.921186 116.408741 39.950655
116.355412 39.879296 116.394558 39.858505
116.411956 39.883017 116.427259 39.84713
116.352089 39.893997 116.43725 39.890285
116.34327 39.855293 116.360851 39.872101
116.353557 39.955704 116.410984 39.954193
116.40214 39.914773 116.42764 39.892011
116.354459 39.900609 116.402654 39.892312
116.333022 39.877181 116.357384 39.898966
116.392461 39.877622 116.433729 39.929406
116.347443 39.898931 116.346303 39.932195
116.412453 39.893371 116.430777 39.856146
116.38622 39.875164 116.350161 39.879303
116.391254 39.896146 116.439341 39.914699
116.389274 39.944084 116.434934 39.94182
116.354906 39.848302 116.411126 39.849842
116.341076 39.956094 116.378065 39.945912
116.349774 39.902021 116.343714 39.93032
116.411284 39.897972 116.361305 39.916868
116.369837 39.89454 116.393559 39.912112
116.413395 39.884818 116.428674 39.855132
116.361988 39.918677 116.402492 39.873666
116.357044 39.952357 116.360048 39.906612
116.440805 39.901584 116.363302 39.94425
116.436294 39.853559 116.426216 39.912612
116.400361 39.930021 116.440586 39.942336
116.366234 39.919888 116.410091 39.867396
116.436843 39.896844 116.360624 39.90752
116.366176 39.862964 116.413801 39.867537
116.404337 39.89407 116.399499 39.85793
116.331565 39.883472 116.353119 39.908568
116.358904 39.847379 116.416125 39.853673
116.430009 39.846528 116.348721 39.888561
116.333004 39.873237 116.405147 39.864602
116.436581 39.893737 116.363009 39.913397
116.400155 39.885624 116.436633 39.936051
116.407873 39.90599 116.361875 39.930435
116.383387 39.928989 116.334955 39.925227
116.356882 39.95524 116.418503 39.95568
116.344542 39.954454 116.374345 39.942008
116.380717 39.946331 116.347439 39.948592
116.350256 39.948339 116.379583 39.942037
116.401179 39.864617 116.439907 39.934157
116.388474 39.853638 116.334806 39.8922
116.425631 39.899727 116.401308 39.847878
116.381192 39.947753 116.347356 39.909091
116.433813 39.909625 116.427657 39.947288
116.388133 39.943572 116.344518 39.950214
116.355095 39.952274 116.417761 39.952301
116.399533 39.883528 116.435642 39.929244
116.40473 39.910357 116.422903 39.890872
116.374264 39.869248 116.429799 39.8752
116.43942 39.892294 116.333431 39.924804
116.406681 39.956695 116.433437 39.949256
116.408221 39.853866 116.352028 39.854387
116.380282 39.945356 116.418042 39.933836
116.402813 39.909661 116.367387 39.901771
116.355434 39.947819 116.356191 39.897491
116.390937 39.852013 116.366549 39.885978
116.336544 39.864983 116.379487 39.848883
116.381506 39.850957 116.417459 39.900941
116.376753 39.900931 116.423627 39.901458
116.413831 39.92151 116.341937 39.935891
116.411646 39.850896 116.347942 39.866778
116.396045 39.864671 116.425148 39.903228
116.355594 39.85603 116.416102 39.848028
116.368615 39.936937 116.388802 39.892701
116.366798 39.857791 116.348505 39.891873
116.41344 39.882276 116.428579 39.85098
116.340277 39.948463 116.378865 39.944118
116.371231 39.906605 116.421428 39.950296
116.401957 39.931955 116.421594 39.90664
116.422042 39.956316 116.372714 39.94461
116.37204 39.915593 116.420967 39.905707
116.435895 39.89349 116.33802 39.920411
116.375061 39.926923 116.422397 39.913021
116.344049 39.912379 116.374428 39.881717
116.417295 39.890451 116.427801 39.848687
116.431357 39.882728 116.384607 39.8955
116.40921 39.896849 116.397087 39.862272
116.358123 39.927344 116.389359 39.948364
116.408037 39.928447 116.426273 39.904696
116.374405 39.847708 116.403751 39.851226
116.354602 39.935651 116.381086 39.954144
116.37042 39.896828 116.39655 39.907985
116.362604 39.910992 116.424396 39.918462
116.41415 39.89978 116.434945 39.935768
116.427675 39.951205 116.42897 39.919543
116.396659 39.905173 116.345358 39.919928
116.379699 39.854194 116.338784 39.879981
116.427272 39.863386 116.401386 39.9
116.367068 39.860448 116.34557 39.890859
116.332376 39.888638 116.395085 39.898776
116.440491 39.869383 116.370881 39.859237
116.357948 39.93665 116.385713 39.9477
116.433989 39.947804 116.351808 39.914813
116.385354 39.880249 116.428705 39.887854
116.369269 39.933262 116.385187 39.896087
116.368384 39.909909 116.388922 39.9453
116.364275 39.926092 116.404549 39.873919
116.432827 39.900737 116.37803 39.854802
116.340716 39.860703 116.388469 39.904722
116.434956 39.848607 116.425282 39.907936
116.365522 39.905988 116.34422 39.9461
116.361289 39.931711 116.384876 39.888206
116.391647 39.869905 116.369007 39.872649
116.409383 39.92227 116.437168 39.906397
116.369963 39.929805 116.387696 39.895897
116.36349 39.946862 116.421567 39.951807
116.419226 39.879687 116.42275 39.855409
116.362741 39.870309 116.419933 39.922965
116.435957 39.904489 116.429227 39.941761
116.391047 39.879561 116.436661 39.933839
116.404556 39.888509 116.39387 39.860461
116.393294 39.950198 116.413992 39.915346
116.375296 39.919666 116.408289 39.949717
116.438582 39.910876 116.438201 39.947851
116.34321 39.859751 116.386343 39.905826
116.352683 39.893635 116.35698 39.932784
116.43016 39.863754 116.362996 39.852115
116.416476 39.887669 116.426506 39.854206
116.364762 39.945728 116.349017 39.942842
116.412275 39.948964 116.338237 39.918398
116.374044 39.909274 116.41185 39.898326
116.384056 39.952417 116.397616 39.849288
116.406063 39.895213 116.397597 39.859094
116.436368 39.864812 116.347573 39.883094
116.363688 39.910065 116.425342 39.924599
116.346251 39.876541 116.379271 39.897455
116.438562 39.888613 116.360967 39.919903
116.353458 39.850108 116.412939 39.84813
116.36511 39.915022 116.381262 39.944175
116.399322 39.899106 116.425442 39.915475
116.344588 39.9335 116.393623 39.939415
116.355595 39.929025 116.390497 39.948784
116.410066 39.921606 116.42855 39.945338
116.433257 39.900771 116.418052 39.920387
116.42748 39.908213 116.38042 39.957239
116.400522 39.931869 116.435957 39.94174
116.355847 39.929304 116.385627 39.948369
116.379443 39.944847 116.414523 39.932748
116.351897 39.847046 116.419564 39.849109
116.440439 39.932833 116.39194 39.925798
116.371066 39.862094 116.411256 39.916379
116.365966 39.922355 116.401752 39.870157
116.434421 39.847566 116.421617 39.912149
116.357508 39.871754 116.3393 39.86869
116.413269 39.892502 116.366483 39.898787
116.389506 39.869626 116.340785 39.886623
116.345744 39.875976 116.420165 39.852496
116.436325 39.889905 116.368692 39.916998
116.34273 39.895362 116.415188 39.890611
116.372261 39.876156 116.351338 39.902039
116.353857 39.930314 116.385141 39.952533
116.370532 39.916964 116.411934 39.898925
116.41706 39.921246 116.375671 39.88956
116.435171 39.926478 116.357521 39.898882
116.366523 39.925575 116.403438 39.868888
116.427814 39.894789 116.379698 39.900308
116.356597 39.901316 116.42879 39.914885
116.348875 39.857118 116.388498 39.904373
116.374808 39.951011 116.347431 39.928186
116.337796 39.866312 116.375881 39.854833
116.393442 39.882028 116.433082 39.931187
116.4114 39.878052 116.427409 39.853971
116.430075 39.883751 116.429439 39.924199
116.416882 39.855835 116.424523 39.898808
116.362001 39.912266 116.427178 39.923519
116.379679 39.922395 116.401498 39.954846
116.349169 39.933676 116.428079 39.928144
116.379411 39.934132 116.409417 39.957489
116.373674 39.93011 116.40912 39.948134
116.369345 39.87722 116.34172 39.901007
116.365936 39.88215 116.409736 39.860256
116.440322 39.874109 116.425211 39.907611
116.416535 39.894674 116.427355 39.85062
116.430075 39.865026 116.408063 39.906226
116.406791 39.936043 116.411329 39.906737
116.39868 39.866921 116.369129 39.873884
116.432363 39.851659 116.429816 39.9101
116.425691 39.858753 116.430985 39.889748
116.440234 39.881055 116.41247 39.916795
116.358314 39.853478 116.420333 39.852239
116.358699 39.953768 116.35615 39.904075
116.437992 39.932405 116.395079 39.924892
116.358291 39.929039 116.385796 39.949824
116.367093 39.85055 116.351782 39.883267
116.422767 39.937602 116.34786 39.950524
116.427486 39.889835 116.395722 39.905947
116.367118 39.859051 116.415645 39.867496
116.342513 39.890143 116.341387 39.946067
116.438915 39.852466 116.421784 39.913094
116.432282 39.851693 116.430289 39.908689
116.408843 39.921216 116.439268 39.900486
116.413153 39.917807 116.372064 39.921462
116.349879 39.888002 116.385922 39.865493
116.365725 39.949131 116.397447 39.933327
116.336075 39.886326 116.355005 39.897913
116.414987 39.850105 116.423444 39.891562
116.412087 39.942832 116.378285 39.888202
116.384369 39.94728 116.346957 39.955275
116.362542 39.887897 116.399161 39.907569
116.382782 39.931713 116.337235 39.91722
116.351382 39.848734 116.419514 39.856231
116.441261 39.925408 116.417469 39.907397
116.392878 39.886472 116.434521 39.93051
116.434408 39.864593 116.412946 39.877408
116.364267 39.924012 116.403646 39.872579
116.391531 39.928904 116.438822 39.940717
116.365627 39.890266 116.393754 39.910318
116.41745 39.917375 116.349175 39.935443
116.367303 39.904477 116.417339 39.855078
116.350547 39.945719 116.359236 39.901381
116.346089 39.956152 116.372099 39.939254
116.331834 39.880438 116.359849 39.900024
116.411496 39.926859 116.376703 39.894887
116.365308 39.894053 116.393046 39.914021
116.362758 39.857917 116.341855 39.887615
116.390153 39.857541 116.429403 39.93258
116.433263 39.854339 116.431054 39.913047
116.411784 39.890291 116.367723 39.904065
116.365834 39.91549 116.389831 39.89188
116.41051 39.949579 116.423771 39.915544
116.422357 39.956121 116.339794 39.922103
116.382759 39.930182 116.332989 39.925824
116.358098 39.951525 116.354781 39.905051
116.437931 39.936263 116.392966 39.918065
116.409721 39.851439 116.41622 39.91571
116.366625 39.910494 116.381159 39.896438
116.429571 39.89902 116.402944 39.851815
116.423615 39.947996 116.374865 39.94313
116.342485 39.912524 116.376382 39.873974
