116.42844 39.87141 116.42009 39.90572 1
116.43475 39.9414 116.42478 39.8989 2
116.41859 39.94789 116.36479 39.95437 1
116.4055 39.8739 116.37958 39.90334 1
116.33836 39.87932 116.36001 39.90112 2
116.40945 39.89154 116.40077 39.86315 2
116.41155 39.92853 116.37062 39.91221 1
116.34121 39.93013 116.38378 39.95116 2
116.38062 39.94915 116.41299 39.94658 1
116.35557 39.85636 116.41818 39.84994 2
116.40244 39.91769 116.43579 39.90026 2
116.33377 39.885 116.35759 39.9089 2
116.33769 39.92669 116.37691 39.95707 1
116.37818 39.90962 116.41366 39.90172 2
116.37129 39.8759 116.42333 39.86921 2
116.34606 39.93389 116.42931 39.90257 1
116.43354 39.90695 116.42324 39.94372 1
116.41851 39.94911 116.33375 39.92531 2
116.38056 39.95633 116.41659 39.94379 1
116.40532 39.87368 116.41699 39.90669 1
116.34274 39.89774 116.42416 39.90882 2
116.36854 39.89472 116.33027 39.94225 1
116.40846 39.87004 116.42065 39.90183 2
116.36278 39.91841 116.40116 39.87435 2
116.39107 39.85181 116.36522 39.86992 1
116.36231 39.85979 116.41311 39.87461 2
116.4013 39.93507 116.4199 39.90237 2
116.38039 39.95012 116.41447 39.94001 2
116.41218 39.94666 116.37354 39.89538 2
116.44121 39.90741 116.4369 39.95311 2
116.38396 39.88035 116.42473 39.88851 2
116.37946 39.90448 116.4185 39.89586 1
116.33457 39.90528 116.3711 39.92872 1
116.37945 39.95378 116.41919 39.93914 1
116.37473 39.90829 116.4123 39.90662 1
116.37106 39.91682 116.4163 39.90239 1
116.39306 39.88373 116.43262 39.93315 2
116.3464 39.89761 116.36852 39.88995 2
116.38809 39.88261 116.42339 39.88728 2
116.41416 39.92896 116.37246 39.90918 2
116.37292 39.90193 116.34859 39.92905 1
116.42307 39.85727 116.40365 39.89721 2
116.41783 39.94943 116.3666 39.94893 2
116.40607 39.89014 116.39715 39.85959 1
116.37876 39.8892 116.41254 39.90817 2
116.37365 39.91575 116.41707 39.89757 1
116.39647 39.86335 116.42313 39.90513 1
116.38198 39.88496 116.42528 39.88692 2
116.37587 39.89244 116.41586 39.90965 1
116.43798 39.94607 116.38866 39.90321 2
116.39641 39.86454 116.42656 39.90665 2
116.40636 39.852 116.37663 39.8682 2
116.3387 39.88458 116.35767 39.91456 2
116.42522 39.86024 116.42709 39.88847 1
116.41749 39.93449 116.43979 39.90597 2
116.35604 39.86871 116.33037 39.86946 2
116.41641 39.94397 116.43801 39.91076 1
116.4065 39.89051 116.39681 39.86194 1
116.40921 39.93225 116.42594 39.90385 1
116.33588 39.9337 116.37296 39.95011 2
116.38666 39.87745 116.42172 39.89227 1
116.42813 39.95194 116.33388 39.92405 1
116.36944 39.89598 116.33392 39.94461 1
116.34859 39.9241 116.42917 39.90368 2
116.35119 39.85186 116.41765 39.85539 2
116.38143 39.87131 116.34358 39.87917 1
116.36667 39.91379 116.38783 39.941 1
116.3475 39.92182 116.42611 39.89936 2
116.40739 39.89706 116.36696 39.88659 1
116.39578 39.85993 116.42115 39.90563 2
116.40542 39.89457 116.39765 39.8567 2
116.41673 39.92955 116.37497 39.91028 1
116.40141 39.93892 116.43526 39.93899 1
116.36221 39.86647 116.41134 39.87459 2
116.41764 39.94002 116.43758 39.91648 1
116.40754 39.91739 116.42719 39.94377 2
116.40622 39.94504 116.43928 39.94461 2
116.34683 39.93319 116.4219 39.89713 2
116.37925 39.95193 116.42094 39.9441 2
116.34625 39.90571 116.34743 39.92962 2
