-73.97904 40.76809 -73.94653 40.7872 1
-73.94649 40.77346 -73.97302 40.74546 1
-73.95522 40.80693 -73.97577 40.7558 2
-73.93732 40.70486 -73.96544 40.75266 1
-74.0136 40.71413 -73.98483 40.75427 2
-73.91767 40.77163 -73.96702 40.76442 2
-73.99565 40.75156 -74.01252 40.7046 2
-73.95496 40.8084 -73.96093 40.77036 1
-73.94341 40.70277 -73.96379 40.75369 2
-73.9467 40.77802 -73.97183 40.78274 1
-73.97925 40.74857 -74.01676 40.71239 2
-73.97483 40.74667 -74.0109 40.72005 2
-73.96325 40.75965 -73.98671 40.7315 2
-73.95249 40.79234 -73.97217 40.78659 1
-73.95063 40.79541 -73.97045 40.76193 2
-73.96553 40.75919 -73.96121 40.78866 2
-73.94746 40.77609 -73.98675 40.7464 1
-73.94717 40.77311 -73.97084 40.7501 1
-73.97075 40.80095 -73.95626 40.76944 1
-74.00287 40.76906 -73.96592 40.79901 2
-73.98593 40.78088 -73.95553 40.805 2
-73.97829 40.73925 -73.94462 40.78888 1
-74.00862 40.71414 -73.99631 40.75118 1
-74.00459 40.75441 -74.01408 40.70516 2
-73.92344 40.77518 -73.96294 40.7648 2
-73.9228 40.74449 -73.98344 40.74337 2
-73.99997 40.75101 -74.00735 40.72216 2
-73.94674 40.77714 -73.98662 40.76587 1
-73.98966 40.74721 -74.01194 40.71899 2
-73.94713 40.77914 -73.9752 40.75686 1
-73.93349 40.75324 -73.99544 40.71874 2
-73.95106 40.77738 -73.9642 40.79437 1
-73.99772 40.75713 -73.95732 40.80513 2
-73.94523 40.79728 -73.96368 40.7685 2
-73.94418 40.78049 -73.97685 40.76478 2
-74.00212 40.7372 -73.97291 40.75293 2
-74.00337 40.70582 -73.97932 40.74169 2
-74.01807 40.71988 -73.9981 40.75374 2
-73.9757 40.73778 -73.99981 40.74329 1
-73.92141 40.77683 -73.96249 40.7688 1
-73.93852 40.70635 -73.96419 40.751 2
-73.94666 40.79854 -73.96304 40.76788 1
-73.9771 40.78854 -73.9625 40.75263 2
-73.93966 40.70708 -73.96815 40.75577 1
-73.91694 40.74436 -73.96944 40.7602 1
-73.9512 40.79315 -73.98937 40.78535 2
-74.00472 40.7444 -74.014 40.71506 1
-73.9956 40.77762 -73.99299 40.7451 2
-73.9505 40.78347 -73.97901 40.74188 2
-73.94364 40.70624 -73.96443 40.75326 1
-73.95185 40.7946 -73.96846 40.76481 1
-73.97204 40.78171 -73.9617 40.80303 2
-73.99883 40.75459 -74.00986 40.71442 1
-73.97092 40.80432 -73.96144 40.77709 1
-73.97647 40.74488 -74.00566 40.70449 2
-73.997 40.77372 -73.99201 40.74167 1
-73.9845 40.73904 -74.005 40.7093 2
-73.91646 40.75787 -73.95842 40.72479 2
-74.01683 40.71917 -74.0032 40.75098 1
-73.95688 40.7507 -73.99612 40.74491 2
-73.95534 40.79909 -73.95621 40.77811 2
-74.00861 40.73261 -73.98489 40.75205 1
-73.99834 40.70076 -73.96486 40.75414 1
-74.00044 40.76088 -73.95347 40.78667 2
-73.92571 40.76294 -73.98546 40.74962 1
-73.94777 40.78815 -73.99278 40.7578 1
-73.95349 40.80295 -73.98022 40.78191 1
-73.91928 40.75009 -73.95788 40.72978 1
-73.95747 40.7591 -74.01754 40.70638 2
-73.9163 40.74104 -73.95484 40.76158 1
-73.99471 40.75185 -74.01264 40.71167 1
-73.98071 40.74541 -74.01684 40.70525 1
-73.92611 40.76568 -73.98061 40.75382 1
-73.94731 40.78822 -73.97106 40.75591 1
-73.9323 40.76676 -73.97623 40.75333 1
-73.95993 40.75137 -73.99664 40.74091 1
-73.92449 40.77511 -73.96545 40.7628 1
-73.96147 40.75454 -74.01327 40.70207 1
-73.97765 40.75988 -73.95904 40.78131 1
-73.97865 40.744 -73.95328 40.76253 1
