-73.93938 40.77506 -73.96846 40.75154 2
-74.00238 40.76758 -74.0099 40.71162 2
-73.97007 40.80144 -73.95382 40.765 2
-73.93779 40.70881 -73.97047 40.75418 2
-73.94369 40.77199 -73.96585 40.75573 1
-73.99154 40.75976 -73.95256 40.77737 2
-73.94087 40.70844 -73.96449 40.75272 1
-73.95102 40.78163 -73.97296 40.75297 2
-73.99297 40.77535 -73.99302 40.74795 2
-73.9759 40.74346 -74.01057 40.71833 2
-73.97868 40.73972 -73.98149 40.71632 1
-73.99433 40.76665 -73.96155 40.77286 2
-73.95594 40.80272 -73.96192 40.77393 1
-73.97793 40.73469 -74.01559 40.71547 2
-73.97831 40.72079 -73.96293 40.75993 1
-73.97422 40.73894 -74.00898 40.71143 1
-73.93989 40.77846 -73.97163 40.7503 1
-73.97765 40.73994 -74.01235 40.70423 2
-73.95752 40.78408 -73.97816 40.75564 1
-73.96646 40.80258 -73.99515 40.76699 1
-73.91988 40.74684 -73.95867 40.76534 1
-73.93659 40.70589 -73.96879 40.75679 1
-73.95419 40.76462 -73.98765 40.71447 1
-73.94038 40.7933 -73.96604 40.75965 1
-73.99746 40.77461 -73.9927 40.73982 1
-73.98212 40.75409 -74.01566 40.7098 1
-73.93578 40.77197 -73.96296 40.75617 1
-73.96865 40.80105 -73.98819 40.76385 1
-73.96384 40.80125 -73.98676 40.76675 1
-73.94397 40.77548 -73.96863 40.75742 1
-73.95161 40.764 -73.97588 40.74664 1
-73.96287 40.77654 -73.98829 40.75674 1
-73.99265 40.76373 -73.94971 40.78205 2
-74.00372 40.7305 -73.98928 40.7664 1
-74.00468 40.72884 -73.97738 40.7413 2
-73.94754 40.78523 -73.96587 40.75472 2
-73.98569 40.72876 -74.00417 40.76548 1
-73.93535 40.70621 -73.96943 40.75123 1
-73.91846 40.74008 -73.98387 40.74628 1
-73.92328 40.75176 -73.96208 40.72296 2
-73.98773 40.71362 -73.94982 40.7056 1
-73.94153 40.79355 -73.96426 40.76448 2
-73.96931 40.80034 -73.97831 40.77562 1
-73.9523 40.76504 -73.93176 40.74592 1
-73.94614 40.78106 -73.99655 40.75926 1
-73.93787 40.77795 -73.96907 40.7552 1
-73.93472 40.70978 -73.96569 40.75755 2
-73.99212 40.77419 -73.99763 40.74113 2
-73.97109 40.74833 -73.95446 40.78267 1
-73.99119 40.76727 -73.99847 40.71045 1
-73.98906 40.77069 -73.95721 40.78193 2
-73.97382 40.72617 -74.00583 40.71572 1
-73.99798 40.76307 -73.94428 40.77383 2
-73.95549 40.7624 -73.94981 40.79756 1
-74.00512 40.72134 -73.9643 40.71699 1
-73.97775 40.73349 -74.01765 40.70522 2
-73.93784 40.70779 -73.96902 40.75549 1
-73.97328 40.72226 -73.96745 40.76104 2
-73.92073 40.75647 -73.95377 40.72062 1
-73.97741 40.72692 -73.99547 40.75442 1
-73.96027 40.79259 -73.97311 40.7546 2
-73.98852 40.7099 -73.96431 40.77894 1
-73.96313 40.77597 -73.9941 40.75573 1
-73.93432 40.76704 -73.98115 40.74333 1
-73.97757 40.7966 -73.99688 40.75826 2
-73.92227 40.74455 -73.98942 40.74201 1
-73.97144 40.80679 -73.97698 40.76274 1
-73.93734 40.70674 -73.96262 40.75692 2
-73.9669 40.80747 -73.98327 40.76935 1
-73.94937 40.78609 -73.97505 40.7526 2
-73.98625 40.7218 -73.97175 40.75563 1
-73.93807 40.70759 -73.9653 40.75887 1
-73.99269 40.76664 -73.93737 40.79566 1
-73.97032 40.79257 -73.96934 40.761 2
-73.96481 40.80237 -73.98382 40.77711 1
-73.94278 40.77738 -73.96773 40.75112 2
-73.99766 40.70374 -73.96894 40.7583 1
-73.95842 40.76775 -73.98207 40.72389 1
-73.95908 40.76163 -73.93398 40.79147 1
-74.00821 40.7646 -73.97188 40.79711 1
