-73.97907 40.75116 -74.00895 40.70266 1
-73.9736 40.76739 -73.95016 40.78388 1
-73.98226 40.70059 -73.97022 40.77505 2
-73.95231 40.7793 -73.98855 40.76638 2
-73.96929 40.77565 -73.99075 40.76869 1
-73.95899 40.75778 -73.99449 40.74855 2
-74.00612 40.71908 -73.99114 40.76703 2
-73.92207 40.752 -73.96064 40.72221 1
-73.97225 40.76109 -74.0046 40.7345 2
-73.92474 40.76082 -73.99632 40.72213 1
-73.98211 40.76824 -74.00409 40.7408 1
-73.98048 40.71587 -74.00479 40.70282 1
-73.96773 40.78335 -73.99659 40.74991 2
-74.01734 40.71533 -73.99909 40.75032 1
-73.95731 40.7922 -73.97327 40.76703 1
-73.97463 40.71761 -74.00433 40.70414 2
-73.96262 40.77514 -73.98732 40.75441 1
-73.97549 40.71521 -74.01499 40.7013 2
-73.99255 40.71053 -73.97322 40.74844 1
-73.97548 40.74282 -74.0135 40.71103 1
-73.92342 40.76238 -73.99813 40.72619 2
-73.97062 40.76803 -73.98303 40.72098 1
-73.99472 40.71242 -73.99615 40.75155 2
-73.94157 40.77496 -73.96601 40.75124 2
-73.95106 40.77047 -73.96786 40.76629 1
-73.96791 40.7754 -73.94485 40.79115 1
-73.9572 40.79971 -73.97366 40.74968 1
-73.94688 40.77421 -73.93609 40.80619 1
-73.96322 40.77569 -73.99707 40.75482 1
-73.99705 40.72617 -73.9796 40.75266 2
-73.94391 40.78458 -73.97273 40.76276 1
-73.9445 40.77421 -73.98132 40.74923 2
-73.95307 40.78465 -73.9983 40.73269 2
-73.97459 40.73058 -74.00778 40.70199 1
-73.92444 40.75628 -73.96192 40.72111 2
-73.97899 40.73662 -74.00888 40.70329 2
-73.95013 40.77276 -73.97295 40.75682 2
-73.98835 40.77904 -73.99037 40.74244 1
-73.98014 40.73587 -74.01154 40.70255 2
-74.01402 40.71599 -73.97998 40.7497 2
-73.97314 40.74949 -74.01655 40.70809 2
-73.97465 40.71069 -74.00004 40.70329 1
-74.00917 40.71856 -73.99132 40.75649 1
-73.9744 40.74277 -74.01056 40.70675 1
-73.919 40.74012 -73.96972 40.76289 1
-73.98027 40.73503 -73.99978 40.71642 2
-73.94864 40.78851 -73.97741 40.77295 1
-73.94723 40.78318 -73.98649 40.75971 2
-73.99193 40.76187 -73.95824 40.76157 1
-73.96223 40.80131 -73.98908 40.77315 1
-73.95759 40.801 -73.98738 40.76122 1
-73.97509 40.75881 -73.95863 40.78632 1
-74.00023 40.71663 -73.99585 40.75443 1
-73.93707 40.79858 -73.963 40.76348 2
-73.97462 40.74303 -74.00656 40.72285 2
-73.98387 40.74624 -74.01326 40.72915 2
-73.94499 40.77527 -73.9415 40.8059 2
-73.93698 40.70369 -73.96478 40.75271 1
-73.93867 40.70072 -73.97012 40.75905 1
-74.00799 40.72372 -73.99953 40.75113 2
-73.99163 40.71121 -73.9827 40.74602 2
-73.96437 40.77612 -73.99562 40.73145 2
-73.94535 40.78327 -73.97365 40.75406 1
-73.9237 40.75092 -73.95759 40.7261 1
-73.97424 40.75765 -74.01444 40.70873 1
-73.95057 40.77925 -73.97363 40.75903 1
-73.97449 40.74894 -74.01604 40.7034 1
-73.95583 40.79151 -73.97657 40.75252 2
-73.98007 40.73896 -74.01221 40.71902 1
-73.96625 40.78155 -73.98581 40.75993 1
-73.94924 40.78801 -74.01077 40.71007 1
-73.94383 40.78813 -73.97733 40.74039 2
-73.94823 40.79705 -73.98236 40.77302 2
-73.97325 40.76497 -73.99847 40.73976 2
-73.94739 40.79655 -73.97322 40.78651 2
-73.98567 40.73659 -74.0139 40.71348 2
-73.9714 40.76928 -73.98763 40.72068 1
-73.9619 40.79935 -73.95399 40.77813 1
-73.94777 40.78053 -73.97383 40.75743 2
-73.98455 40.74731 -73.96913 40.7771 2
