113.2319 23.15927 113.24263 23.12038 1
113.26722 23.17392 113.27079 23.14157 2
113.23083 23.09978 113.31552 23.13805 1
113.29617 23.16139 113.26941 23.16145 2
113.22411 23.16744 113.24797 23.12321 1
113.32073 23.16431 113.28113 23.12286 1
113.31103 23.15266 113.32545 23.13559 1
113.24354 23.12659 113.2565 23.18559 1
113.32572 23.13349 113.25317 23.11257 2
113.25101 23.12266 113.26018 23.19147 1
113.31624 23.17768 113.31045 23.13106 2
113.26899 23.15117 113.2645 23.13296 1
113.26381 23.20854 113.30673 23.15632 1
113.32224 23.14126 113.33076 23.16185 1
113.29254 23.15464 113.26632 23.14603 1
113.26546 23.15073 113.27158 23.13521 1
113.29318 23.13337 113.2456 23.11047 2
113.3147 23.18678 113.30486 23.15753 2
113.23197 23.17384 113.23764 23.12204 1
113.31537 23.18156 113.31042 23.15248 1
113.28283 23.12353 113.31004 23.12642 2
113.27116 23.17344 113.26337 23.14468 1
113.29864 23.16717 113.26416 23.16764 2
113.32825 23.16646 113.3173 23.19369 2
113.2464 23.13311 113.3193 23.14268 2
113.24517 23.12183 113.25434 23.19703 1
113.24476 23.12591 113.30339 23.14753 2
113.26578 23.20801 113.31284 23.15355 1
113.24326 23.13355 113.31161 23.12368 1
113.27045 23.15628 113.26893 23.13796 2
113.32202 23.12537 113.24125 23.10432 2
113.29511 23.13241 113.25212 23.11073 1
113.29814 23.12529 113.26823 23.10401 2
113.25928 23.16037 113.26235 23.10603 2
113.32211 23.18024 113.3076 23.15318 2
113.28936 23.13461 113.25957 23.11874 1
113.2648 23.17387 113.27164 23.14737 2
113.29544 23.12668 113.26299 23.10074 1
113.26273 23.20874 113.27344 23.12011 1
113.31435 23.12042 113.33123 23.14198 2
113.24651 23.12357 113.30737 23.13834 2
113.31953 23.18213 113.31028 23.15179 1
113.26959 23.15611 113.26984 23.13044 1
113.3077 23.14235 113.3331 23.12015 2
113.26735 23.14429 113.24371 23.12078 2
113.27153 23.17855 113.27143 23.14695 1
113.2691 23.11648 113.3106 23.13208 1
113.25761 23.17792 113.25121 23.13332 1
113.26517 23.1438 113.24946 23.17614 1
113.2904 23.13315 113.26042 23.15301 1
113.26637 23.15341 113.26941 23.12332 2
113.28273 23.20854 113.24362 23.15307 1
113.22944 23.16547 113.24726 23.12383 2
113.27188 23.20889 113.23283 23.20673 1
113.26449 23.10824 113.31134 23.13758 1
113.31627 23.14064 113.32816 23.16177 2
113.23347 23.12994 113.31061 23.15213 1
113.31659 23.12151 113.32388 23.14095 2
113.24797 23.12268 113.25285 23.19578 2
113.23319 23.1219 113.28115 23.13554 1
113.30132 23.16232 113.26628 23.16742 1
113.29102 23.10881 113.26314 23.12707 1
113.26087 23.18146 113.31816 23.15706 1
113.29832 23.13014 113.25125 23.11078 2
113.25414 23.16507 113.25812 23.10208 2
113.29441 23.16668 113.27118 23.16529 2
113.31998 23.15986 113.28005 23.14077 2
113.32431 23.13775 113.28465 23.13 1
113.23386 23.10839 113.236 23.13848 1
113.31541 23.12737 113.32998 23.14039 2
113.28051 23.14231 113.27315 23.12062 2
113.29552 23.14632 113.26868 23.1624 2
113.26776 23.18004 113.24924 23.1517 2
113.31381 23.12462 113.24233 23.09865 2
113.31404 23.17486 113.30945 23.13267 2
113.24722 23.12013 113.25827 23.19133 2
113.29689 23.13675 113.24577 23.11294 1
113.24994 23.12308 113.25627 23.18796 1
113.25782 23.13265 113.23084 23.13863 2
113.26699 23.11997 113.22538 23.1042 1
