116.40583 39.87622 116.35228 39.88387 2
116.36359 39.93727 116.38261 39.89573 2
116.3348 39.91682 116.346 39.93766 2
116.38312 39.87502 116.34862 39.88284 2
116.41024 39.90217 116.36997 39.93267 2
116.42436 39.94223 116.34913 39.94824 1
116.35765 39.95647 116.41595 39.95206 1
116.39033 39.86189 116.4255 39.86701 2
116.4153 39.87378 116.37776 39.85844 2
116.43116 39.9496 116.41155 39.9296 1
116.36297 39.91685 116.42776 39.91844 1
116.33295 39.93471 116.37189 39.94747 2
116.37073 39.85835 116.3566 39.88717 1
116.36918 39.92317 116.40125 39.8741 2
116.37638 39.91878 116.37323 39.9004 2
116.41049 39.95503 116.43189 39.95382 1
116.38345 39.94467 116.43199 39.93771 2
116.41691 39.94528 116.4405 39.91167 2
116.42732 39.94278 116.34071 39.94813 2
116.35696 39.89645 116.35665 39.9332 2
116.43267 39.95147 116.41732 39.8985 2
116.43617 39.94454 116.36423 39.90056 1
116.35392 39.95315 116.35211 39.90482 2
116.4344 39.85377 116.43056 39.90971 2
116.43178 39.93288 116.40025 39.92339 1
116.34232 39.94858 116.37125 39.94483 2
116.35766 39.87309 116.33635 39.87511 2
116.36511 39.93174 116.38595 39.88978 2
116.4212 39.87496 116.40803 39.91831 2
116.40561 39.95316 116.40304 39.89702 1
116.40627 39.91513 116.42317 39.88889 1
116.34506 39.93179 116.34627 39.8784 1
116.4011 39.86784 116.38338 39.88791 2
116.34181 39.90951 116.37257 39.88264 1
116.39839 39.89071 116.36063 39.90495 2
116.44082 39.93173 116.39642 39.92013 2
116.35758 39.957 116.41107 39.95658 1
116.42204 39.95723 116.41795 39.92769 1
116.36051 39.94643 116.42677 39.95132 2
116.39616 39.91898 116.43967 39.93669 2
116.40496 39.9373 116.4299 39.90048 2
116.40092 39.90863 116.36398 39.89896 2
116.41981 39.86998 116.35243 39.90229 2
116.37171 39.88579 116.38551 39.84925 2
116.41286 39.95412 116.39695 39.92826 2
116.43305 39.89929 116.42859 39.93965 2
116.42399 39.86709 116.40091 39.92664 2
116.33597 39.89021 116.41448 39.89819 1
116.39352 39.8951 116.43465 39.90988 1
116.43556 39.8869 116.43922 39.94129 1
116.37466 39.85916 116.41839 39.91438 2
116.41512 39.95473 116.39159 39.93664 2
116.41014 39.91433 116.36689 39.90617 1
116.3587 39.94976 116.41377 39.95047 1
116.41796 39.95427 116.36181 39.95291 1
116.40447 39.91214 116.36197 39.90069 2
116.36756 39.93901 116.4298 39.95741 2
116.40698 39.90279 116.36652 39.88671 1
116.43515 39.95648 116.43066 39.89175 1
116.39034 39.94655 116.34677 39.94782 1
116.33831 39.90657 116.37571 39.93383 1
116.35305 39.95021 116.41516 39.95164 2
116.43575 39.88683 116.37269 39.95254 1
116.43937 39.92942 116.39958 39.91847 1
116.40569 39.94994 116.4057 39.89905 1
116.39275 39.92488 116.43327 39.92972 2
116.42629 39.87591 116.40226 39.91813 1
116.42289 39.89438 116.37792 39.90518 1
116.3489 39.86443 116.38792 39.9009 2
116.42044 39.90387 116.39069 39.88175 1
116.36738 39.93176 116.39047 39.89344 1
116.43037 39.95643 116.4136 39.93493 2
116.41118 39.87958 116.42705 39.85238 1
116.42527 39.87011 116.40704 39.92002 2
116.33402 39.891 116.39633 39.90191 1
116.41498 39.88444 116.43068 39.84926 1
116.41191 39.8741 116.43515 39.8921 1
116.36895 39.92546 116.40801 39.87619 1
116.39781 39.89634 116.42587 39.90568 1
116.41572 39.87423 116.35934 39.90393 2
