113.30181 23.16677 113.26581 23.15864 2
113.29164 23.13255 113.25296 23.1207 1
113.30155 23.14387 113.2714 23.16693 2
113.32953 23.17595 113.24412 23.15296 1
113.26427 23.13926 113.27861 23.20217 1
113.25748 23.20069 113.28208 23.11857 2
113.31345 23.16037 113.31816 23.12861 2
113.26166 23.20102 113.31848 23.16122 2
113.3093 23.10449 113.30936 23.15663 1
113.24643 23.15755 113.30979 23.1436 1
113.29526 23.13374 113.24381 23.11637 1
113.31945 23.15722 113.30587 23.12838 1
113.29582 23.1265 113.26316 23.10567 1
113.25139 23.15345 113.2669 23.14738 2
113.28987 23.13758 113.25984 23.12638 2
113.24359 23.18269 113.26118 23.15643 2
113.26243 23.13845 113.2649 23.11844 2
113.253 23.12946 113.22926 23.14454 2
113.30336 23.10288 113.31308 23.15415 2
113.31942 23.16343 113.27477 23.12814 1
113.24751 23.17916 113.2263 23.1451 2
113.2712 23.14149 113.25054 23.11912 2
113.26785 23.15138 113.26602 23.12289 1
113.25498 23.11999 113.28381 23.13819 2
113.32813 23.14157 113.26718 23.16157 1
113.29581 23.13671 113.24827 23.11227 1
113.25735 23.20813 113.27489 23.12233 1
113.2683 23.20388 113.23746 23.20075 1
113.29826 23.10827 113.22702 23.13077 2
113.256 23.12874 113.24686 23.14369 1
113.29648 23.15865 113.26994 23.15925 1
113.31561 23.11172 113.32158 23.15569 1
113.29261 23.13273 113.31858 23.1191 1
113.28172 23.09972 113.32195 23.15751 1
113.29433 23.16414 113.27133 23.16059 2
113.31842 23.11646 113.31471 23.15816 2
113.31507 23.12335 113.32596 23.13937 2
113.2421 23.13418 113.30729 23.15682 1
113.25277 23.1542 113.27846 23.1355 1
113.29694 23.1435 113.27085 23.16434 2
113.2958 23.14809 113.27472 23.13404 1
113.24959 23.15286 113.27708 23.13851 2
113.28086 23.12629 113.31847 23.12748 2
113.32247 23.1688 113.30728 23.13049 2
113.25437 23.14838 113.22943 23.13169 2
113.32288 23.12402 113.24177 23.09835 2
113.26719 23.20756 113.31054 23.15685 1
113.30947 23.10701 113.31127 23.15693 2
113.25358 23.20281 113.3199 23.15898 2
113.24241 23.14518 113.27534 23.12326 2
113.29347 23.1164 113.2304 23.13376 2
113.27396 23.20473 113.27278 23.11697 2
113.24012 23.12838 113.31169 23.15734 1
113.29454 23.1122 113.2267 23.12951 2
113.33155 23.1721 113.24625 23.15791 1
113.32001 23.17707 113.30544 23.1314 2
113.31475 23.12512 113.32577 23.1387 2
113.30554 23.10559 113.31237 23.15263 1
113.26712 23.20479 113.28004 23.12762 1
113.28444 23.15727 113.26389 23.14132 2
113.26698 23.14713 113.27613 23.20658 1
113.25985 23.15297 113.27507 23.13668 1
113.25299 23.1664 113.25399 23.10602 2
113.32229 23.15863 113.27301 23.14581 1
113.26325 23.13849 113.24787 23.12769 2
113.26641 23.117 113.31068 23.1307 1
113.29957 23.14353 113.27433 23.12942 2
113.26263 23.20299 113.32016 23.16198 2
113.28415 23.15821 113.2691 23.14674 1
113.2999 23.14233 113.26598 23.15869 2
113.258 23.15593 113.28494 23.14694 1
113.25675 23.19922 113.31694 23.16379 2
113.32851 23.16573 113.31713 23.19851 1
113.29926 23.10824 113.2323 23.13729 1
113.24962 23.15137 113.27107 23.14147 2
113.26544 23.141 113.24769 23.11965 1
113.31285 23.10589 113.31028 23.15021 1
113.28176 23.15384 113.30817 23.12233 2
113.28088 23.11394 113.25111 23.11279 1
113.26241 23.17159 113.24338 23.12831 2
