-73.95322 40.80203 -73.97208 40.78318 1
-73.98752 40.71571 -73.96597 40.75673 2
-73.97111 40.74199 -73.95784 40.78685 1
-73.93498 40.77296 -73.96806 40.75797 1
-73.97673 40.75604 -74.00972 40.71396 2
-73.9811 40.71865 -73.94579 40.71969 2
-73.9316 40.75787 -73.99165 40.71644 1
-73.94396 40.79171 -73.98002 40.78493 2
-73.94461 40.77946 -73.97953 40.74706 1
-73.98392 40.77719 -73.96704 40.7999 1
-73.96703 40.75869 -74.00396 40.70182 2
-73.94972 40.79569 -73.97225 40.7835 1
-73.98724 40.71641 -73.94684 40.70956 1
-73.99422 40.76976 -73.9923 40.74748 1
-73.97328 40.79707 -73.99058 40.76753 1
-73.97405 40.71586 -74.01405 40.71 2
-73.9411 40.79228 -73.96912 40.76276 1
-73.98891 40.76967 -73.99796 40.74642 2
-73.99139 40.73464 -73.93651 40.77434 1
-73.97334 40.71586 -74.016 40.70764 1
-73.97249 40.76693 -73.99097 40.72247 1
-73.98476 40.77282 -73.966 40.80421 2
-73.94769 40.78112 -73.99729 40.75656 1
-74.01675 40.71772 -73.97407 40.77884 2
-73.98098 40.75034 -73.95964 40.77246 1
-73.93465 40.70287 -73.96545 40.75175 1
-73.97037 40.76643 -73.97863 40.73131 1
-73.98562 40.72183 -73.96553 40.75278 1
-73.9322 40.76919 -73.96643 40.76868 1
-73.93322 40.75749 -73.99235 40.71459 1
-73.95007 40.80385 -73.98804 40.77246 1
-73.94536 40.77969 -73.97418 40.7631 2
-73.9385 40.77111 -73.96516 40.75665 2
-73.94906 40.77084 -73.93617 40.80049 1
-73.99957 40.7625 -73.96698 40.79704 1
-73.94111 40.80559 -73.95716 40.78412 2
-73.98399 40.71236 -73.94394 40.71315 2
-73.93025 40.76467 -73.97681 40.75317 1
-73.95825 40.80813 -73.94746 40.7741 2
-73.95693 40.80662 -73.97337 40.78714 1
-73.96663 40.76574 -73.99374 40.74936 1
-73.96737 40.76299 -73.94248 40.77476 1
-73.93487 40.70115 -73.96561 40.75197 2
-73.9432 40.70604 -73.96779 40.75408 1
-73.96446 40.74204 -73.95364 40.78175 1
-73.93562 40.79563 -73.96889 40.76514 1
-73.97528 40.71186 -74.00781 40.71022 1
-74.00488 40.73332 -73.98335 40.75248 2
-73.96217 40.80766 -73.94984 40.77593 1
-73.94574 40.79966 -73.98117 40.77618 2
-73.94278 40.80565 -73.95981 40.78307 1
-73.95864 40.791 -73.97688 40.76653 1
-73.96176 40.80616 -73.95607 40.77479 2
-73.9934 40.73266 -73.97527 40.76516 1
-73.954 40.8042 -73.98441 40.77361 1
-73.97158 40.79337 -73.97911 40.76067 1
-73.93641 40.80856 -73.95966 40.78819 1
-73.94877 40.80475 -73.98433 40.77039 2
-73.97478 40.71502 -73.99968 40.70264 2
-74.01058 40.72901 -73.98648 40.75064 1
-73.9354 40.70056 -73.97021 40.75229 1
-73.95301 40.7863 -73.9679 40.7551 2
-73.98167 40.71681 -73.94539 40.70061 1
-73.95494 40.80751 -73.98458 40.76581 1
-73.99997 40.71129 -73.98743 40.75728 2
-73.99166 40.74445 -73.94516 40.80663 2
-73.9511 40.77338 -73.97333 40.76277 1
-73.92137 40.75588 -73.96081 40.72046 2
-73.98945 40.70747 -73.96996 40.77446 1
-73.95971 40.76445 -73.98349 40.74643 2
-73.98154 40.75345 -74.00142 40.71355 2
-73.96509 40.74651 -73.95751 40.78839 2
-73.97791 40.77394 -73.985 40.74661 2
-73.94484 40.80611 -73.98669 40.77059 2
-74.01584 40.70485 -73.98025 40.74217 1
-73.94172 40.77353 -73.96823 40.75869 1
-73.99706 40.73899 -73.9616 40.76645 1
-73.95946 40.76823 -73.99326 40.76227 1
-73.94705 40.78318 -73.97268 40.75204 2
-73.94748 40.79833 -73.97237 40.78108 2
