116.43507 39.91692 116.41284 39.95143 1
116.42995 39.87196 116.4158 39.90568 2
116.36196 39.94001 116.4229 39.94889 1
116.34078 39.85924 116.38458 39.8993 2
116.4149 39.86309 116.36494 39.91459 2
116.43334 39.92414 116.35817 39.90362 2
116.34092 39.94526 116.40276 39.90617 1
116.42458 39.84869 116.34944 39.89312 2
116.34032 39.95705 116.37202 39.93814 1
116.36634 39.89478 116.33637 39.94442 2
116.40733 39.85903 116.43203 39.9351 1
116.4214 39.8687 116.40716 39.92238 2
116.42822 39.85901 116.40552 39.89983 1
116.37979 39.88369 116.36085 39.92032 2
116.34202 39.86202 116.38492 39.90122 1
116.42171 39.86406 116.42597 39.88783 1
116.36031 39.95309 116.41663 39.95112 2
116.34409 39.90723 116.37278 39.88425 1
116.4201 39.85134 116.4297 39.89815 2
116.40538 39.86988 116.37739 39.89756 2
116.41054 39.94659 116.4225 39.93537 1
116.42449 39.9448 116.34709 39.95355 2
116.36808 39.9427 116.34567 39.94262 1
116.42938 39.88126 116.42683 39.9221 2
116.35779 39.87021 116.33398 39.88138 2
116.42933 39.86776 116.41 39.92456 2
116.33787 39.93131 116.37193 39.95322 1
116.4355 39.91738 116.3592 39.90231 2
116.40579 39.8598 116.35444 39.89614 1
116.36749 39.88683 116.41263 39.87886 2
116.39765 39.89533 116.42222 39.89706 1
116.3435 39.93268 116.38996 39.95023 1
116.40781 39.86939 116.35034 39.9006 2
116.37948 39.90945 116.41212 39.90032 2
116.39121 39.85278 116.419 39.85937 2
116.42314 39.90601 116.38538 39.89741 2
116.35487 39.94948 116.4208 39.95745 2
116.43746 39.91261 116.43884 39.95191 2
116.36163 39.90662 116.41298 39.85159 2
116.37538 39.91035 116.42005 39.90003 1
116.37007 39.88946 116.41411 39.8851 1
116.39142 39.90198 116.34203 39.92523 2
116.39695 39.90444 116.42604 39.88645 1
116.35726 39.94429 116.35869 39.89828 1
116.33752 39.89827 116.37467 39.93256 1
116.33753 39.92806 116.37756 39.954 2
116.33496 39.9181 116.38889 39.88769 2
116.43473 39.89774 116.37279 39.85521 1
116.42542 39.84989 116.34898 39.89176 2
116.39732 39.87588 116.3696 39.86874 2
116.41607 39.94081 116.37946 39.8883 2
116.40542 39.86909 116.38191 39.89508 1
116.43991 39.92811 116.39617 39.92102 2
116.40286 39.85976 116.40883 39.91666 2
116.34495 39.9399 116.3407 39.8727 2
116.33531 39.89905 116.38008 39.93258 1
116.43153 39.93627 116.39389 39.92077 2
116.40691 39.91944 116.43206 39.90383 2
116.35853 39.93917 116.35845 39.89866 1
116.34806 39.86472 116.3839 39.8979 1
116.3618 39.9031 116.34566 39.9454 1
116.36496 39.93765 116.42304 39.95207 1
116.39404 39.95452 116.41424 39.91586 1
116.34244 39.91608 116.37325 39.88465 2
116.4325 39.90608 116.42659 39.94387 2
116.34262 39.85788 116.3906 39.90036 2
116.35434 39.95263 116.35577 39.89988 1
116.37004 39.95684 116.40048 39.93198 2
116.34112 39.91125 116.37944 39.87769 2
116.34796 39.88183 116.36062 39.90534 1
116.43619 39.88657 116.42096 39.91317 1
116.42004 39.87693 116.42323 39.85551 1
116.39675 39.9239 116.43893 39.9363 2
116.34812 39.84676 116.36955 39.87247 2
116.40257 39.87051 116.38437 39.88734 1
116.34457 39.88315 116.34577 39.92441 1
116.419 39.93844 116.37236 39.88756 2
116.38576 39.85559 116.33426 39.89099 2
116.35027 39.91679 116.37912 39.87245 2
116.39129 39.87655 116.36504 39.86731 2
