116.38556 39.95177 116.34121 39.89767 1
116.34721 39.86086 116.38244 39.90531 1
116.4005 39.93107 116.43652 39.9449 1
116.36178 39.87358 116.35954 39.89079 1
116.39775 39.9493 116.33209 39.91325 2
116.35426 39.93121 116.38952 39.95658 1
116.36438 39.90233 116.41145 39.84813 2
116.43817 39.88288 116.34539 39.87742 1
116.38391 39.94109 116.34436 39.95405 2
116.37794 39.85335 116.33261 39.88326 1
116.36693 39.93602 116.38248 39.88735 1
116.34244 39.86471 116.38289 39.90312 1
116.3978 39.8737 116.41535 39.88397 2
116.36981 39.93343 116.38251 39.88795 2
116.4263 39.95505 116.33373 39.91977 1
116.35863 39.85006 116.34823 39.8696 1
116.34928 39.94373 116.40568 39.89872 1
116.42706 39.95226 116.4147 39.93096 2
116.41604 39.86632 116.41135 39.89011 1
116.35993 39.89989 116.40785 39.89157 1
116.34411 39.94462 116.40328 39.90078 2
116.35049 39.86853 116.34892 39.87857 1
116.36085 39.89961 116.41912 39.8492 1
116.34773 39.85964 116.38874 39.90497 1
116.36479 39.90384 116.43196 39.89284 2
116.38131 39.95009 116.3431 39.91289 1
116.40399 39.93269 116.43088 39.90517 2
116.39843 39.93637 116.43693 39.94347 2
116.4272 39.88536 116.4257 39.92284 1
116.35393 39.90463 116.42583 39.91518 1
116.34456 39.95039 116.37845 39.94108 1
116.41404 39.84796 116.42446 39.89553 1
116.37899 39.8773 116.36367 39.86026 1
116.37016 39.8615 116.34554 39.89007 1
116.36632 39.90262 116.41668 39.85385 2
116.34185 39.85717 116.38898 39.90353 1
116.35127 39.86744 116.35937 39.88731 1
116.42076 39.93403 116.37988 39.90925 2
116.34284 39.94252 116.33142 39.91643 1
116.3998 39.95543 116.41658 39.89153 2
116.41531 39.85103 116.34573 39.86671 2
116.34272 39.92558 116.3446 39.95262 2
116.36638 39.87579 116.41537 39.92407 2
116.34493 39.95276 116.37143 39.93953 1
116.41841 39.88268 116.42303 39.85367 2
116.41262 39.87579 116.42584 39.90077 1
116.40566 39.93254 116.41863 39.90533 1
116.38831 39.86038 116.42938 39.9365 1
116.38252 39.9461 116.40265 39.93316 1
116.39942 39.94965 116.33499 39.91048 2
116.34673 39.94261 116.41023 39.89729 1
116.38647 39.88784 116.36626 39.88325 2
116.34212 39.89431 116.39015 39.86303 2
116.42798 39.95376 116.37656 39.94035 2
116.39256 39.86744 116.36162 39.87656 1
116.41098 39.90853 116.41447 39.94466 1
116.42277 39.89814 116.39438 39.89048 1
116.37234 39.8531 116.40815 39.85179 1
116.35232 39.88081 116.34402 39.91865 2
116.40664 39.93667 116.42275 39.90177 1
116.35652 39.92978 116.37895 39.92877 2
116.3521 39.89735 116.40619 39.8927 1
116.35518 39.90623 116.36005 39.87275 1
116.4238 39.95493 116.42731 39.92034 2
116.3989 39.86579 116.4255 39.89753 2
116.3805 39.89336 116.41688 39.91338 1
116.43434 39.87998 116.3867 39.8887 1
116.43706 39.95266 116.35152 39.9148 2
116.42718 39.89739 116.4259 39.95658 2
116.36406 39.91324 116.42545 39.92577 1
116.37646 39.92926 116.40982 39.95224 1
116.35312 39.93193 116.38201 39.954 2
116.34343 39.92111 116.37518 39.86876 1
116.3813 39.89812 116.40916 39.94229 2
116.38202 39.88946 116.36132 39.88485 1
116.4351 39.91786 116.41616 39.91373 2
116.3444 39.9251 116.42761 39.90165 1
116.40035 39.89817 116.34083 39.92126 1
116.35607 39.8477 116.41686 39.85122 2
116.41263 39.89159 116.42106 39.91826 1
