113.25999 23.14528 113.27672 23.16749 2
113.22262 23.12135 113.24608 23.13052 1
113.27862 23.14722 113.26701 23.10629 1
113.26545 23.17949 113.24418 23.15454 1
113.32964 23.1704 113.24869 23.15657 1
113.28791 23.13209 113.24818 23.13784 1
113.2561 23.10919 113.28683 23.1415 2
113.27761 23.1475 113.32911 23.12912 2
113.22355 23.1736 113.24005 23.12569 2
113.26387 23.16514 113.27415 23.20448 2
113.2666 23.12906 113.25902 23.16562 2
113.25847 23.14314 113.26564 23.12667 1
113.31227 23.10011 113.30587 23.15285 2
113.26463 23.11376 113.30338 23.13721 1
113.30221 23.13911 113.26764 23.15958 1
113.24793 23.1528 113.27494 23.14607 2
113.26199 23.1458 113.27542 23.16251 2
113.27285 23.20547 113.31192 23.14901 1
113.30639 23.10409 113.31283 23.15203 2
113.25599 23.1438 113.27509 23.16202 1
113.27586 23.10071 113.25147 23.11829 2
113.23826 23.1113 113.23633 23.14611 1
113.3136 23.18654 113.30846 23.15192 1
113.22706 23.17385 113.23412 23.12169 2
113.27545 23.15116 113.30794 23.13828 1
113.26788 23.17951 113.24659 23.15706 1
113.29591 23.13449 113.24315 23.1113 2
113.26809 23.16679 113.31724 23.13701 2
113.29048 23.1089 113.26892 23.12229 1
113.27784 23.13195 113.26578 23.1882 1
113.2908 23.11007 113.27236 23.11947 1
113.30849 23.11474 113.27881 23.10831 2
113.28732 23.10808 113.27056 23.11883 2
113.25079 23.12839 113.31966 23.14146 2
113.30973 23.1434 113.27943 23.10403 1
113.3235 23.15602 113.29716 23.12883 1
113.33197 23.15313 113.30469 23.15547 2
113.31813 23.11209 113.3192 23.149 2
113.24554 23.13828 113.30933 23.12583 1
113.29706 23.12099 113.27158 23.1001 2
113.25872 23.20771 113.31406 23.16733 1
113.27417 23.10131 113.32294 23.1552 2
113.24765 23.1565 113.27286 23.14049 1
113.29373 23.16053 113.26623 23.16157 2
113.25106 23.17085 113.24343 23.20856 1
113.32598 23.15776 113.2931 23.13457 1
113.23216 23.12646 113.26889 23.13147 1
113.29842 23.16259 113.27156 23.16283 1
113.3055 23.11228 113.275 23.11717 1
113.27827 23.10472 113.2435 23.12819 1
113.30705 23.15362 113.32888 23.1301 1
113.30292 23.16583 113.26423 23.16704 2
113.22968 23.15822 113.28054 23.13123 1
113.25575 23.12419 113.28388 23.1313 1
113.27408 23.09873 113.31904 23.14881 1
113.23105 23.17578 113.23331 23.11926 2
113.22937 23.16247 113.25043 23.12792 1
113.28092 23.13221 113.32025 23.14589 1
113.26564 23.10075 113.25696 23.10878 1
113.31855 23.13333 113.2607 23.12678 1
113.2655 23.13808 113.30429 23.136 2
113.28703 23.11561 113.27257 23.12099 2
113.32926 23.15799 113.29336 23.13096 1
113.24423 23.1499 113.2631 23.14496 1
113.23204 23.15291 113.28042 23.13367 1
113.26474 23.18383 113.2441 23.15074 2
113.25309 23.14795 113.27827 23.16405 1
113.28945 23.11321 113.26343 23.11971 2
113.32122 23.18634 113.31186 23.15798 2
113.33182 23.15353 113.31054 23.15193 1
113.29615 23.12401 113.27114 23.10145 1
113.32531 23.1129 113.27457 23.10949 1
113.25583 23.14423 113.27133 23.12153 2
113.24595 23.16927 113.25509 23.11723 2
113.28185 23.10773 113.25033 23.12275 2
113.31394 23.13912 113.32709 23.1664 2
113.33214 23.10871 113.27961 23.11236 1
113.3177 23.13716 113.24382 23.11228 2
113.30791 23.11093 113.27755 23.10954 1
113.27993 23.10307 113.31827 23.15345 1
