-74.00384 40.74079 -74.01577 40.71033 1
-73.94575 40.80722 -73.98121 40.77705 2
-73.95837 40.78049 -74.00887 40.74382 1
-73.9214 40.74403 -73.96567 40.76768 2
-73.9668 40.76591 -73.93866 40.80182 2
-73.99509 40.77739 -73.99898 40.74375 1
-74.00371 40.73142 -73.98494 40.75998 2
-73.95363 40.79919 -73.94923 40.77085 1
-73.97915 40.76294 -73.94431 40.78612 2
-74.00691 40.74072 -73.98688 40.77495 2
-73.94646 40.79589 -73.97132 40.76396 2
-73.94917 40.76235 -73.97418 40.74183 2
-73.93782 40.77741 -73.96641 40.75217 1
-73.94333 40.77527 -73.96481 40.75934 2
-73.94878 40.79865 -73.97497 40.78181 2
-73.97417 40.73555 -74.01048 40.71668 1
-73.97881 40.7397 -73.98375 40.77475 2
-73.96079 40.78472 -73.97301 40.75891 2
-73.94882 40.76537 -73.98877 40.73287 2
-73.99996 40.7578 -74.01138 40.70111 1
-73.97186 40.7378 -74.01572 40.71117 2
-73.99072 40.71464 -73.96799 40.71265 2
-73.98355 40.76626 -73.95795 40.78786 1
-73.96599 40.77473 -73.98791 40.75842 2
-73.95545 40.80776 -73.97599 40.78502 1
-73.92045 40.75554 -73.95973 40.72454 2
-73.92291 40.76015 -73.99257 40.72089 1
-73.97452 40.76884 -73.95981 40.80732 1
-73.98565 40.76133 -74.00952 40.74825 1
-73.97081 40.76221 -74.00534 40.7059 1
-73.96276 40.78269 -73.9958 40.76428 1
-73.98216 40.71532 -73.96445 40.75939 1
-73.98391 40.78381 -74.00315 40.75454 2
-73.97608 40.78803 -73.99609 40.76425 2
-73.99279 40.76393 -73.95688 40.77618 1
-73.95167 40.781 -73.971 40.75722 2
-74.00863 40.74028 -74.01312 40.7111 2
-73.95591 40.78205 -73.9742 40.7592 1
-73.93683 40.77264 -73.96402 40.75319 1
-73.98723 40.70236 -73.96583 40.77379 2
-73.92187 40.756 -73.95889 40.72744 1
-73.96003 40.80181 -73.98677 40.76156 1
-73.9888 40.7388 -73.97056 40.75995 2
-73.97846 40.76783 -73.94135 40.748 1
-73.99525 40.72761 -73.98046 40.75171 2
-74.00513 40.75643 -74.01578 40.70838 2
-74.01208 40.72079 -74.00491 40.75727 2
-73.94955 40.80544 -73.98184 40.778 1
-73.98196 40.71102 -73.94977 40.7054 1
-74.00016 40.74322 -73.98182 40.76585 2
-73.97188 40.76268 -74.00702 40.75171 1
-73.99888 40.71916 -73.97416 40.74749 2
-74.01545 40.71541 -73.97461 40.7501 2
-73.91859 40.74374 -73.96758 40.75931 1
-73.97371 40.73839 -74.01469 40.70333 2
-73.95258 40.76664 -73.97565 40.74009 1
-73.97845 40.76185 -73.93807 40.74726 2
-73.9551 40.77384 -73.98539 40.76591 1
-73.92857 40.75028 -73.99194 40.71258 2
-73.99442 40.75949 -73.95405 40.77172 2
-73.969 40.76795 -73.99297 40.73982 1
-73.97382 40.78098 -73.99868 40.74591 1
-73.94624 40.76766 -73.98274 40.73828 2
-73.99483 40.75963 -73.955 40.76572 1
-73.96937 40.78801 -73.97898 40.75139 1
-73.94784 40.78432 -73.98167 40.76929 1
-73.96386 40.74838 -73.95487 40.78534 1
-73.96611 40.7402 -73.96036 40.78771 2
-73.95597 40.80324 -73.98127 40.77491 1
-73.97652 40.73053 -73.95149 40.78387 1
-73.97474 40.7307 -73.984 40.71956 2
-73.95826 40.78547 -73.97935 40.75897 1
-73.98034 40.73293 -73.98221 40.71578 2
-73.99057 40.76462 -73.94707 40.789 1
-73.99186 40.73155 -73.98476 40.76719 1
-73.99142 40.70737 -73.96955 40.75737 1
-73.95742 40.80107 -73.96131 40.77869 2
-73.95073 40.80239 -73.98263 40.76999 1
-73.95299 40.78611 -73.96569 40.75548 2
-73.9836 40.73795 -73.95063 40.75987 2
