113.32314 23.12375 113.23856 23.09904 1
113.27426 23.20784 113.26379 23.11447 1
113.31629 23.17064 113.31104 23.13224 2
113.30362 23.13924 113.2851 23.12764 1
113.25741 23.19503 113.24346 23.15509 2
113.24297 23.16455 113.22357 23.11196 2
113.26717 23.20773 113.23345 23.20456 1
113.27785 23.20539 113.24526 23.1555 1
113.2613 23.18226 113.3144 23.15054 2
113.26499 23.17506 113.2674 23.14297 1
113.26569 23.16099 113.28335 23.13618 1
113.32143 23.16654 113.27538 23.14389 1
113.28125 23.15202 113.30965 23.13717 1
113.25735 23.18714 113.31853 23.14873 2
113.26835 23.1805 113.24806 23.15222 2
113.25667 23.16089 113.31828 23.20488 2
113.31766 23.11725 113.318 23.14959 2
113.27695 23.15543 113.30771 23.12219 2
113.31839 23.15436 113.26654 23.16509 2
113.33251 23.11556 113.28104 23.11078 2
113.26583 23.12532 113.32023 23.15614 2
113.27946 23.20304 113.25149 23.1569 2
113.28355 23.12918 113.32182 23.12526 1
113.22359 23.09803 113.26923 23.10178 2
113.27267 23.11119 113.31044 23.13708 2
113.29931 23.15374 113.31324 23.18603 2
113.27479 23.14926 113.30925 23.13336 2
113.26305 23.11309 113.31712 23.1455 2
113.29948 23.14458 113.32777 23.16777 2
113.31447 23.15748 113.27241 23.18132 2
113.31631 23.11676 113.31451 23.14863 2
113.27494 23.20486 113.24986 23.15479 1
113.30204 23.13405 113.2505 23.1155 2
113.29546 23.13557 113.24437 23.11081 2
113.24196 23.13623 113.30558 23.15748 2
113.24811 23.15969 113.23056 23.11246 1
113.32682 23.11575 113.27575 23.11792 1
113.30301 23.12323 113.26454 23.10534 1
113.27393 23.15027 113.30647 23.13709 2
113.30406 23.12256 113.32017 23.15499 2
113.32479 23.11931 113.3146 23.14764 2
113.32976 23.12392 113.31646 23.13936 1
113.27181 23.1594 113.28721 23.13303 1
113.26842 23.16671 113.28503 23.13476 2
113.30586 23.12158 113.31953 23.1548 1
113.30468 23.14757 113.27747 23.13461 1
113.31215 23.09954 113.30493 23.15433 1
113.25898 23.13811 113.23055 23.13935 1
113.28003 23.1301 113.32155 23.13938 1
113.22591 23.10269 113.26901 23.10286 1
113.25362 23.1864 113.31934 23.15359 1
113.32745 23.12649 113.31575 23.14199 1
113.32183 23.13754 113.25139 23.11184 1
113.28189 23.13674 113.31381 23.12344 1
113.32941 23.14621 113.26934 23.15972 2
113.29455 23.11291 113.23078 23.131 2
113.26657 23.18325 113.24989 23.15157 1
113.24714 23.20016 113.22589 23.13221 2
113.31372 23.11752 113.31814 23.15138 1
113.24156 23.1298 113.30863 23.15403 1
113.30536 23.1034 113.30646 23.15708 1
113.23916 23.12885 113.30372 23.14895 2
113.29717 23.13113 113.24978 23.11734 1
113.30198 23.16604 113.26567 23.15938 2
113.26402 23.20062 113.30936 23.15512 2
113.27375 23.20237 113.24638 23.15046 2
113.31375 23.17394 113.3106 23.13658 2
113.29437 23.1612 113.27007 23.16324 2
113.32261 23.17267 113.30697 23.13532 1
113.32778 23.11324 113.27883 23.1084 1
113.24917 23.15496 113.27633 23.14009 2
113.32668 23.11468 113.2811 23.11362 2
113.31671 23.16527 113.28207 23.13865 2
113.29991 23.14175 113.33299 23.16677 1
113.29162 23.13801 113.24761 23.13568 2
113.26929 23.11431 113.30876 23.13489 1
113.23395 23.11595 113.29241 23.13202 1
113.25436 23.19557 113.25655 23.15495 2
113.26694 23.18096 113.24294 23.15122 1
113.27831 23.13727 113.23826 23.11753 1
