113.226691 23.165695 113.25111 23.122786
113.228874 23.101958 113.321602 23.131138
113.272344 23.181713 113.249333 23.152035
113.226401 23.168014 113.245476 23.123161
113.276331 23.120821 113.305932 23.123176
113.235981 23.108771 113.285822 23.135797
113.23431 23.130465 113.304342 23.153832
113.225722 23.155484 113.277409 23.128456
113.241195 23.128316 113.310866 23.149574
113.326081 23.125906 113.314848 23.148213
113.25609 23.157098 113.326838 23.134232
113.279843 23.113835 113.251255 23.117878
113.325928 23.117248 113.281003 23.111931
113.269788 23.173301 113.271268 23.138522
113.224713 23.144348 113.326579 23.134592
113.275281 23.122474 113.307819 23.120911
113.260637 23.178021 113.263664 23.190034
113.249272 23.150997 113.304701 23.143625
113.297978 23.125724 113.271432 23.1072
113.232773 23.13411 113.307586 23.153134
113.253163 23.119098 113.320429 23.152508
113.23725 23.145111 113.278423 23.121435
113.252695 23.152273 113.277792 23.132889
113.314137 23.147527 113.326264 23.162488
113.262672 23.129894 113.328165 23.133073
113.267484 23.135776 113.31125 23.125141
113.247744 23.207718 113.229147 23.136398
113.239467 23.109109 113.29771 23.148981
113.308218 23.122632 113.29289 23.147999
113.234 23.128107 113.327337 23.120115
113.224201 23.159768 113.248753 23.123802
113.291631 23.143086 113.272394 23.147459
113.331709 23.173513 113.249103 23.149022
113.313494 23.131538 113.274998 23.18193
113.28055 23.127225 113.310861 23.121254
113.32424 23.119731 113.318631 23.14012
113.229635 23.170854 113.239146 23.118857
113.258615 23.110221 113.290885 23.139348
113.25469 23.184021 113.315823 23.153528
113.28851 23.147351 113.260098 23.164725
113.241808 23.136576 113.308159 23.155443
113.297754 23.141096 113.327559 23.160606
113.331912 23.116993 113.281028 23.113369
113.229423 23.144538 113.331202 23.137802
113.274416 23.113923 113.246604 23.112463
113.305279 23.148102 113.282532 23.102083
113.238744 23.111328 113.236377 23.144477
113.277933 23.147232 113.308479 23.130874
113.278605 23.148771 113.311901 23.131158
113.231727 23.161194 113.248208 23.122732
113.310558 23.099122 113.305889 23.154263
113.23391 23.125663 113.327774 23.127545
113.26472 23.149883 113.271216 23.125407
113.24212 23.122847 113.274154 23.128975
113.241081 23.142361 113.273353 23.123255
113.331962 23.132714 113.250852 23.13755
113.227204 23.161928 113.243764 23.120444
113.281401 23.12821 113.318143 23.156657
113.327632 23.121669 113.317598 23.147033
113.296394 23.163619 113.267756 23.158955
113.318343 23.162589 113.316903 23.136405
113.287721 23.120895 113.260585 23.20422
113.27697 23.204452 113.265982 23.114933
113.224311 23.124662 113.259536 23.125363
113.322455 23.111397 113.315491 23.151467
113.288223 23.148384 113.272049 23.142605
113.245886 23.20052 113.229162 23.13567
113.317766 23.181929 113.305469 23.149673
113.29566 23.150667 113.330573 23.153864
113.266316 23.127977 113.232028 23.09933
113.271917 23.203015 113.282436 23.126872
113.225117 23.176039 113.23448 23.120369
113.31088 23.138181 113.224291 23.098709
113.248535 23.121169 113.261676 23.19471
113.285273 23.136711 113.24704 23.154335
113.309246 23.098087 113.30365 23.15239
113.318315 23.182296 113.303303 23.150944
113.275562 23.102575 113.314654 23.15762
113.280326 23.117652 113.324701 23.134907
113.260833 23.126486 113.290765 23.121757
113.292945 23.11129 113.267896 23.120408
113.309727 23.144878 113.330407 23.118525
113.319501 23.146367 113.327855 23.159687
113.24361 23.175873 113.253718 23.111032
113.296646 23.161781 113.272511 23.16253
113.316629 23.124848 113.330896 23.14162
113.315854 23.142768 113.325531 23.164066
113.248624 23.155467 113.280973 23.148159
113.291948 23.14178 113.260584 23.160199
113.245361 23.133794 113.279901 23.136777
113.301112 23.114604 113.229314 23.135157
113.329457 23.162288 113.31527 23.193503
113.273295 23.148432 113.30525 23.126874
113.298542 23.163565 113.268676 23.163928
113.24177 23.113335 113.238037 23.144231
113.29826 23.108357 113.226647 23.128508
113.321042 23.144986 113.325786 23.167039
113.311116 23.100669 113.311138 23.157578
113.291844 23.125986 113.260226 23.208343
113.292461 23.145468 113.253485 23.160114
113.259146 23.166124 113.32099 23.201072
113.269992 23.112876 113.314636 23.141952
113.322071 23.153943 113.307878 23.132424
113.225395 23.164132 113.245398 23.126845
113.320702 23.116284 113.323044 23.150334
113.296329 23.117129 113.231082 23.128358
113.224945 23.119631 113.2598 23.127297
113.241826 23.12655 113.278527 23.130207
113.309854 23.101935 113.309897 23.154765
113.266705 23.204976 113.276314 23.118484
113.225277 23.102044 113.321937 23.133241
113.277874 23.131713 113.322282 23.119475
113.231673 23.160064 113.245211 23.124514
113.295322 23.111502 113.227878 23.135716
113.323545 23.129325 113.28744 23.135944
113.313396 23.159334 113.316061 23.137253
113.230421 23.160623 113.249758 23.125059
113.262233 23.167124 113.315924 23.204186
113.312321 23.108776 113.313923 23.14703
113.292916 23.119042 113.253242 23.205092
113.272407 23.121235 113.222997 23.102008
113.326665 23.117022 113.278293 23.108189
113.272646 23.179698 113.248838 23.150389
113.269987 23.173326 113.271766 23.141932
113.259238 23.114955 113.289659 23.140966
113.227396 23.168516 113.245363 23.121734
113.317096 23.171759 113.306763 23.129487
113.30612 23.100962 113.308689 23.154532
113.263113 23.177381 113.266056 23.14749
113.243399 23.162529 113.272029 23.192053
113.265546 23.148411 113.268018 23.118563
113.327037 23.15881 113.313643 23.196901
113.281315 23.11017 113.328908 23.13435
113.251573 23.205026 113.230185 23.137076
113.2461 23.182209 113.226262 23.145551
113.258331 23.128151 113.313526 23.153812
113.276306 23.141392 113.304175 23.134389
113.226447 23.163102 113.244804 23.123486
113.275363 23.203668 113.244988 23.158288
113.260729 23.129496 113.223623 23.145857
113.254398 23.200938 113.276768 23.127876
113.244517 23.207845 113.227539 23.138242
113.226525 23.158285 113.28116 23.129941
113.233296 23.131525 113.304546 23.155119
113.319067 23.122439 113.234656 23.102724
113.249344 23.159101 113.222716 23.111868
113.267592 23.120524 113.316507 23.135689
113.320814 23.122946 113.238616 23.10417
113.23034 23.17083 113.241999 23.122098
113.264052 23.167621 113.279563 23.19919
113.32522 23.113531 113.277573 23.113133
113.301108 23.11882 113.271515 23.103854
113.300574 23.128307 113.247743 23.115391
113.281308 23.153589 113.305195 23.135376
113.259692 23.199647 113.320588 23.16457
113.305741 23.107017 113.312177 23.151192
113.265714 23.184768 113.246978 23.153898
113.309384 23.103732 113.303485 23.157954
113.313079 23.13209 113.264355 23.132206
113.238335 23.110288 113.30248 23.153466
113.314478 23.137115 113.247011 23.108396
113.328126 23.146453 113.264825 23.167273
113.243697 23.1685 113.269578 23.160279
113.250759 23.129489 113.261367 23.10241
113.330517 23.152439 113.304091 23.152668
113.277805 23.139235 113.277579 23.119912
113.286254 23.125486 113.240897 23.110172
113.247636 23.188281 113.224147 23.148362
113.224957 23.165008 113.246788 23.12547
113.321669 23.180219 113.308516 23.151382
113.293987 23.141817 113.280219 23.135866
113.272722 23.179344 113.248542 23.152907
113.257877 23.179709 113.314117 23.149166
113.229302 23.159945 113.251135 23.121071
113.253906 23.114927 113.31574 23.139023
113.320561 23.111677 113.316693 23.154321
113.251513 23.172749 113.246553 23.202386
113.311572 23.132111 113.225576 23.100754
113.314558 23.164976 113.275849 23.127099
113.285979 23.122101 113.253217 23.199669
113.279129 23.113246 113.250221 23.113363
113.251084 23.188321 113.229159 23.14363
113.272966 23.108282 113.325636 23.136299
113.226568 23.17854 113.235425 23.121014
113.236288 23.144134 113.281846 23.125879
113.300207 23.164962 113.266123 23.166882
113.332768 23.137453 113.235521 23.173663
113.247458 23.202269 113.229106 23.136103
113.284728 23.130097 113.318773 23.122425
113.232837 23.117997 113.258764 23.171785
113.283858 23.13211 113.262267 23.155745
113.297605 23.144667 113.327561 23.163371
113.249841 23.111005 113.260752 23.19589
113.324837 23.158154 113.295029 23.135119
113.313907 23.136352 113.259188 23.125723
113.326703 23.110917 113.273071 23.110794
113.246611 23.133204 113.264206 23.133385
113.249047 23.148415 113.309424 23.144898
113.228733 23.141818 113.331793 23.12962
113.296712 23.130506 113.24516 23.110757
113.239387 23.135638 113.312297 23.152661
113.267528 23.178809 113.250075 23.152394
113.324143 23.129851 113.278675 23.168055
113.226821 23.151666 113.279593 23.130677
113.315478 23.16389 113.275582 23.139087
113.313482 23.132277 113.274052 23.184856
113.320342 23.12045 113.330278 23.140837
113.315626 23.146921 113.324581 23.168395
113.311954 23.102406 113.306483 23.15839
113.247437 23.181983 113.261936 23.155064
113.265037 23.185057 113.246784 23.150644
113.329335 23.119618 113.317911 23.142112
113.317708 23.162919 113.320905 23.13506
113.265865 23.141319 113.272083 23.164499
113.297567 23.141873 113.281766 23.132729
113.252454 23.14874 113.311752 23.139914
113.253733 23.130231 113.230416 23.141212
113.242783 23.184125 113.252757 23.148714
113.321537 23.168764 113.30769 23.129738
113.275464 23.14507 113.297628 23.131623
113.229045 23.118118 113.264091 23.133982
113.332617 23.114401 113.280612 23.114536
113.304113 23.131031 113.290708 23.121107
113.258224 23.164031 113.318312 23.174245
113.254728 23.152348 113.326918 23.133316
113.226725 23.178585 113.23635 23.119789
113.328071 23.130626 113.256084 23.116266
113.240253 23.111544 113.288197 23.132787
113.278653 23.099709 113.313573 23.158432
113.320703 23.12999 113.261993 23.127431
113.223888 23.175887 113.24164 23.124842
113.288178 23.13101 113.248138 23.151254
113.333293 23.109814 113.27929 23.108551
113.317966 23.149198 113.312749 23.130231
113.226316 23.099311 113.320915 23.138276
113.260789 23.125957 113.288149 23.131399
113.276957 23.120195 113.307369 23.121953
113.248911 23.205737 113.229536 23.13183
113.319112 23.185855 113.305247 23.152916
113.228967 23.106079 113.268233 23.100649
113.292061 23.114359 113.272801 23.120308
113.332704 23.16537 113.31821 23.191967
113.272241 23.205642 113.23875 23.201806
113.255601 23.202813 113.282131 23.201128
113.225596 23.167863 113.25107 23.124551
113.252853 23.155408 113.286154 23.141007
113.264158 23.204742 113.235924 23.199844
113.234379 23.131021 113.306762 23.157709
113.282434 23.20161 113.264517 23.116815
113.261257 23.162324 113.317959 23.207738
113.270364 23.184887 113.242748 23.149089
113.228378 23.172052 113.233628 23.118265
113.287779 23.123153 113.262125 23.200611
113.271581 23.118549 113.321453 23.158037
113.31743 23.141217 113.329821 23.162475
113.246218 23.129696 113.322274 23.142746
113.306512 23.141215 113.332162 23.125469
113.239974 23.146783 113.280469 23.12072
113.2313 23.119628 113.2537 23.123068
113.298843 23.150603 113.286864 23.127358
113.320897 23.182538 113.303794 23.150105
113.225584 23.153603 113.28212 23.131986
113.301091 23.116147 113.224718 23.13221
113.250721 23.172297 113.250343 23.202843
113.27373 23.109228 113.247925 23.116745
113.319357 23.128749 113.261147 23.124393
113.25098 23.116145 113.253779 23.194658
113.326639 23.166998 113.315898 23.196292
113.286821 23.12378 113.306295 23.154029
113.291073 23.13149 113.244299 23.151995
113.26984 23.204531 113.312723 23.149792
113.270743 23.200444 113.311837 23.155366
113.322296 23.169446 113.311308 23.131493
113.26966 23.199166 113.303224 23.157152
113.316541 23.165597 113.282409 23.145029
113.251479 23.108118 113.258724 23.198017
113.29235 23.117493 113.27029 23.119732
113.258213 23.154197 113.225972 23.134753
113.292694 23.156208 113.266675 23.138575
113.245297 23.188397 113.229505 23.141349
113.251636 23.186143 113.25548 23.157522
113.317402 23.157433 113.275331 23.153893
113.275388 23.10445 113.249369 23.123663
113.277463 23.110591 113.329064 23.133253
113.23804 23.11922 113.274413 23.130587
113.280268 23.146114 113.300918 23.132576
113.294411 23.139927 113.280195 23.130717
113.233809 23.137479 113.306647 23.154559
113.319324 23.124641 113.325391 23.140192
113.308007 23.124043 113.324624 23.131664
113.250176 23.109516 113.259555 23.189165
113.32002 23.166976 113.31607 23.133521
113.316457 23.120984 113.241673 23.098803
113.230123 23.150547 113.275848 23.130046
113.315393 23.130448 113.313092 23.136507
113.288167 23.144929 113.267954 23.146148
113.311254 23.143549 113.278461 23.131436
113.317015 23.156199 113.253853 23.121876
113.281389 23.117658 113.325507 23.137103
113.263817 23.107333 113.259132 23.108399
113.22852 23.16433 113.247939 23.122611
113.223384 23.172049 113.239839 23.12315
113.253536 23.127165 113.320434 23.157384
113.307705 23.102886 113.304531 23.152781
113.252253 23.151151 113.273772 23.140734
113.268917 23.124111 113.321613 23.153174
113.305407 23.12982 113.325619 23.123768
113.263003 23.162147 113.320485 23.133523
113.295775 23.158872 113.263834 23.159843
113.29189 23.113765 113.270639 23.122481
113.281001 23.122226 113.321053 23.127398
113.277278 23.205443 113.243512 23.148905
113.308773 23.121705 113.285701 23.138677
113.304607 23.123599 113.225415 23.139882
113.309676 23.103903 113.307267 23.157777
113.286777 23.138467 113.271496 23.148329
113.318483 23.151742 113.272243 23.18801
113.238276 23.119242 113.327772 23.119259
113.313918 23.151757 113.312559 23.137592
113.296385 23.136792 113.24408 23.112627
113.251661 23.180248 113.229855 23.1405
113.322741 23.121252 113.241985 23.104141
113.276328 23.105726 113.318946 23.154836
113.320155 23.134194 113.274887 23.181383
113.24505 23.130324 113.279198 23.12953
113.327288 23.173198 113.247867 23.156304
113.251303 23.175207 113.245292 23.203996
113.251158 23.150881 113.264067 23.139724
113.265592 23.160062 113.282393 23.204955
113.224094 23.162914 113.246587 23.122402
113.310178 23.129197 113.322609 23.160646
113.293005 23.111947 113.268218 23.124619
113.286374 23.116461 113.269974 23.122199
113.229292 23.146303 113.33229 23.134736
113.232652 23.115171 113.28429 23.131791
113.270752 23.206689 113.279363 23.121215
113.288144 23.130916 113.259345 23.156789
113.279834 23.203264 113.270308 23.116115
113.286197 23.133628 113.251098 23.131666
113.224317 23.171322 113.239523 23.121527
113.265262 23.185815 113.249976 23.150638
113.267964 23.177403 113.26819 23.146646
113.264026 23.201275 113.233151 23.20213
113.261527 23.133225 113.331861 23.135137
113.273114 23.203449 113.271902 23.116891
113.226901 23.12196 113.251077 23.134734
113.305025 23.123958 113.263829 23.115047
113.247688 23.155906 113.280074 23.14003
113.333133 23.144042 113.264298 23.159464
113.317271 23.179915 113.31088 23.1543
113.249891 23.158906 113.265631 23.167979
113.324714 23.165523 113.321045 23.188813
113.299379 23.115447 113.223941 23.12998
113.333001 23.150405 113.303851 23.14969
113.325902 23.127236 113.320054 23.138372
113.238571 23.144219 113.277945 23.120694
113.246027 23.17952 113.262644 23.152363
113.248201 23.114229 113.254748 23.196058
113.230695 23.125074 113.253278 23.124499
113.307476 23.127305 113.224685 23.146959
113.26154 23.168215 113.252717 23.100206
113.327421 23.147189 113.270336 23.162974
113.28455 23.148216 113.266765 23.140929
113.325684 23.160813 113.319173 23.197318
113.324464 23.123332 113.315533 23.146117
113.297928 23.111615 113.223649 23.13262
113.23061 23.176481 113.241109 23.11914
113.263425 23.208573 113.232696 23.203749
113.223291 23.106454 113.26384 23.104829
113.240502 23.134971 113.307797 23.154994
113.261154 23.197981 113.250109 23.149757
113.24325 23.178826 113.232101 23.145921
113.304647 23.100026 113.311318 23.149886
113.320328 23.153483 113.253351 23.125883
113.332983 23.161379 113.320776 23.197731
113.311669 23.146129 113.283471 23.127569
113.266659 23.0995 113.259308 23.114003
113.317344 23.135362 113.249282 23.115409
113.253016 23.194543 113.252701 23.15612
113.285263 23.131711 113.254166 23.123748
113.26288 23.169232 113.265181 23.144114
113.265351 23.164524 113.319736 23.134101
113.244383 23.159447 113.271096 23.168155
113.277422 23.107921 113.243254 23.126889
113.296256 23.163173 113.268735 23.163395
113.258775 23.129922 113.248295 23.142538
113.239406 23.130894 113.304929 23.153138
113.2459 23.205312 113.23153 23.129471
113.287303 23.140563 113.263526 23.145955
113.329324 23.146009 113.272366 23.164427
113.28011 23.116033 113.326665 23.128259
113.301101 23.112687 113.231883 23.134223
113.229924 23.158841 113.243442 23.127207
113.28854 23.110212 113.26465 23.127512
113.245122 23.181126 113.259141 23.155003
113.299918 23.108909 113.231817 23.13488
113.248696 23.151291 113.304734 23.143627
113.288277 23.14433 113.262787 23.140366
113.276911 23.135248 113.237155 23.109414
113.226006 23.157447 113.277492 23.128252
113.300123 23.147586 113.280905 23.131951
113.263375 23.185221 113.249074 23.152987
113.332283 23.114228 113.279428 23.117724
113.286865 23.132216 113.258772 23.118855
113.289573 23.127105 113.306329 23.151709
113.245386 23.157035 113.270235 23.147368
113.301935 23.123935 113.263276 23.103102
113.31089 23.105815 113.307103 23.149612
113.241509 23.117405 113.233517 23.142105
113.225368 23.160621 113.250967 23.124419
113.278456 23.150452 113.307503 23.13381
113.317796 23.141445 113.327722 23.161178
113.313527 23.143484 113.325521 23.167114
113.29408 23.143804 113.264741 23.163938
113.319603 23.155843 113.253808 23.126922
113.307358 23.122925 113.263732 23.115302
113.253997 23.182725 113.322868 23.157145
113.22413 23.153576 113.273911 23.137217
113.282627 23.157641 113.31059 23.130142
113.312176 23.108327 113.281754 23.117004
113.231208 23.150897 113.27354 23.131422
113.289272 23.143161 113.267481 23.141426
113.254199 23.200647 113.322979 23.162546
113.250837 23.169169 113.245318 23.20388
113.26838 23.179732 113.247555 23.149834
113.255427 23.20636 113.314542 23.164479
113.273297 23.155778 113.308691 23.130421
113.307215 23.147151 113.292513 23.123235
113.282849 23.152362 113.311382 23.123166
113.316787 23.124906 113.328161 23.139043
113.305058 23.098665 113.306712 23.157315
113.236261 23.145234 113.275434 23.121552
113.264653 23.14409 113.272243 23.161203
113.318322 23.11444 113.316475 23.15612
113.252569 23.172055 113.260987 23.115764
113.247983 23.158342 113.267606 23.140738
113.229022 23.163888 113.251601 23.122226
113.297054 23.117786 113.225637 23.128875
113.31777 23.141925 113.327977 23.167203
113.302978 23.167404 113.262844 23.162297
113.278126 23.138865 113.324401 23.137546
113.332319 23.170475 113.24759 23.151027
113.248444 23.177138 113.250657 23.205169
113.25221 23.129864 113.314359 23.1462
113.324663 23.177216 113.248044 23.157378
113.265996 23.187455 113.24658 23.149686
113.224069 23.147059 113.326516 23.129179
113.321899 23.147231 113.324967 23.161426
113.271204 23.150112 113.271538 23.12978
113.265673 23.127064 113.320718 23.136292
113.244343 23.208353 113.232027 23.136657
113.32016 23.168809 113.31153 23.131555
113.257261 23.172677 113.245728 23.130567
113.321785 23.152185 113.257433 23.164166
113.312301 23.12317 113.289394 23.147483
113.316754 23.17923 113.305424 23.157302
113.292618 23.125258 113.305895 23.15593
113.252738 23.163622 113.318198 23.202619
113.323287 23.165985 113.314919 23.193355
113.316937 23.128814 113.281131 23.184512
113.237248 23.114048 113.294429 23.154246
113.318775 23.114188 113.320611 23.152585
113.329721 23.165706 113.321624 23.190845
113.274924 23.15297 113.307701 23.120921
113.292197 23.131302 113.318688 23.120537
113.275785 23.205774 113.269393 23.111797
113.269581 23.188281 113.251632 23.149801
113.274451 23.134052 113.31489 23.145779
113.264768 23.122755 113.319003 23.151354
113.22665 23.148198 113.333202 23.137343
113.238346 23.133522 113.310481 23.15755
113.257052 23.202549 113.280249 23.203408
113.283143 23.141875 113.257 23.160942
113.305158 23.123242 113.223219 23.13946
113.262691 23.109871 113.28848 23.143073
113.320724 23.127629 113.234849 23.101912
113.227606 23.177119 113.235162 23.121133
113.333209 23.164191 113.3173 23.197538
113.251531 23.150227 113.271673 23.141897
113.319171 23.145055 113.326732 23.162573
113.332556 23.171984 113.252421 23.151982
113.287398 23.137754 113.259047 23.119809
113.31459 23.119572 113.23961 23.102945
113.251887 23.14873 113.305919 23.141066
113.23462 23.110284 113.296379 23.154945
113.231723 23.170561 113.237182 23.119462
113.312399 23.134769 113.270973 23.135515
113.28894 23.139179 113.260533 23.160145
113.293458 23.12545 113.265462 23.103593
113.26915 23.09803 113.257431 23.115549
113.238806 23.117397 113.260715 23.174122
113.317439 23.146063 113.324152 23.164716
113.277543 23.114666 113.245332 23.115405
113.253103 23.142313 113.282426 23.162558
113.332121 23.155552 113.309951 23.152429
113.251568 23.170837 113.250475 23.199159
113.32164 23.170508 113.313142 23.132386
113.295923 23.146704 113.277601 23.134376
113.317785 23.131746 113.311191 23.132402
113.322594 23.175672 113.303859 23.13164
113.272809 23.158679 113.277544 23.207603
113.235768 23.140335 113.282826 23.12484
113.295026 23.12611 113.263945 23.101618
113.233069 23.140745 113.276691 23.11874
113.270831 23.184537 113.242721 23.154238
113.311445 23.143239 113.287687 23.118288
113.316252 23.187909 113.3119 23.157487
113.271574 23.137513 113.303378 23.123653
113.325845 23.120827 113.31564 23.141073
113.332096 23.167802 113.314855 23.194138
113.310661 23.101593 113.303159 23.155087
113.308161 23.127082 113.26457 23.113902
113.237771 23.13411 113.30688 23.152354
113.260195 23.112568 113.316764 23.145776
113.282206 23.104346 113.321534 23.158002
113.289695 23.116159 113.263719 23.122044
113.243039 23.18222 113.225187 23.140571
113.264565 23.106921 113.253978 23.109831
113.278406 23.104112 113.316675 23.154478
113.223893 23.153192 113.273132 23.136896
113.262385 23.147785 113.280654 23.162733
113.272956 23.130749 113.238623 23.113829
113.289912 23.109554 113.268224 23.125431
113.281792 23.111915 113.245956 23.113009
113.262615 23.109853 113.289608 23.138345
113.265905 23.104386 113.255652 23.116507
113.238737 23.109952 113.233227 23.139247
113.262163 23.204353 113.274305 23.123758
113.255469 23.121237 113.283573 23.119049
113.294836 23.116772 113.223431 23.134189
113.250323 23.166715 113.272239 23.158804
113.301859 23.108935 113.222601 23.13421
113.293669 23.144163 113.272836 23.163865
113.329625 23.113522 113.273598 23.108478
113.276035 23.137903 113.270117 23.156019
113.319906 23.151461 113.271194 23.186107
113.240294 23.12887 113.312213 23.150434
113.257235 23.164298 113.322837 23.175069
113.332421 23.118888 113.320238 23.145376
113.228907 23.175492 113.234936 23.123809
113.29391 23.156574 113.322603 23.187774
113.266411 23.129098 113.304673 23.135045
113.331331 23.166029 113.314157 23.190982
113.251056 23.206001 113.223752 23.128914
113.301138 23.147977 113.323758 23.162306
113.244439 23.183117 113.256073 23.150591
113.225158 23.172867 113.238174 23.125372
113.257753 23.117746 113.287736 23.143292
113.267671 23.122241 113.313556 23.157668
113.225244 23.164877 113.246684 23.121828
113.298079 23.111093 113.223174 23.132833
113.272321 23.148384 113.272559 23.136657
113.274572 23.147224 113.312306 23.129473
113.234031 23.139233 113.274985 23.122958
113.227893 23.156434 113.273215 23.137517
113.322869 23.144368 113.325882 23.164451
113.299373 23.108384 113.227227 23.133842
113.245195 23.157453 113.268894 23.143965
113.255247 23.171691 113.26687 23.191256
113.328683 23.13615 113.257801 23.108609
113.252629 23.174366 113.248586 23.201446
113.253776 23.128572 113.228273 23.143463
113.331784 23.168002 113.323149 23.188832
113.244752 23.115391 113.260574 23.191019
113.328915 23.114042 113.278921 23.112227
113.274249 23.140734 113.302959 23.134795
113.277614 23.121936 113.314157 23.121361
113.244496 23.185935 113.231023 23.143722
113.246542 23.154411 113.279216 23.142348
113.30228 23.124168 113.263739 23.104508
113.267272 23.147067 113.246558 23.120253
113.319865 23.182568 113.304998 23.156246
113.316118 23.175531 113.307065 23.133521
113.264334 23.206015 113.305707 23.15685
113.234665 23.117079 113.241248 23.147856
113.257363 23.133161 113.247421 23.140627
113.256014 23.162295 113.317943 23.172755
113.253064 23.193185 113.254399 23.151646
113.245712 23.186575 113.225858 23.143468
113.262166 23.198715 113.250502 23.156005
113.269521 23.117325 113.322527 23.144624
113.282948 23.134701 113.258043 23.152701
113.268484 23.115988 113.309807 23.137817
113.266859 23.207326 113.312932 23.155024
113.27045 23.200152 113.313138 23.15655
113.299924 23.148089 113.275899 23.135564
113.27666 23.118832 113.321322 23.118583
113.302597 23.121569 113.272778 23.107055
113.290414 23.139208 113.272 23.142965
113.232432 23.166224 113.246772 23.122713
113.327373 23.177582 113.243037 23.153737
113.224932 23.099868 113.268894 23.104459
113.264057 23.17952 113.247449 23.158372
113.225656 23.152084 113.275016 23.129772
113.26623 23.203813 113.242363 23.203813
113.301537 23.154535 113.316632 23.183954
113.315197 23.140258 113.326587 23.160715
113.26611 23.202952 113.273623 23.125709
113.312117 23.114255 113.281484 23.111545
113.307914 23.141389 113.332273 23.120889
