113.225137 23.122742 113.259178 23.128133
113.323829 23.155611 113.305505 23.157319
113.316163 23.134038 113.298261 23.134053
113.325575 23.149872 113.312932 23.153917
113.269957 23.147516 113.250304 23.170613
113.239474 23.144055 113.2774 23.119198
113.226071 23.164588 113.242861 23.118433
113.28251 23.207809 113.245121 23.158186
113.276942 23.128657 113.317593 23.1493
113.267871 23.202204 113.303244 23.153673
113.263225 23.155654 113.272045 23.130875
113.25237 23.136608 113.26845 23.130617
113.29056 23.125091 113.254201 23.200014
113.301908 23.139478 113.268983 23.168101
113.229189 23.163843 113.245224 23.121901
113.269286 23.202261 113.305294 23.156886
113.304268 23.114258 113.317385 23.138316
113.259899 23.164394 113.318711 23.201112
113.265052 23.101688 113.254279 23.113322
113.244179 23.132805 113.318561 23.148253
113.298305 23.143278 113.330026 23.164403
113.32617 23.167295 113.316235 23.191282
113.260974 23.156265 113.327744 23.132782
113.331124 23.120018 113.317693 23.145091
113.259484 23.187504 113.317802 23.150445
113.259749 23.161543 113.258608 23.104602
113.321637 23.110852 113.319435 23.158109
113.227438 23.146393 113.328064 23.132342
113.246173 23.122801 113.311475 23.138541
113.296167 23.161713 113.271882 23.162233
113.327654 23.140208 113.270573 23.164124
113.288273 23.10872 113.268397 23.126385
113.260653 23.140711 113.274559 23.1593
113.248577 23.169649 113.252041 23.204264
113.268882 23.117362 113.304874 23.133546
113.259306 23.165237 113.318482 23.207832
113.250983 23.164015 113.227908 23.114036
113.287561 23.140443 113.257135 23.161008
113.304581 23.131992 113.286499 23.119226
113.268702 23.187889 113.250067 23.15533
113.264619 23.108668 113.303181 23.135722
113.290483 23.137458 113.253955 23.15487
113.236018 23.114057 113.238756 23.146581
113.242303 23.120562 113.323903 23.121976
113.252758 23.183219 113.322976 23.151854
113.246186 23.182437 113.228161 23.138872
113.265693 23.175872 113.272008 23.143992
113.318465 23.131077 113.279616 23.187014
113.304183 23.120173 113.331236 23.135644
113.243194 23.123138 113.307757 23.144474
113.26166 23.148051 113.266996 23.119926
113.245391 23.183628 113.261336 23.150011
113.251857 23.129749 113.312031 23.121681
113.225811 23.171505 113.236614 23.118118
113.237204 23.148098 113.280975 23.120213
113.232285 23.126194 113.252459 23.133031
113.26752 23.106758 113.254885 23.112717
113.25079 23.149827 113.311897 23.14515
113.2959 23.121451 113.2628 23.102301
113.229465 23.125408 113.272205 23.137881
113.29679 23.138376 113.32729 23.1679
113.246033 23.128402 113.253049 23.102227
113.246865 23.109333 113.25282 23.196456
113.326251 23.108779 113.27793 23.117265
113.224367 23.100025 113.316891 23.129622
113.250606 23.169356 113.249765 23.199969
113.287621 23.146819 113.266454 23.146958
113.283618 23.147452 113.267514 23.145832
113.255069 23.113201 113.287538 23.145845
113.250314 23.12768 113.256074 23.18942
113.260236 23.120204 113.290128 23.131087
113.275621 23.153055 113.311045 23.120505
113.260545 23.150258 113.33062 23.131018
113.313206 23.127982 113.323574 23.145378
113.298262 23.165298 113.271891 23.160945
113.270188 23.167497 113.285272 23.138176
113.300369 23.128321 113.248831 23.1083
113.244387 23.130427 113.258635 23.102838
113.309709 23.140168 113.332644 23.127848
113.308583 23.140272 113.326559 23.127985
113.309768 23.110614 113.279186 23.110668
113.226639 23.145792 113.333312 23.135081
113.296047 23.131816 113.242805 23.108521
113.261077 23.146618 113.266694 23.122307
113.234654 23.119398 113.275512 23.135981
113.260749 23.176564 113.266911 23.191389
113.231776 23.157752 113.27529 23.133044
113.295087 23.142688 113.333297 23.167223
113.252824 23.173917 113.251445 23.137982
113.272746 23.1994 113.306208 23.148989
113.276529 23.114903 113.252574 23.110171
113.284112 23.1182 113.253404 23.203917
113.285049 23.151595 113.265365 23.138297
113.275849 23.11961 113.319085 23.125341
113.265709 23.176618 113.269371 23.144944
113.223422 23.151894 113.275825 23.137877
113.226867 23.106383 113.321331 23.136799
113.275606 23.143938 113.302381 23.131305
113.278747 23.123454 113.31308 23.118143
113.244146 23.13797 113.278644 23.130904
113.316626 23.111325 113.315167 23.149379
113.229558 23.119088 113.267834 23.128963
113.232285 23.12186 113.268489 23.130428
113.262533 23.162936 113.255779 23.102267
113.245647 23.157259 113.279642 23.143798
113.260583 23.185292 113.315785 23.154335
113.27459 23.15329 113.30591 23.130916
113.239568 23.127366 113.328603 23.118916
113.22871 23.170822 113.239749 23.120943
113.312806 23.110286 113.314686 23.143541
113.245758 23.167379 113.266707 23.161138
113.288187 23.153226 113.266012 23.143702
113.27557 23.147896 113.268989 23.112507
113.248929 23.130837 113.308602 23.124845
113.260757 23.182984 113.317046 23.157116
113.298976 23.164304 113.266301 23.159096
113.322061 23.119302 113.233101 23.107311
113.295289 23.110227 113.228795 23.128959
113.276385 23.113159 113.248841 23.11252
113.309142 23.15554 113.328731 23.137761
113.293659 23.115551 113.2289 23.13818
113.306947 23.110829 113.281234 23.109367
113.246242 23.17533 113.245325 23.208244
113.300253 23.151409 113.291502 23.123756
113.266147 23.150948 113.269247 23.125773
113.255094 23.109455 113.288198 23.144844
113.321446 23.133017 113.278983 23.18265
113.225728 23.122435 113.247893 23.132145
113.286602 23.149931 113.267824 23.146876
113.279956 23.133648 113.317612 23.141088
113.32348 23.175274 113.250599 23.153771
113.292871 23.129486 113.25432 23.118711
113.266354 23.129432 113.25576 23.164701
113.253733 23.158127 113.333163 23.13479
113.234874 23.126224 113.332009 23.123159
113.276923 23.201931 113.266759 23.110201
113.277067 23.203808 113.252173 23.153954
113.281877 23.157119 113.305545 23.119798
113.324539 23.14101 113.263349 23.163269
113.2467 23.187569 113.255595 23.150347
113.26337 23.170539 113.264016 23.141463
113.284633 23.155724 113.265844 23.14476
113.249956 23.109455 113.255161 23.196316
113.250146 23.13361 113.319044 23.147034
113.246166 23.108753 113.259095 23.196894
113.319129 23.110099 113.322727 23.157815
113.27245 23.152997 113.262891 23.120903
113.292918 23.146499 113.260621 23.165707
113.276936 23.148502 113.306028 23.128814
113.247866 23.125756 113.311347 23.145003
113.254504 23.158615 113.319402 23.204113
113.227131 23.104328 113.2655 23.102619
113.273084 23.129409 113.318437 23.147345
113.237474 23.122411 113.280056 23.134429
113.329882 23.178259 113.244449 23.1516
113.309677 23.108943 113.313402 23.139332
113.330649 23.147928 113.267833 23.163767
113.271553 23.177663 113.263548 23.147294
113.265889 23.168799 113.266077 23.144114
113.253624 23.143504 113.264543 23.125403
113.249132 23.114749 113.255083 23.191023
113.300205 23.165234 113.269343 23.163362
113.229898 23.146215 113.324624 23.130618
113.293859 23.158011 113.283992 23.122052
113.282868 23.1428 113.324308 23.10576
113.273759 23.106502 113.318044 23.155181
113.305817 23.148443 113.328396 23.137056
113.267075 23.138992 113.245339 23.120171
113.269264 23.176462 113.265402 23.140052
113.291264 23.140634 113.258004 23.166995
113.244201 23.187128 113.225432 23.144059
113.231753 23.105491 113.316055 23.13026
113.295415 23.141892 113.33144 23.16036
113.223145 23.154239 113.27562 23.12929
113.26991 23.115519 113.318743 23.147618
113.296665 23.140174 113.327899 23.16115
113.319114 23.139063 113.324129 23.167989
113.277514 23.124788 113.308073 23.122787
113.265267 23.112951 113.307191 23.134749
113.316121 23.126698 113.324859 23.143046
113.330787 23.14596 113.265671 23.164479
113.308615 23.128183 113.289219 23.141764
113.276279 23.1455 113.29423 23.134163
113.253821 23.148139 113.268921 23.12364
113.287042 23.157358 113.26641 23.142149
113.296967 23.16523 113.270134 23.165697
113.248819 23.185677 113.229723 23.142663
113.31472 23.179116 113.303128 23.150829
113.282649 23.119893 113.321355 23.125258
113.226395 23.164515 113.246807 23.12184
113.226513 23.138941 113.331 23.136232
113.257905 23.184978 113.316306 23.158123
113.259907 23.134702 113.248373 23.142931
113.320617 23.111758 113.323058 23.154065
113.325565 23.147986 113.264 23.163689
113.267029 23.176006 113.268472 23.147958
113.31748 23.150207 113.258905 23.125958
113.323933 23.159077 113.32077 23.192319
113.286518 23.124273 113.308845 23.151702
113.276935 23.098955 113.321105 23.156892
113.315881 23.129154 113.294659 23.134185
113.224409 23.12209 113.265453 23.133559
113.292219 23.15773 113.269872 23.139911
113.305943 23.126049 113.325485 23.13687
113.318829 23.12692 113.325739 23.147714
113.320564 23.115227 113.318911 23.151988
113.319126 23.150601 113.277076 23.151663
113.251329 23.128328 113.312101 23.12644
113.260782 23.150686 113.327711 23.137895
113.26475 23.170309 113.265735 23.142802
113.267271 23.173787 113.27117 23.14492
113.298145 23.121159 113.262794 23.10656
113.246632 23.126106 113.254363 23.195826
113.261968 23.1461 113.280762 23.168485
113.263268 23.203852 113.310552 23.150419
113.31599 23.12106 113.329758 23.146316
113.326787 23.156384 113.303385 23.156328
113.305663 23.150878 113.328486 23.134419
113.251569 23.126037 113.258881 23.188799
113.230754 23.119064 113.242649 23.132722
113.271618 23.148568 113.267855 23.137407
113.276287 23.115369 113.247353 23.113932
113.251673 23.163638 113.266675 23.192366
113.333371 23.171268 113.244578 23.15276
113.277337 23.129777 113.322286 23.124042
113.230437 23.125119 113.254923 23.12018
113.249841 23.136116 113.268603 23.142456
113.328642 23.117894 113.274942 23.114523
113.307435 23.114513 113.276774 23.108295
113.294584 23.135811 113.243588 23.108213
113.27952 23.123685 113.308213 23.126356
113.236108 23.137404 113.304534 23.155102
113.254559 23.173499 113.265029 23.196913
113.325309 23.109844 113.278737 23.111918
113.331457 23.169721 113.251842 23.15019
113.245185 23.151978 113.278577 23.142632
113.258245 23.116794 113.284322 23.141393
113.225138 23.174871 113.232786 23.124127
113.249938 23.175564 113.253949 23.118105
113.268209 23.14135 113.26538 23.159205
113.259153 23.168304 113.260752 23.104678
113.237012 23.118538 113.282281 23.134285
113.273793 23.147989 113.323869 23.09906
113.274605 23.127538 113.30869 23.118394
113.252633 23.1337 113.315839 23.140255
113.300133 23.154932 113.290942 23.12738
113.277315 23.203331 113.243004 23.154539
113.261142 23.12222 113.290669 23.137785
113.248943 23.149541 113.308623 23.144774
113.295417 23.11719 113.229699 23.129542
113.296055 23.115428 113.229288 23.136864
113.307755 23.155535 113.328042 23.131667
113.257683 23.110816 113.319587 23.140259
113.300065 23.129947 113.252115 23.111873
113.324084 23.14374 113.264564 23.166282
113.23058 23.176123 113.237143 23.123293
113.308894 23.108404 113.275428 23.110453
113.311171 23.135805 113.292709 23.124196
113.324751 23.158482 113.318796 23.198311
113.331063 23.123776 113.322335 23.143667
113.267765 23.170908 113.268719 23.140012
113.272217 23.164945 113.317213 23.129966
113.227055 23.174284 113.239725 23.125565
113.298636 23.140177 113.266615 23.164173
113.308004 23.122339 113.262874 23.115933
113.254014 23.128055 113.291308 23.135252
113.242815 23.137118 113.255949 23.099428
113.249715 23.152901 113.279602 23.14185
113.307347 23.156522 113.32951 23.12856
113.289186 23.146145 113.264768 23.14555
113.225036 23.171097 113.238333 23.122343
113.245272 23.169706 113.253428 23.114886
113.251823 23.130612 113.261524 23.105503
113.258733 23.20664 113.273719 23.200028
113.299734 23.128497 113.247115 23.110851
113.313099 23.118785 113.29232 23.145587
113.288282 23.154414 113.264588 23.147156
113.317093 23.126019 113.23992 23.107791
113.322301 23.147264 113.329962 23.164479
113.272937 23.206068 113.269113 23.116205
113.223418 23.10528 113.315102 23.130582
113.26251 23.115259 113.314421 23.142977
113.302412 23.115772 113.230586 23.131998
113.332734 23.11434 113.2816 23.111655
113.311676 23.1537 113.332885 23.128611
113.266944 23.109571 113.307572 23.135524
113.291491 23.145613 113.270634 23.145306
113.319046 23.188367 113.304099 23.154893
113.222556 23.100621 113.321095 23.135755
113.301568 23.139721 113.265045 23.160973
113.293558 23.121044 113.263108 23.103441
113.313718 23.168115 113.282502 23.143435
113.304836 23.12552 113.22588 23.14565
113.256476 23.186937 113.315351 23.153514
113.270646 23.135429 113.307911 23.121024
113.328193 23.145345 113.267888 23.160738
113.246664 23.127768 113.311551 23.148222
113.305151 23.114 113.279084 23.113024
113.275823 23.149789 113.31038 23.118673
113.244361 23.201149 113.23227 23.131602
113.257307 23.140461 113.277608 23.160636
113.250869 23.174346 113.252854 23.108337
113.269547 23.175526 113.271336 23.147919
113.232442 23.102047 113.321423 23.133337
113.244764 23.124497 113.304117 23.146157
113.257471 23.148343 113.278561 23.168257
113.23814 23.141681 113.280824 23.122397
113.261454 23.184643 113.313651 23.155885
113.289579 23.136361 113.320203 23.121739
113.326633 23.177402 113.248841 23.154597
113.273149 23.098474 113.252346 23.1203
113.232322 23.158143 113.274534 23.136202
113.298039 23.162423 113.267298 23.159032
113.246742 23.124526 113.252971 23.193804
113.30695 23.149688 113.327071 23.136676
113.280527 23.13335 113.263077 23.149867
113.272154 23.207564 113.307928 23.15578
113.246141 23.151929 113.308267 23.145101
113.295024 23.109858 113.223518 23.134928
113.323874 23.152029 113.305701 23.154334
113.298418 23.168066 113.264534 23.16654
113.272362 23.101534 113.252955 23.109144
113.314193 23.139043 113.328691 23.161625
113.309562 23.156918 113.326986 23.13243
113.315834 23.142896 113.328338 23.161005
113.289106 23.153051 113.272662 23.142221
113.284351 23.133246 113.253558 23.120081
113.282398 23.104484 113.322375 23.155961
113.254405 23.129932 113.251115 23.144565
113.323423 23.152857 113.294019 23.136303
113.310508 23.120965 113.228406 23.142842
113.229472 23.173603 113.235809 23.124182
113.225216 23.126878 113.259084 23.16301
113.326436 23.149703 113.303123 23.15085
113.253446 23.184578 113.316048 23.154951
113.321508 23.135356 113.277313 23.180735
113.277395 23.149262 113.305477 23.120074
113.252298 23.131146 113.319862 23.138816
113.318205 23.110615 113.316156 23.155342
113.24545 23.129903 113.271084 23.139326
113.22392 23.122261 113.243317 23.13285
113.282545 23.157997 113.304901 23.12155
113.323894 23.124044 113.316442 23.147938
113.245909 23.13392 113.260455 23.103143
113.246252 23.11043 113.262049 23.194423
113.276094 23.102376 113.317048 23.154482
113.296304 23.120887 113.271389 23.104613
113.311183 23.122775 113.27113 23.11598
113.260064 23.15993 113.318892 23.205286
113.331037 23.17136 113.248927 23.149652
113.228609 23.119372 113.272617 23.128816
113.282075 23.141447 113.331013 23.135574
113.258103 23.143349 113.275946 23.167781
113.312402 23.112541 113.319179 23.143473
113.25785 23.183609 113.323145 23.149838
113.2491 23.173435 113.259096 23.112026
113.31884 23.152384 113.25366 23.12492
113.281985 23.134457 113.322996 23.140703
113.242731 23.180956 113.225892 23.139411
113.257653 23.200678 113.274905 23.206812
113.25703 23.187755 113.316837 23.153933
113.238631 23.11523 113.300519 23.148844
113.277214 23.1002 113.247477 23.123725
113.230055 23.124661 113.242956 23.13601
113.30454 23.099046 113.303357 23.151516
113.27341 23.207144 113.243164 23.150866
113.256394 23.19643 113.255031 23.153215
113.281841 23.204634 113.269879 23.117039
113.321834 23.171399 113.311053 23.136113
113.258385 23.140502 113.28212 23.159961
113.303907 23.119035 113.267175 23.108906
113.237723 23.109786 113.254387 23.169369
113.22757 23.152698 113.281695 23.128298
113.320913 23.111807 113.316844 23.150273
113.27707 23.120415 113.323035 23.122553
113.224546 23.169724 113.238502 23.118816
113.288323 23.139949 113.260549 23.161424
113.291363 23.121284 113.311964 23.158447
113.246649 23.126055 113.310577 23.148207
113.249895 23.110501 113.253959 23.191499
113.316489 23.129842 113.24709 23.115772
113.332498 23.138546 113.268517 23.16212
113.292841 23.146978 113.264314 23.138566
113.300268 23.164973 113.270198 23.159526
113.277891 23.124114 113.308506 23.120326
113.243928 23.150811 113.311049 23.144673
113.272895 23.135083 113.322565 23.147057
113.309954 23.108384 113.274725 23.115456
113.292957 23.15691 113.272125 23.140548
113.272741 23.15116 113.27003 23.119713
113.312363 23.121171 113.285198 23.145502
113.327655 23.149754 113.300606 23.130969
113.254938 23.133287 113.332609 23.134616
113.24562 23.175799 113.254074 23.10971
113.28499 23.149654 113.268096 23.145997
113.283741 23.153294 113.271375 23.138874
113.229368 23.125961 113.25622 23.166421
113.270216 23.107233 113.256364 23.109616
113.280663 23.110466 113.327642 23.135106
113.315786 23.152072 113.262519 23.126764
113.290522 23.118405 113.304368 23.156498
113.231307 23.152148 113.278978 23.130106
113.240021 23.145155 113.278018 23.121978
113.224439 23.123318 113.258814 23.159643
113.296705 23.117403 113.227373 23.134566
113.224895 23.146058 113.330072 23.132512
113.325086 23.117971 113.27798 23.114331
113.294619 23.136962 113.251249 23.113328
113.232177 23.125392 113.258036 23.121671
113.270161 23.100776 113.255855 23.11163
113.258943 23.182768 113.316209 23.156402
113.293229 23.159152 113.2637 23.165645
113.328291 23.113499 113.280737 23.117764
113.274678 23.097983 113.25074 23.118653
113.287899 23.144483 113.25958 23.159838
113.293287 23.114942 113.222901 23.133762
113.294999 23.153718 113.324076 23.153882
113.253171 23.162999 113.261166 23.099498
113.248209 23.171644 113.250274 23.20748
113.267003 23.158776 113.279601 23.208755
113.253134 23.182925 113.320427 23.154147
113.325441 23.156018 113.297659 23.132256
113.251704 23.136551 113.262709 23.100459
113.309125 23.156457 113.326877 23.128317
113.274337 23.134687 113.322883 23.148368
113.224517 23.124873 113.268295 23.129947
113.275042 23.101925 113.319684 23.1518
113.294569 23.139595 113.273724 23.128466
113.271739 23.158433 113.271438 23.122103
113.313002 23.141566 113.285369 23.121909
113.232082 23.118807 113.264707 23.131402
113.304258 23.144662 113.29001 23.12277
113.260821 23.138956 113.265772 23.120602
113.246281 23.206624 113.230545 23.130486
113.313736 23.182556 113.305706 23.158402
113.233755 23.109346 113.262445 23.168991
113.227319 23.105492 113.319452 23.131881
113.232276 23.128049 113.262805 23.136243
113.265223 23.141064 113.244347 23.175302
113.224529 23.104686 113.27031 23.102897
113.261523 23.127634 113.28631 23.122502
113.248169 23.175943 113.248619 23.199989
113.273751 23.134383 113.32285 23.157512
113.294817 23.143913 113.264246 23.167684
113.307894 23.103716 113.309869 23.152669
113.263005 23.172671 113.267039 23.146035
113.28925 23.115216 113.266482 23.122584
113.311233 23.149883 113.324949 23.131616
113.320418 23.108322 113.321603 23.157925
113.323164 23.132782 113.298638 23.134648
113.293906 23.145798 113.324822 23.160257
113.256437 23.117658 113.284533 23.142426
113.265987 23.186347 113.246828 23.149267
113.256874 23.121951 113.284118 23.135989
113.310259 23.147253 113.325013 23.12333
113.245659 23.150992 113.272555 23.138772
113.266591 23.14719 113.276933 23.202789
113.273723 23.136013 113.268417 23.157209
113.268224 23.115142 113.315317 23.144749
113.250572 23.156955 113.270882 23.138682
113.228717 23.144155 113.328879 23.134589
113.293138 23.12674 113.265348 23.1005
113.329305 23.152943 113.301916 23.13797
113.253252 23.140565 113.27292 23.161074
113.300309 23.132369 113.252252 23.113506
113.228552 23.122404 113.259969 23.124682
113.239776 23.126427 113.331618 23.119277
113.273681 23.114363 113.327557 23.137499
113.319643 23.129108 113.253388 23.118786
113.269112 23.155884 113.272418 23.127664
113.251976 23.165694 113.270766 23.162905
113.3041 23.100453 113.308206 23.153798
113.288888 23.123009 113.241791 23.116544
113.223598 23.125619 113.242808 23.132237
113.300698 23.141754 113.272612 23.166737
113.253594 23.173698 113.267858 23.194924
113.316134 23.126643 113.239011 23.107486
113.28057 23.12306 113.321087 23.124005
113.317055 23.118851 113.32905 23.138411
113.259823 23.116776 113.322207 23.139277
113.260694 23.138112 113.229085 23.147788
113.323935 23.168461 113.314739 23.191528
113.310158 23.153128 113.327232 23.130905
113.287695 23.139055 113.268472 23.147383
113.301889 23.158733 113.271454 23.168198
113.31273 23.133301 113.318522 23.159147
113.256625 23.181967 113.320342 23.15489
113.262906 23.131304 113.26116 23.165638
113.281869 23.207137 113.244002 23.152137
113.285607 23.140973 113.270027 23.142871
113.258491 23.175867 113.270987 23.197337
113.331159 23.114664 113.281037 23.11036
113.312871 23.130725 113.268496 23.134779
113.258383 23.135983 113.245902 23.140968
113.226086 23.141469 113.329076 23.133838
113.259164 23.144533 113.262777 23.124209
113.272016 23.170927 113.263109 23.138454
113.25189 23.128735 113.303811 23.119394
113.301055 23.165994 113.269571 23.16375
113.256029 23.194694 113.248514 23.157364
113.243374 23.113139 113.257686 23.193279
113.277529 23.109344 113.252153 23.110654
113.265543 23.139611 113.267606 23.161764
113.270313 23.15716 113.272698 23.1334
113.330929 23.15739 113.296848 23.134094
113.282585 23.107068 113.250178 23.123177
113.331161 23.172621 113.243809 23.150688
113.252965 23.174173 113.248034 23.131967
113.327768 23.15354 113.308467 23.154317
113.259067 23.16934 113.250701 23.130843
113.235348 23.109378 113.236193 23.142251
113.227258 23.161265 113.25224 23.122829
113.329716 23.123719 113.32006 23.14708
113.282315 23.199861 113.247658 23.152385
113.299024 23.166186 113.270331 23.167373
113.231914 23.101132 113.314194 23.1359
113.291647 23.109703 113.265247 23.123965
113.309334 23.139134 113.278 23.133774
113.255101 23.136092 113.2312 23.147614
113.306157 23.142215 113.283406 23.119199
113.302103 23.117863 113.231567 23.130331
113.268819 23.206974 113.303259 23.151964
113.259936 23.177143 113.244651 23.133717
113.278738 23.102511 113.31951 23.14881
113.298848 23.111712 113.227067 23.134782
113.266031 23.160485 113.246164 23.115318
113.303407 23.129692 113.322318 23.162457
113.268533 23.131642 113.261069 23.158803
113.272968 23.14662 113.261277 23.183569
113.226086 23.122274 113.269589 23.13017
113.276502 23.200713 113.262825 23.112493
113.275369 23.132654 113.320985 23.141154
113.274254 23.144227 113.262424 23.184341
113.324002 23.166621 113.314898 23.190161
113.323136 23.185823 113.310062 23.154475
113.283367 23.141394 113.268366 23.143833
113.272104 23.17602 113.269883 23.143257
113.271511 23.160859 113.250306 23.111158
113.239436 23.132403 113.303983 23.156146
113.260608 23.133103 113.227316 23.140489
113.260814 23.174459 113.243459 23.133278
113.251849 23.156013 113.306095 23.140864
113.282958 23.113057 113.267436 23.127741
113.255184 23.184719 113.318559 23.153882
113.228767 23.159611 113.248911 23.123536
113.311657 23.157815 113.325531 23.133519
113.225012 23.124004 113.246123 23.13219
113.23767 23.148053 113.27622 23.126103
113.247306 23.137971 113.322436 23.13987
113.249894 23.119173 113.259601 23.195859
113.331729 23.133511 113.281573 23.164431
113.262457 23.143854 113.268286 23.120382
113.323224 23.122741 113.331161 23.143672
113.263382 23.149627 113.267293 23.136684
113.231639 23.102089 113.272803 23.09927
113.302346 23.162078 113.265566 23.159334
113.253398 23.181401 113.321956 23.154028
113.247702 23.155236 113.306178 23.142882
113.281191 23.101007 113.245255 23.127585
113.296725 23.163884 113.270389 23.16451
113.247191 23.121994 113.305175 23.142719
113.277033 23.19889 113.27031 23.111825
113.266701 23.159178 113.252645 23.115109
113.256888 23.178225 113.272044 23.193778
113.288649 23.116466 113.270931 23.120117
113.242824 23.151681 113.263682 23.143019
113.305527 23.116757 113.27906 23.110748
113.323484 23.132732 113.238374 23.169293
113.261973 23.187577 113.320518 23.156959
113.305973 23.151858 113.332393 23.130305
113.318462 23.162447 113.27838 23.125441
113.271441 23.123014 113.317613 23.158455
113.249074 23.136703 113.271591 23.131423
113.276317 23.121679 113.322699 23.121409
113.297542 23.118986 113.270377 23.100092
113.239904 23.114175 113.24195 23.14585
113.264754 23.104189 113.253581 23.108814
113.26284 23.148345 113.275781 23.20143
113.240461 23.131474 113.307827 23.150321
113.254039 23.192155 113.242728 23.148657
113.297438 23.168379 113.26558 23.163892
113.254628 23.146462 113.268584 23.123193
113.261923 23.136538 113.248868 23.140205
113.246901 23.13572 113.271089 23.148025
113.266709 23.149441 113.270237 23.121187
113.31763 23.152027 113.268766 23.188477
113.262065 23.118403 113.313227 23.153801
113.297397 23.148425 113.289919 23.126132
113.223738 23.144175 113.331523 23.13373
113.267324 23.165838 113.284565 23.134585
113.268902 23.101189 113.260196 23.110153
113.294972 23.166883 113.266712 23.159212
113.266427 23.104334 113.25411 23.116733
113.326806 23.178244 113.251912 23.15512
113.325227 23.129592 113.292974 23.136232
113.255273 23.16845 113.316457 23.203338
113.253263 23.175965 113.24405 23.129126
113.283041 23.109951 113.272703 23.122807
113.297621 23.13755 113.248577 23.113637
113.272519 23.15721 113.271957 23.133156
