113.251342 23.207613 113.232466 23.135682
113.275582 23.134401 113.260222 23.113538
113.249373 23.136654 113.306189 23.122994
113.307733 23.15344 113.331245 23.133388
113.261936 23.195428 113.258502 23.153129
113.280508 23.149247 113.310644 23.124997
113.257233 23.133303 113.250005 23.146269
113.287533 23.123753 113.305537 23.151455
113.310211 23.113172 113.275284 23.113034
113.314752 23.134196 113.293113 23.132793
113.228757 23.165082 113.250394 23.122274
113.316894 23.173542 113.303633 23.131961
113.246342 23.114772 113.260714 23.18957
113.295484 23.152789 113.314161 23.187701
113.22322 23.175531 113.239071 23.126672
113.228683 23.146919 113.327098 23.134229
113.314327 23.163081 113.274922 23.146684
113.296592 23.109071 113.231291 23.128481
113.269283 23.163984 113.316437 23.131281
113.240071 23.14516 113.275126 23.119522
113.266156 23.180083 113.243953 23.154714
113.316763 23.141327 113.330606 23.159741
113.298783 23.167006 113.266394 23.163922
113.301588 23.152106 113.326722 23.152988
113.290422 23.150921 113.271455 23.14043
113.274027 23.118159 113.320202 23.123418
113.330585 23.127027 113.313201 23.145959
113.281504 23.13284 113.254326 23.115665
113.296067 23.12775 113.263512 23.099063
113.257808 23.195563 113.258889 23.149318
113.246495 23.167577 113.266913 23.165678
113.330151 23.161318 113.321893 23.198152
113.246937 23.136526 113.310101 23.126113
113.314514 23.112819 113.319898 23.149127
113.26842 23.144195 113.244557 23.123948
113.2639 23.15985 113.316329 23.131294
113.296341 23.121557 113.265607 23.098414
113.285514 23.136864 113.255287 23.124971
113.236683 23.145621 113.279725 23.126463
113.273545 23.137113 113.258567 23.117647
113.26295 23.141556 113.250819 23.124444
113.314104 23.1499 113.263535 23.167174
113.297739 23.143223 113.274343 23.131863
113.287678 23.120916 113.236827 23.115922
113.326901 23.135758 113.257573 23.111527
113.272927 23.123859 113.317056 23.122981
113.2568 23.13389 113.252362 23.14057
113.240765 23.143073 113.273989 23.12462
113.270879 23.101785 113.257154 23.11186
113.321651 23.143419 113.323579 23.158911
113.259612 23.189123 113.247886 23.150535
113.297923 23.138492 113.272014 23.166072
113.242892 23.20835 113.223959 23.131603
113.305962 23.13596 113.287608 23.120686
113.291808 23.132942 113.251059 23.130032
113.331443 23.141551 113.270774 23.162362
113.287513 23.141869 113.255551 23.165536
113.263799 23.181738 113.25159 23.150558
113.291704 23.146871 113.263261 23.148146
113.247207 23.133333 113.322514 23.145254
113.3251 23.165216 113.32311 23.193511
113.262945 23.183205 113.244017 23.150026
113.281192 23.150947 113.308408 23.124096
113.254754 23.109107 113.322413 23.139122
113.254493 23.18158 113.320518 23.155479
113.239812 23.138012 113.307218 23.154942
113.242583 23.132876 113.306342 23.149198
113.263452 23.176672 113.270022 23.142819
113.281074 23.135773 113.318264 23.125832
113.277998 23.156579 113.30634 23.125136
113.228574 23.100091 113.3209 23.134409
113.29182 23.109722 113.268298 23.123902
113.323585 23.122542 113.32252 23.142312
113.252604 23.123342 113.25482 23.184247
113.308857 23.124117 113.292298 23.147675
113.315717 23.182691 113.308731 23.154062
113.25728 23.196261 113.245152 23.151439
113.248325 23.13524 113.27174 23.140688
113.325691 23.126824 113.318231 23.143337
113.306953 23.127472 113.333061 23.130266
113.300336 23.114078 113.226867 23.134743
113.293542 23.15478 113.326128 23.149007
113.303759 23.120418 113.285878 23.138867
113.305096 23.127007 113.262808 23.11745
113.333279 23.17476 113.252007 23.152207
113.280602 23.108881 113.245469 23.11087
113.277058 23.122614 113.305994 23.121268
113.234878 23.130416 113.306522 23.149333
113.295631 23.123735 113.26362 23.106806
113.282249 23.149432 113.312016 23.128362
113.250097 23.20675 113.231431 23.136885
113.258216 23.198188 113.262673 23.150274
113.278421 23.152234 113.308978 23.135006
113.305892 23.11047 113.282301 23.111092
113.264544 23.14304 113.243393 23.118416
113.223579 23.16609 113.246229 23.123344
113.266814 23.15931 113.283014 23.13213
113.262657 23.163819 113.31958 23.176039
113.27355 23.199274 113.246955 23.153809
113.277702 23.151344 113.305312 23.119595
113.314238 23.147313 113.333136 23.165705
113.255613 23.196434 113.250136 23.148803
113.222637 23.167544 113.249339 23.119016
113.262693 23.182554 113.320671 23.149917
113.25342 23.171134 113.267606 23.191965
113.290448 23.139603 113.269679 23.143831
113.319579 23.111521 113.323001 23.155586
113.228619 23.146564 113.325037 23.135671
113.297908 23.153242 113.31954 23.186353
113.265189 23.161084 113.280378 23.199314
113.232094 23.168117 113.243349 23.125984
113.246194 23.171314 113.256187 23.110814
113.303202 23.156094 113.331096 23.132872
113.263775 23.144614 113.27061 23.165268
113.308234 23.117984 113.315347 23.146906
113.305211 23.110261 113.316371 23.145085
113.243195 23.150645 113.282344 23.138337
113.246288 23.124735 113.262645 23.18257
113.305761 23.124125 113.292151 23.141018
113.277036 23.205856 113.26528 23.113127
113.246051 23.188213 113.252865 23.155946
113.265644 23.167923 113.313601 23.137384
113.229958 23.141785 113.329429 23.135431
113.308729 23.120478 113.292491 23.144619
113.292856 23.124779 113.255765 23.208363
113.261757 23.137165 113.225335 23.144898
113.271063 23.104641 113.26128 23.114967
113.243959 23.115721 113.25413 23.195334
113.252031 23.16434 113.268294 23.196925
113.303017 23.167945 113.271051 23.165797
113.249128 23.162667 113.270492 23.196027
113.317418 23.119067 113.239908 23.1036
113.312646 23.149069 113.328359 23.130836
113.255203 23.112747 113.288419 23.14244
113.321962 23.143778 113.329045 23.168191
113.275393 23.205233 113.266173 23.11575
113.284174 23.111315 113.265966 23.124966
113.251508 23.159009 113.264883 23.190364
113.260397 23.143044 113.278578 23.165172
113.316509 23.157042 113.307279 23.134142
113.325077 23.1513 113.29686 23.136584
113.291175 23.147656 113.25663 23.165546
113.291024 23.122684 113.232892 23.109777
113.300076 23.127356 113.265176 23.104356
113.270661 23.116014 113.320597 23.146928
113.32838 23.129804 113.291688 23.129027
113.318039 23.122795 113.333013 23.144634
113.25518 23.119862 113.286191 23.135986
113.258102 23.194344 113.248632 23.155153
113.230929 23.151789 113.280694 23.13086
113.239847 23.129721 113.303858 23.155756
113.251773 23.208028 113.228933 23.138176
113.33274 23.169441 113.246722 23.149847
113.311434 23.115426 113.316429 23.143249
113.262276 23.13571 113.225232 23.142881
113.255562 23.135321 113.330408 23.129598
113.263862 23.119457 113.314071 23.128222
113.267656 23.200888 113.311881 23.150441
113.309362 23.101305 113.31138 23.155328
113.269922 23.102809 113.259788 23.110541
113.273907 23.205309 113.263249 23.11472
113.24302 23.130677 113.273491 23.129707
113.30421 23.126714 113.288324 23.139464
113.287159 23.118358 113.257849 23.206125
113.314052 23.118287 113.237638 23.103803
113.229768 23.149652 113.276792 23.129408
113.305779 23.123997 113.232315 23.140781
113.266679 23.124062 113.313707 23.158148
113.24572 23.202355 113.23003 23.135796
113.23916 23.132151 113.311168 23.149476
113.243194 23.180877 113.22331 23.143322
113.246454 23.172191 113.250858 23.200509
113.331849 23.15765 113.298962 23.134345
113.267459 23.204459 113.305033 23.148839
113.326338 23.151611 113.311417 23.157243
113.271983 23.164391 113.283632 23.128268
113.314623 23.184263 113.303382 23.154343
113.240724 23.143871 113.275496 23.124866
113.311138 23.119478 113.268241 23.116874
113.307219 23.0998 113.30993 23.157678
113.326221 23.126899 113.313859 23.148333
113.247567 23.132917 113.310887 23.125736
113.332833 23.168998 113.247798 23.149949
113.251378 23.109257 113.261315 23.191257
113.306716 23.100279 113.309129 23.152379
113.294753 23.132599 113.245109 23.109329
113.246549 23.120124 113.305758 23.143376
113.290134 23.151672 113.271257 23.146186
113.331303 23.125062 113.314839 23.141889
113.230339 23.142177 113.332029 23.136511
113.27831 23.099113 113.246843 23.12556
113.267695 23.155287 113.264625 23.122762
113.275295 23.106644 113.248233 23.12516
113.238557 23.119194 113.33031 23.120294
113.269234 23.133126 113.255528 23.160155
113.330489 23.178464 113.246573 23.150762
113.308528 23.126683 113.292318 23.139203
113.327393 23.144356 113.26442 23.166555
113.298529 23.125624 113.271391 23.098872
113.319905 23.152981 113.275014 23.150009
113.297316 23.118991 113.267166 23.101446
113.247642 23.123067 113.258857 23.193365
113.255471 23.11068 113.323056 23.143899
113.287585 23.115541 113.267315 23.125685
113.227612 23.164604 113.245485 23.119831
113.277748 23.12432 113.307766 23.123031
113.302076 23.113821 113.227835 23.135113
113.246915 23.172454 113.261193 23.117998
113.227268 23.160892 113.249685 23.121041
113.304017 23.119077 113.287304 23.147383
113.271442 23.131708 113.2583 23.162097
113.235541 23.111418 113.288692 23.135541
113.306925 23.132878 113.316081 23.151332
113.282283 23.115093 113.331503 23.130559
113.261286 23.114597 113.320483 23.142117
113.278447 23.12924 113.265189 23.156136
113.273342 23.11627 113.32353 23.13267
113.239317 23.114556 113.299085 23.15398
113.270122 23.169385 113.265711 23.148296
113.250471 23.159924 113.262818 23.165045
113.323114 23.134541 113.247965 23.112241
113.25385 23.208039 113.275661 23.199669
113.305688 23.135661 113.228461 23.106334
113.296009 23.141166 113.276666 23.13541
113.307278 23.105747 113.305811 23.152807
113.275624 23.122352 113.314872 23.118825
113.252464 23.207026 113.227228 23.132255
113.259832 23.115855 113.292842 23.144793
113.308691 23.099743 113.305612 23.150463
113.261036 23.146702 113.268633 23.121588
113.332448 23.149857 113.297745 23.132537
113.323056 23.157125 113.257771 23.158833
113.323385 23.171083 113.242861 23.148462
113.236509 23.130587 113.312779 23.15259
113.235281 23.115602 113.283474 23.132384
113.285866 23.147729 113.254746 23.160715
113.290362 23.111101 113.272217 23.122767
113.2516 23.119554 113.304015 23.145518
113.236082 23.136272 113.311726 23.154485
113.299473 23.118754 113.272528 23.099598
113.305802 23.121274 113.268794 23.115052
113.262715 23.158607 113.314744 23.176046
113.251859 23.204263 113.226901 23.133644
113.289285 23.13269 113.257581 23.125523
113.285692 23.114766 113.272009 23.123126
113.29098 23.114128 113.270759 23.124682
113.259432 23.199277 113.279235 23.127764
113.236798 23.141651 113.276745 23.120556
113.261087 23.119725 113.286275 23.122792
113.323261 23.140917 113.329651 23.165343
113.258973 23.154515 113.327248 23.135261
113.267047 23.208664 113.274279 23.120745
113.268415 23.129909 113.309292 23.132611
113.259348 23.152868 113.290916 23.146205
113.265782 23.163753 113.278425 23.206573
113.248865 23.207877 113.229452 23.132683
113.251988 23.124663 113.259132 23.18617
113.29668 23.164407 113.271151 23.166215
113.270402 23.160881 113.287965 23.132136
113.227288 23.160192 113.247243 23.122752
113.272779 23.177604 113.26556 23.147608
113.285655 23.109807 113.264403 23.119508
113.308427 23.127506 113.263279 23.111523
113.325523 23.141532 113.272021 23.167563
113.321314 23.145116 113.331091 23.158556
113.280409 23.124451 113.319818 23.121604
113.282079 23.131565 113.322562 23.156369
113.229712 23.124111 113.266304 23.133537
113.225003 23.16038 113.246262 23.126405
113.251651 23.182423 113.256932 23.15097
113.239196 23.135876 113.307436 23.149037
113.261705 23.141698 113.275635 23.159312
113.266458 23.159174 113.314485 23.135705
113.245446 23.15964 113.263051 23.164814
113.295286 23.15277 113.327098 23.152657
113.305389 23.098625 113.313121 23.152018
113.286945 23.131903 113.254466 23.156135
113.256766 23.158252 113.289274 23.140424
113.245341 23.174435 113.245306 23.20076
113.253289 23.189589 113.242981 23.153023
113.310817 23.106046 113.311259 23.150115
113.329553 23.154809 113.298506 23.138016
113.276395 23.131649 113.314614 23.124853
113.235945 23.144905 113.279757 23.128037
113.283635 23.155353 113.270723 23.142606
113.273077 23.106325 113.248612 23.127827
113.280475 23.129714 113.238789 23.109624
113.264868 23.186045 113.249202 23.149816
113.250847 23.185481 113.226709 23.147362
113.318632 23.151182 113.25645 23.123606
113.323526 23.131137 113.315539 23.15418
113.295466 23.119126 113.270386 23.098593
113.257626 23.201838 113.318612 23.162324
113.28419 23.15654 113.268971 23.140475
113.313124 23.109445 113.314677 23.146537
113.233933 23.109811 113.299879 23.151379
113.295923 23.126465 113.263325 23.108024
113.266491 23.157461 113.270953 23.130016
113.248332 23.115022 113.252924 23.198019
113.239166 23.127075 113.282839 23.137231
113.262591 23.129013 113.231398 23.141359
113.239962 23.134078 113.312491 23.154012
113.2594 23.192316 113.246835 23.152391
113.230558 23.151634 113.275621 23.132735
113.291104 23.151394 113.271285 23.143561
113.280231 23.135331 113.322048 23.127272
113.317268 23.140866 113.32906 23.159372
113.277356 23.206489 113.262814 23.112411
113.249707 23.149948 113.275546 23.146304
113.245264 23.183883 113.232007 23.145382
113.285777 23.130324 113.260829 23.119458
113.236252 23.130911 113.308924 23.154294
113.261675 23.121966 113.31909 23.1543
113.303586 23.123873 113.270304 23.112642
113.261355 23.168467 113.25795 23.104083
113.247457 23.173312 113.257928 23.111314
113.322227 23.123984 113.238827 23.100718
113.234184 23.111571 113.232687 23.139576
113.25182 23.203634 113.226448 23.134056
113.311326 23.115559 113.322499 23.141775
113.271914 23.168457 113.288208 23.13406
113.29031 23.110722 113.264651 23.119115
113.244891 23.117016 113.256142 23.195222
113.313507 23.127899 113.325438 23.13835
113.247066 23.174343 113.260961 23.11265
113.2537 23.111188 113.31724 23.142075
113.22399 23.147899 113.332776 23.134332
113.32915 23.177212 113.251532 23.152391
113.283484 23.132856 113.259732 23.123657
113.287478 23.128715 113.254876 23.15334
113.272969 23.111775 113.326334 23.134646
113.290191 23.138211 113.257316 23.155416
113.243292 23.185319 113.228736 23.145555
113.329864 23.173869 113.244673 23.152628
113.252949 23.188899 113.247949 23.150914
113.248176 23.203163 113.224761 23.13776
113.264353 23.161178 113.316277 23.131682
113.280968 23.105843 113.252409 23.126744
113.306591 23.105537 113.305308 23.154754
113.273713 23.116546 113.249952 23.109425
113.253982 23.170913 113.245992 23.131494
113.284105 23.110726 113.265606 23.120519
113.232794 23.144381 113.281214 23.123891
113.307728 23.131054 113.290563 23.123977
113.278751 23.137257 113.265355 23.14895
113.312674 23.100297 113.307081 23.155782
113.319683 23.145839 113.326043 23.163223
113.260355 23.196323 113.259561 23.154051
113.311784 23.126489 113.330733 23.131788
113.229482 23.099745 113.271265 23.106263
113.258959 23.196601 113.243884 23.151163
113.316838 23.144334 113.333082 23.167134
113.278172 23.101897 113.248291 23.126288
113.280235 23.136536 113.3188 23.145589
113.324952 23.175688 113.246424 23.151388
113.32705 23.118906 113.321098 23.14655
113.236591 23.12287 113.282779 23.132654
113.303264 23.100442 113.308699 23.149321
113.31586 23.123662 113.237883 23.10276
113.278872 23.130653 113.314962 23.121578
113.267423 23.16136 113.286716 23.1359
113.307197 23.10881 113.276101 23.11235
113.292803 23.112082 113.263068 23.121076
113.275411 23.117672 113.245045 23.112656
113.241193 23.14822 113.278635 23.119589
113.305761 23.098412 113.303897 23.152305
113.300438 23.151591 113.291841 23.120379
113.2468 23.109924 113.253603 23.196866
113.225543 23.149847 113.281308 23.133601
113.271517 23.168073 113.243102 23.117493
113.284731 23.117409 113.269739 23.122554
113.244877 23.200033 113.231427 23.13348
113.326079 23.10813 113.275277 23.11622
113.248002 23.187003 113.224104 23.138853
113.292385 23.140604 113.252823 23.161484
113.242146 23.132627 113.308116 23.149736
113.250735 23.208304 113.223963 23.133922
113.230042 23.163063 113.246072 23.123596
113.296059 23.116365 113.229832 23.128278
113.300039 23.145025 113.279955 23.132183
113.318486 23.111672 113.315582 23.151204
113.249906 23.11982 113.252741 23.17918
113.302743 23.119942 113.266803 23.10784
113.327245 23.15309 113.312997 23.153819
113.263818 23.16349 113.320202 23.130491
113.230845 23.103346 113.320078 23.134229
113.308496 23.106541 113.310766 23.152876
113.317634 23.183724 113.31297 23.156742
113.313486 23.176099 113.305619 23.135443
113.2666 23.158897 113.291919 23.135499
113.300463 23.111938 113.223557 23.130705
113.238399 23.109573 113.256745 23.171763
113.247524 23.206201 113.230289 23.132835
113.253735 23.128955 113.330946 23.130255
113.285535 23.136995 113.26189 23.150211
113.269907 23.121109 113.231636 23.106447
113.253091 23.175459 113.263409 23.196744
113.31425 23.145817 113.332827 23.16437
113.260989 23.125066 113.285387 23.131091
113.248247 23.168466 113.265315 23.196719
113.279091 23.133624 113.32135 23.125074
113.22962 23.139419 113.330472 23.138188
113.268692 23.143799 113.264438 23.162933
113.301086 23.112928 113.231353 23.136771
113.254565 23.199285 113.276221 23.208299
113.289106 23.1297 113.243919 23.129668
113.248788 23.115151 113.259498 23.194949
113.314044 23.188103 113.303376 23.154971
113.236194 23.147557 113.281747 23.125306
113.280908 23.155664 113.307818 23.127774
113.276892 23.140296 113.329302 23.108011
113.330539 23.143194 113.265318 23.162804
113.294146 23.147863 113.271516 23.162323
113.303507 23.131585 113.329458 23.120053
113.327199 23.148148 113.264694 23.166503
113.239861 23.135095 113.307999 23.153186
113.331514 23.117972 113.272895 23.109498
113.241235 23.109576 113.3028 23.150586
113.268521 23.158492 113.316331 23.130542
113.265376 23.145521 113.246749 23.172865
113.258109 23.132688 113.247922 23.145503
113.275566 23.106122 113.319174 23.157104
113.244821 23.18328 113.254338 23.155328
113.301621 23.150507 113.292836 23.124519
113.226945 23.098612 113.268388 23.107124
113.244704 23.203397 113.224613 23.132889
113.267963 23.16963 113.272832 23.140873
113.267586 23.144287 113.247347 23.168815
113.311759 23.157438 113.329592 23.134048
113.272348 23.135319 113.255689 23.159157
113.307633 23.117915 113.322558 23.144898
113.246599 23.200455 113.229007 23.131058
113.269657 23.138021 113.304184 23.135079
113.323878 23.156838 113.293087 23.133183
113.261299 23.11794 113.288605 23.139098
113.244922 23.200298 113.230604 23.13739
113.229019 23.155472 113.282248 23.132917
113.301024 23.16049 113.263601 23.167963
113.300657 23.133482 113.244868 23.1132
113.240511 23.148254 113.278315 23.123141
113.256052 23.199192 113.28206 23.125608
113.261338 23.144228 113.272587 23.125812
113.264502 23.141036 113.26371 23.161689
113.25871 23.156474 113.332142 23.129705
113.24662 23.111722 113.257289 23.194675
113.247845 23.167304 113.223368 23.110032
113.312203 23.116715 113.31963 23.139931
113.249136 23.203914 113.231104 23.13328
113.333133 23.161547 113.316145 23.191784
113.252317 23.199202 113.231052 23.134819
113.273509 23.114888 113.33216 23.129237
113.277439 23.206864 113.246598 23.155566
113.332244 23.172744 113.249523 23.156243
113.274751 23.15813 113.305034 23.122432
113.318923 23.141144 113.330251 23.15879
113.309122 23.145636 113.273274 23.133839
113.235371 23.124494 113.282582 23.128514
113.257014 23.205658 113.275261 23.201697
113.248261 23.206481 113.223552 23.131958
113.255442 23.11746 113.283431 23.141009
113.26351 23.206221 113.278375 23.127723
113.233287 23.130289 113.304852 23.155673
113.311237 23.153194 113.32375 23.130753
113.24964 23.187432 113.230565 23.140223
113.321644 23.157372 113.279615 23.157767
113.303057 23.123193 113.265452 23.103315
113.259367 23.208194 113.276268 23.200548
113.305233 23.119675 113.27264 23.117503
113.26796 23.099519 113.253647 23.108644
113.264048 23.200079 113.235484 23.20275
113.317967 23.12995 113.276947 23.180821
113.279449 23.148445 113.309671 23.120822
113.239176 23.116395 113.258056 23.17442
113.265857 23.207948 113.237292 23.201824
113.316961 23.149216 113.26576 23.161479
113.29912 23.121824 113.263643 23.105878
113.30622 23.120491 113.269466 23.108156
113.305969 23.121335 113.285819 23.146608
113.257426 23.190407 113.252827 23.150159
113.269417 23.205913 113.273914 23.128197
113.234109 23.12198 113.273811 23.130687
113.232456 23.148739 113.279809 23.128734
113.329242 23.144014 113.263767 23.160806
113.277376 23.117335 113.244114 23.117042
113.229291 23.145406 113.330872 23.133751
113.281592 23.131659 113.263045 23.179384
113.297634 23.132025 113.251094 23.114436
113.247311 23.208606 113.232007 23.137785
113.247095 23.159139 113.272572 23.160926
113.237042 23.116618 113.291295 23.133707
113.286114 23.128719 113.257707 23.157444
113.265338 23.125441 113.224907 23.102205
113.308452 23.111934 113.322685 23.139962
113.25045 23.126648 113.259743 23.190102
113.309497 23.110165 113.318414 23.146665
113.281883 23.115414 113.248803 23.109678
113.299131 23.116487 113.227881 23.137055
113.303596 23.1108 113.318279 23.146172
113.333273 23.136884 113.316484 23.154993
113.266719 23.144942 113.250184 23.170727
113.300071 23.128658 113.244853 23.113617
113.318421 23.149922 113.278878 23.157258
113.24713 23.207525 113.231946 23.135
113.313444 23.130982 113.253361 23.128153
113.328377 23.171394 113.248591 23.149337
113.306228 23.104322 113.305996 23.15575
113.257162 23.177874 113.248495 23.131788
113.259779 23.190636 113.251154 23.150359
113.231636 23.170615 113.238356 23.124131
113.311619 23.115766 113.276118 23.112813
113.298331 23.150764 113.322633 23.183839
113.324271 23.114702 113.274225 23.114749
113.247778 23.184127 113.26025 23.151981
113.308942 23.104352 113.308937 23.152201
113.31511 23.134701 113.310892 23.136993
113.239759 23.136964 113.307311 23.151999
113.225219 23.175841 113.234856 23.123793
113.223172 23.158952 113.242671 23.126031
113.304344 23.108659 113.273522 23.113462
113.328468 23.13571 113.245644 23.137148
113.250845 23.161108 113.268367 23.159258
113.226129 23.142234 113.332757 23.131773
113.318492 23.138216 113.298054 23.131747
113.262741 23.155814 113.22475 23.137564
113.322268 23.16356 113.278939 23.14533
113.287981 23.117348 113.268056 23.12109
113.310272 23.120951 113.223816 23.146018
113.231001 23.157771 113.280874 23.129027
113.224037 23.103163 113.322049 23.130003
113.285875 23.127865 113.252744 23.206201
113.296627 23.151365 113.324691 23.15456
113.23098 23.150134 113.280253 23.130488
113.280783 23.113674 113.326647 23.135432
113.23465 23.144671 113.275675 23.121202
113.245288 23.110292 113.260558 23.198722
113.224389 23.141691 113.331118 23.134893
113.312788 23.127004 113.286802 23.141422
113.276848 23.134089 113.321333 23.12575
113.269935 23.176925 113.270176 23.147436
113.243026 23.153623 113.2786 23.138404
113.309265 23.115927 113.316076 23.138844
113.329794 23.142067 113.267574 23.16809
113.319238 23.153883 113.259286 23.118437
113.324841 23.168799 113.245385 23.151393
113.248154 23.123587 113.256171 23.184558
113.281939 23.147543 113.325965 23.128996
113.226453 23.12048 113.253716 23.127082
113.247003 23.202011 113.224552 23.132186
113.27424 23.205152 113.264618 23.110121
113.296937 23.120902 113.271132 23.100051
113.257838 23.181794 113.321338 23.153047
113.310501 23.113193 113.318758 23.138325
113.284523 23.139824 113.260018 23.15908
113.256634 23.146372 113.266643 23.126602
113.262845 23.1869 113.243242 23.157792
113.26033 23.132726 113.223259 23.143085
113.26006 23.204838 113.316998 23.165273
113.262117 23.119741 113.322113 23.149985
113.315084 23.149274 113.282113 23.149744
113.259798 23.137779 113.32475 23.134171
113.275086 23.130383 113.257922 23.11544
113.235615 23.135932 113.304245 23.149726
113.310068 23.12305 113.329755 23.13074
113.290515 23.135101 113.318069 23.125154
113.31506 23.140474 113.325322 23.16427
113.264651 23.153181 113.263716 23.137761
113.241862 23.141952 113.279066 23.126207
113.303672 23.106945 113.307363 23.152287
113.311231 23.127808 113.268868 23.114438
113.285818 23.153571 113.267741 23.141324
113.259588 23.117568 113.317458 23.139968
113.278547 23.107091 113.316161 23.150919
113.292948 23.114737 113.27134 23.127828
113.273505 23.098424 113.314705 23.152122
113.277295 23.20787 113.266556 23.112001
113.293544 23.12267 113.270273 23.09913
113.257492 23.137433 113.251046 23.138663
113.274135 23.130338 113.315762 23.151443
113.247665 23.201067 113.230454 23.130164
113.245286 23.110588 113.252964 23.190528
113.228453 23.141792 113.327959 23.132809
113.271064 23.10255 113.262597 23.112334
113.289547 23.142911 113.262096 23.163872
113.230412 23.150178 113.274322 23.130146
113.231291 23.118789 113.26313 23.130404
113.250114 23.109662 113.254622 23.198232
113.326816 23.114007 113.27546 23.109591
113.273887 23.110327 113.246396 23.11496
113.279312 23.122015 113.321798 23.119873
113.311553 23.107034 113.312138 23.150698
113.258194 23.122803 113.289033 23.131742
113.283211 23.125293 113.253041 23.202913
113.308814 23.123448 113.272726 23.114967
113.330194 23.152872 113.301007 23.134686
113.331955 23.110947 113.273402 23.108644
113.31881 23.147212 113.331865 23.167488
113.303916 23.137104 113.227011 23.102336
113.317767 23.141769 113.330911 23.166374
113.245976 23.205262 113.23098 23.136506
113.23673 23.129908 113.308173 23.152401
