113.331781 23.119764 113.320862 23.143697
113.296757 23.118246 113.26519 23.101134
113.307998 23.152074 113.330522 23.129748
113.290552 23.11085 113.266881 23.125495
113.254126 23.118327 113.291102 23.137856
113.281482 23.19906 113.2459 23.150024
113.292312 23.113552 113.262854 23.118637
113.316945 23.120539 113.328075 23.13848
113.268295 23.116873 113.322703 23.143441
113.298255 23.13062 113.249469 23.109254
113.271264 23.166544 113.3152 23.131344
113.318665 23.141515 113.329304 23.159005
113.247613 23.158645 113.270696 23.162543
113.227661 23.150877 113.280927 23.136676
113.329852 23.128829 113.250139 23.128381
113.323664 23.125584 113.320097 23.138368
113.29481 23.165947 113.26466 23.164663
113.287046 23.119365 113.238757 23.115891
113.241066 23.134078 113.307684 23.158253
113.330873 23.130093 113.284032 23.131681
113.262691 23.199095 113.314957 23.16747
113.230655 23.101128 113.319476 23.128627
113.249906 23.182216 113.254769 23.156
113.316917 23.165085 113.31617 23.129775
113.258264 23.187727 113.317478 23.152557
113.228946 23.167091 113.250477 23.127092
113.290121 23.121035 113.235277 23.117743
113.24769 23.131144 113.308145 23.118363
113.32301 23.163261 113.28138 23.147592
113.278257 23.206207 113.265952 23.116851
113.315523 23.115959 113.31465 23.158101
113.284978 23.128552 113.321173 23.119049
113.256024 23.11094 113.320863 23.144966
113.240256 23.123011 113.331637 23.125507
113.331849 23.120971 113.323203 23.140483
113.311855 23.10724 113.303948 23.153599
113.329534 23.14477 113.271943 23.166546
113.297736 23.133571 113.250031 23.110674
113.280059 23.136451 113.319999 23.12066
113.262002 23.125909 113.287528 23.129646
113.264029 23.130171 113.303556 23.127814
113.312502 23.130583 113.284674 23.120961
113.3303 23.146486 113.266338 23.160545
113.248413 23.203544 113.228075 23.129237
113.225513 23.146525 113.331722 23.135758
113.317183 23.148162 113.324936 23.159641
113.266491 23.133156 113.312188 23.133772
113.317019 23.113 113.319064 23.157624
113.228708 23.101838 113.314359 23.129487
113.272882 23.102288 113.247858 23.123177
113.272034 23.111947 113.303318 23.138003
113.323154 23.141231 113.331091 23.160346
113.274872 23.118455 113.308971 23.118399
113.292643 23.125061 113.240587 23.117759
113.252141 23.108528 113.256988 23.198589
113.294329 23.154506 113.330941 23.149228
113.318428 23.116766 113.321399 23.151272
113.268813 23.202624 113.304113 23.150691
113.330959 23.141666 113.272532 23.161293
113.324981 23.135064 113.314979 23.149487
113.273672 23.139987 113.267321 23.110019
113.272836 23.120084 113.322761 23.156171
113.32178 23.159522 113.280755 23.126306
113.271986 23.119361 113.319421 23.15603
113.255977 23.133182 113.2471 23.138919
113.320786 23.115329 113.314739 23.150176
113.282493 23.204219 113.265305 23.111203
113.329665 23.114792 113.280416 23.110656
113.304558 23.145981 113.273487 23.128814
113.282591 23.156009 113.311514 23.134054
113.30436 23.12034 113.288834 23.138513
113.265626 23.183867 113.24837 23.15447
113.305731 23.099156 113.310245 23.157689
113.228137 23.158746 113.244954 23.126411
113.282751 23.205709 113.263834 23.115311
113.258836 23.168752 113.250403 23.13026
113.305313 23.105661 113.309112 23.154453
113.294391 23.157567 113.315086 23.186715
113.271406 23.110539 113.315495 23.138985
113.22513 23.155345 113.276147 23.137275
113.283584 23.112207 113.269776 23.125567
113.273181 23.204155 113.24516 23.149255
113.264807 23.127846 113.322702 23.133603
113.316195 23.133542 113.250855 23.112505
113.282861 23.149061 113.313047 23.121289
113.255826 23.160681 113.321422 23.173357
113.307862 23.1053 113.307772 23.157929
113.230079 23.147774 113.323829 23.134461
113.271515 23.177507 113.268 23.138922
113.321853 23.14016 113.331607 23.165583
113.293171 23.159387 113.26425 23.161263
113.294463 23.139799 113.332433 23.16373
113.272898 23.199215 113.243616 23.152529
113.252223 23.161661 113.272119 23.189978
113.285105 23.143687 113.261181 23.165681
113.305367 23.119956 113.269616 23.110971
113.225852 23.102809 113.320878 23.129079
113.266421 23.150976 113.264346 23.11987
113.252207 23.16742 113.226917 23.113497
113.2323 23.147476 113.330632 23.134463
113.224896 23.157852 113.280461 23.134658
113.267226 23.103665 113.261755 23.113319
113.254659 23.136684 113.246591 23.146152
113.273082 23.117256 113.32594 23.131037
113.31412 23.161915 113.273391 23.126216
113.314046 23.164817 113.279201 23.143831
113.274995 23.206665 113.247051 23.156229
113.284733 23.112741 113.269269 23.12421
113.227279 23.153753 113.279672 23.129031
113.301667 23.134114 113.252309 23.110121
113.309844 23.099218 113.312402 23.158285
113.267152 23.132546 113.258767 23.158952
113.225255 23.105644 113.319501 23.137641
113.257063 23.138222 113.224763 23.147039
113.264303 23.124305 113.320339 23.136162
113.229523 23.157089 113.278688 23.131843
113.318977 23.137022 113.275358 23.180188
113.238324 23.121297 113.332882 23.126648
113.330727 23.140682 113.266626 23.161375
113.295638 23.144813 113.276376 23.137282
113.290157 23.121401 113.261224 23.203032
113.28868 23.118414 113.235405 23.117016
113.326939 23.167537 113.316443 23.191138
113.317903 23.140171 113.326742 23.161814
113.258893 23.179612 113.315998 23.15579
113.273605 23.124539 113.314902 23.12411
113.272283 23.206089 113.241685 23.208239
113.237257 23.142576 113.273334 23.119791
113.232613 23.116601 113.291476 23.137228
113.245916 23.186163 113.224213 23.145952
113.250861 23.185831 113.258147 23.148633
113.300962 23.125755 113.268989 23.09848
113.316724 23.132804 113.306361 23.130883
113.261878 23.159211 113.320247 23.175518
113.263128 23.173562 113.265925 23.142594
113.286512 23.111553 113.268382 23.124507
113.322563 23.119583 113.332767 23.146293
113.267243 23.113982 113.308829 23.132818
113.264336 23.153473 113.272323 23.135149
113.227243 23.119549 113.264505 23.132271
113.243256 23.172856 113.255317 23.109389
113.283161 23.120447 113.252784 23.204306
113.261772 23.183889 113.318476 23.148397
113.26467 23.136976 113.305849 23.125463
113.282075 23.106538 113.247926 23.127157
113.238924 23.129669 113.306772 23.153771
113.243953 23.13079 113.262772 23.144979
113.301852 23.153387 113.313957 23.182714
113.255926 23.161686 113.256451 23.10691
113.288694 23.126423 113.253938 23.203634
113.309854 23.125897 113.264877 23.10866
113.300615 23.117235 113.224692 23.131839
113.315601 23.134847 113.273424 23.179248
113.25218 23.175473 113.251574 23.202486
113.289253 23.137883 113.31619 23.122104
113.229816 23.149626 113.275906 23.137674
113.260885 23.208541 113.280086 23.203143
113.322148 23.139253 113.329009 23.160429
113.236721 23.121209 113.323391 23.120482
113.323383 23.157001 113.309053 23.149216
113.307442 23.157539 113.333236 23.130114
113.295318 23.136706 113.250023 23.11462
113.269643 23.119995 113.229761 23.10722
113.26562 23.124238 113.317959 23.134633
113.301386 23.165144 113.271771 23.161632
113.228593 23.169038 113.242482 23.121553
113.315343 23.14423 113.331723 23.164519
113.283785 23.108482 113.26718 23.122331
113.254093 23.187519 113.320369 23.150697
113.228392 23.145491 113.324146 23.130258
113.327552 23.152316 113.295135 23.132766
113.299633 23.137487 113.251803 23.108221
113.313472 23.123841 113.232747 23.105093
113.313086 23.125787 113.287377 23.14244
113.244756 23.173228 113.247435 23.203338
113.245222 23.204639 113.229247 23.129033
113.269402 23.105723 113.254684 23.110901
113.241172 23.121361 113.332057 23.119148
113.267642 23.10548 113.257026 23.110751
113.275814 23.153995 113.309889 23.123963
113.266251 23.208431 113.30657 23.156836
113.278271 23.135981 113.239509 23.116077
113.325592 23.137991 113.242206 23.171983
113.224055 23.105781 113.319651 23.137356
113.312505 23.12657 113.283523 23.139236
113.233491 23.141176 113.278285 23.121309
113.309356 23.098456 113.306965 23.157585
113.26343 23.127109 113.322728 23.151529
113.250252 23.157586 113.271871 23.141844
113.282261 23.141335 113.271024 23.099179
113.331332 23.15628 113.309105 23.153826
113.278239 23.150475 113.305956 23.122892
113.288994 23.120982 113.309411 23.149827
113.258512 23.192021 113.245504 23.153636
113.268104 23.146595 113.266309 23.162208
113.234077 23.116296 113.290194 23.130457
113.272869 23.204594 113.243616 23.157017
113.314274 23.131901 113.245232 23.109774
113.228764 23.127792 113.266541 23.129861
113.324932 23.115364 113.275804 23.118047
113.298991 23.156654 113.327083 23.153845
113.315121 23.138535 113.330097 23.168274
113.230649 23.149445 113.281584 23.134755
113.282721 23.115536 113.328367 23.137332
113.25233 23.16959 113.252546 23.208382
113.328346 23.134646 113.24288 23.136796
113.250731 23.177965 113.26058 23.112207
113.32788 23.145221 113.266568 23.164643
113.243421 23.158366 113.265977 23.141114
113.317031 23.108944 113.319894 23.149882
113.295064 23.130492 113.252042 23.115105
113.319622 23.177996 113.308138 23.133514
113.247101 23.180634 113.225505 23.139152
113.284523 23.118691 113.260634 23.203419
113.301832 23.139231 113.33018 23.167003
113.242558 23.124141 113.275591 23.134521
113.232304 23.120935 113.269376 23.136874
113.305138 23.116366 113.276276 23.110636
113.328386 23.174861 113.252385 23.15169
113.28955 23.154517 113.270004 23.141892
113.262227 23.191649 113.254233 23.155419
113.28127 23.14053 113.277236 23.122651
113.282822 23.117698 113.25162 23.113278
113.2935 23.164191 113.267654 23.168275
113.321897 23.160136 113.276569 23.122918
113.303424 23.10286 113.305801 23.151297
113.329438 23.169851 113.243462 23.149513
113.256703 23.183694 113.318269 23.154357
113.282273 23.145609 113.272244 23.100388
113.286705 23.123318 113.259964 23.205304
113.222498 23.155825 113.272973 23.134003
113.255479 23.167073 113.260792 23.099941
113.323929 23.153018 113.312082 23.156436
113.27049 23.137147 113.312222 23.119544
113.252575 23.207856 113.226318 23.13451
113.268941 23.142086 113.246695 23.17563
113.29071 23.138117 113.26074 23.121677
113.25187 23.177277 113.245491 23.202456
113.278065 23.104819 113.322261 23.157994
113.276918 23.128614 113.320095 23.147047
113.267957 23.171389 113.263114 23.144294
113.312975 23.149858 113.323324 23.136783
113.331813 23.161924 113.315176 23.195883
113.288293 23.141024 113.262328 23.158654
113.229316 23.138572 113.326787 23.132772
113.303054 23.140682 113.268871 23.167037
113.25224 23.169831 113.244042 23.202952
113.320718 23.117259 113.317889 23.15724
113.226953 23.174459 113.241084 23.118213
113.240849 23.143689 113.278186 23.122241
113.265038 23.113378 113.315596 23.145006
113.262282 23.121259 113.286814 23.130788
113.247282 23.159797 113.26784 23.1955
113.271425 23.200007 113.307442 23.157555
113.250831 23.201245 113.226036 23.137503
113.268288 23.155113 113.266657 23.124043
113.241111 23.146277 113.27676 23.119648
113.3154 23.137393 113.31108 23.129694
113.262856 23.125414 113.228242 23.107079
113.263244 23.180889 113.250107 23.154724
113.224863 23.121048 113.251998 23.130336
113.284149 23.11282 113.26678 23.125674
113.230079 23.15128 113.278231 23.131697
113.311201 23.103259 113.310743 23.156731
113.28661 23.144392 113.25938 23.163869
113.315339 23.179705 113.313017 23.149799
113.252785 23.178898 113.318346 23.151223
113.257305 23.20598 113.277679 23.201417
113.311583 23.146302 113.282522 23.1042
113.229205 23.099218 113.267882 23.101522
113.254941 23.108161 113.286811 23.148152
113.328067 23.126292 113.318011 23.138851
113.326104 23.16827 113.318696 23.196636
113.245553 23.150112 113.306863 23.145117
113.284737 23.116347 113.268486 23.125295
113.317902 23.169425 113.307224 23.13484
113.280853 23.118382 113.313061 23.120743
113.301342 23.144084 113.271546 23.163778
113.32387 23.145234 113.267161 23.158468
113.278652 23.103553 113.249371 23.122642
113.243944 23.132091 113.304119 23.119857
113.255173 23.12527 113.290939 23.1299
113.246385 23.181751 113.255438 23.150712
113.230267 23.168777 113.233937 23.126145
113.264411 23.176209 113.265311 23.142322
113.299075 23.141398 113.332989 23.166941
113.332707 23.168416 113.32027 23.193064
113.27552 23.125315 113.306313 23.12624
113.324539 23.116657 113.276984 23.117849
113.29896 23.137347 113.245245 23.110839
113.324553 23.16832 113.317586 23.189122
113.332771 23.11244 113.281678 23.116135
113.248484 23.151175 113.3122 23.138728
113.316885 23.10849 113.316118 23.155046
113.263862 23.104893 113.253503 23.114771
113.258328 23.116609 113.313777 23.139275
113.311803 23.150974 113.328014 23.129478
113.23434 23.140117 113.278393 23.123416
113.329582 23.161146 113.315701 23.188826
113.314503 23.164279 113.317412 23.133427
113.268703 23.169863 113.264472 23.143778
113.244487 23.166713 113.266528 23.161456
113.230351 23.146345 113.324405 23.135292
113.256502 23.183849 113.317729 23.151824
113.297917 23.109478 113.230999 23.134114
113.265797 23.154038 113.265279 23.124217
113.26989 23.145605 113.279895 23.199376
113.22909 23.102718 113.316287 23.128244
113.309457 23.144552 113.327124 23.120897
113.270788 23.161012 113.248989 23.117796
113.301517 23.149049 113.292474 23.120886
113.272233 23.17717 113.269339 23.141151
113.244285 23.152686 113.279079 23.147601
113.297938 23.145409 113.264477 23.167241
113.247061 23.149021 113.267062 23.142533
113.310675 23.115523 113.273921 23.111792
113.226925 23.139828 113.323413 23.12962
113.222975 23.154811 113.277347 23.128883
113.278492 23.143811 113.326255 23.132643
113.272984 23.198815 113.244772 23.156655
113.284174 23.145094 113.268109 23.147412
113.272364 23.118222 113.317063 23.135626
113.232934 23.126798 113.323576 23.124005
113.247317 23.119164 113.259297 23.180376
113.274619 23.20638 113.243947 23.151808
113.321596 23.14632 113.325037 23.165665
113.28135 23.139501 113.278993 23.12389
113.329857 23.143296 113.263344 23.166277
113.244001 23.162417 113.270585 23.197114
113.269062 23.200466 113.304014 23.150993
113.33133 23.120261 113.313554 23.143538
113.312872 23.155835 113.333 23.12932
113.332869 23.128165 113.313825 23.142486
113.244964 23.158704 113.262789 23.197262
113.250995 23.170678 113.256115 23.110557
113.293279 23.142687 113.276878 23.135037
113.306402 23.11723 113.273074 23.116165
113.315398 23.16886 113.304993 23.130861
113.297727 23.120617 113.268137 23.099667
113.268046 23.182778 113.249984 23.149936
113.322154 23.115576 113.313513 23.155298
113.222622 23.177955 113.235116 23.127259
113.258389 23.143076 113.278131 23.159966
113.248131 23.155453 113.263173 23.141595
113.294801 23.142425 113.265782 23.16405
113.244061 23.149071 113.272677 23.147746
113.228672 23.178572 113.237725 23.12808
113.259543 23.11987 113.290092 23.133665
113.306755 23.100948 113.309885 23.14952
113.299269 23.157476 113.329427 23.150013
113.268996 23.164961 113.246124 23.10958
113.260022 23.118734 113.287248 23.131929
113.32644 23.158613 113.322092 23.190113
113.287421 23.109815 113.267191 23.123173
113.23572 23.109589 113.257763 23.169773
113.294927 23.110976 113.225987 23.138129
113.30185 23.144821 113.272804 23.161882
113.249507 23.137266 113.281976 23.133098
113.301885 23.146067 113.268587 23.159352
113.298301 23.135822 113.247392 23.114278
113.253269 23.185966 113.320194 23.148928
113.321538 23.141357 113.325985 23.162747
113.31416 23.125164 113.233576 23.106061
113.285644 23.140331 113.269335 23.142529
113.248311 23.176694 113.247329 23.199618
113.31175 23.122647 113.292892 23.148273
113.288878 23.146491 113.262246 23.161328
113.30859 23.127856 113.270394 23.117326
113.249038 23.201855 113.232174 23.132902
113.258892 23.110837 113.286021 23.141187
113.236567 23.118286 113.325875 23.118604
113.25557 23.120941 113.315691 23.158154
113.293551 23.167024 113.266283 23.167647
113.285893 23.138971 113.269772 23.14548
113.229471 23.147404 113.327458 23.134643
113.314383 23.17561 113.307581 23.132256
113.327747 23.120282 113.316639 23.140448
113.265843 23.113951 113.315316 23.146875
113.294514 23.115854 113.225089 23.134342
113.285683 23.144344 113.265762 23.138843
113.281335 23.144338 113.254951 23.185349
113.331376 23.165345 113.315441 23.191248
113.244461 23.15625 113.306745 23.140271
113.270685 23.152426 113.263092 23.12321
113.268727 23.115997 113.317209 23.140358
113.281396 23.148949 113.310891 23.130145
113.264012 23.119544 113.319836 23.154748
113.316704 23.172603 113.311426 23.13341
113.248466 23.161085 113.222553 23.113556
113.252003 23.166348 113.270867 23.197708
113.284798 23.144216 113.258383 23.159992
113.252564 23.171434 113.24305 23.208386
113.257789 23.16275 113.315179 23.203571
113.270931 23.100046 113.261939 23.110095
113.301468 23.128868 113.251374 23.117414
113.279757 23.149618 113.304257 23.127928
113.322857 23.110484 113.316092 23.151853
113.237436 23.121199 113.281629 23.1332
113.29223 23.151913 113.266618 23.144591
113.259486 23.152375 113.275057 23.137467
113.266964 23.186263 113.244113 23.155726
113.280621 23.150253 113.30635 23.130229
113.300524 23.14167 113.330972 23.167882
113.2676 23.201547 113.241926 23.207001
113.285169 23.123833 113.253043 23.204299
113.269102 23.108459 113.309719 23.132717
113.277063 23.099542 113.250259 23.127686
113.323622 23.154878 113.311588 23.150548
113.270089 23.125546 113.227309 23.10161
113.247935 23.203747 113.229466 23.13194
113.265224 23.100107 113.256145 23.109561
113.324575 23.129069 113.260664 23.117517
113.295705 23.148938 113.322516 23.185394
113.279141 23.14914 113.308104 23.138157
113.273907 23.135077 113.270206 23.180381
113.262307 23.114826 113.290769 23.148051
113.28778 23.12206 113.242456 23.108369
113.249395 23.126819 113.256692 23.197172
113.306814 23.105337 113.307666 23.149676
113.300833 23.131048 113.252622 23.109035
113.254374 23.171954 113.267894 23.195648
113.281334 23.148978 113.306434 23.12432
113.251683 23.108976 113.255451 23.196248
113.262625 23.126875 113.291954 23.134506
113.316844 23.121663 113.240992 23.101211
113.32385 23.113145 113.280335 23.115686
113.26265 23.113462 113.323208 23.145902
113.232073 23.154895 113.281844 23.137957
113.292195 23.12374 113.242021 23.113019
113.285927 23.117949 113.27117 23.127767
113.252192 23.182944 113.224609 23.139127
113.230478 23.127894 113.252289 23.136916
113.310894 23.146015 113.273884 23.10326
113.260125 23.178364 113.270531 23.191605
113.271959 23.167054 113.242626 23.110214
113.253516 23.180679 113.317166 23.151077
113.326192 23.1317 113.251229 23.130007
113.297392 23.133897 113.245507 23.108684
113.248232 23.164185 113.267415 23.194971
113.281547 23.109485 113.243243 23.110484
113.270442 23.132169 113.304156 23.134588
113.240781 23.119885 113.333111 23.118485
113.239653 23.119474 113.274832 23.130307
113.324947 23.136155 113.249981 23.129323
113.28801 23.109509 113.266035 23.121522
113.227602 23.16894 113.237347 23.124198
113.223662 23.103008 113.317418 23.138101
113.297986 23.146876 113.323603 23.159639
113.245277 23.153016 113.272725 23.142113
113.314281 23.117149 113.322447 23.150586
113.317098 23.142839 113.324779 23.159849
113.271044 23.156102 113.268846 23.124962
113.300284 23.114696 113.230913 23.138039
113.28356 23.119056 113.235693 23.115673
113.241588 23.127354 113.328507 23.127317
113.280174 23.141049 113.298833 23.131908
113.267734 23.128933 113.306647 23.136774
113.222706 23.173281 113.242131 23.125533
113.289301 23.130636 113.259737 23.156234
113.281384 23.107345 113.321816 23.149979
113.227376 23.15663 113.282181 23.134322
113.263673 23.207036 113.277608 23.122785
113.22847 23.163232 113.24319 23.123383
113.255204 23.126351 113.3207 23.154411
113.255761 23.206192 113.320681 23.165753
113.261371 23.186769 113.318686 23.158053
113.255703 23.178606 113.266204 23.192719
113.2793 23.207269 113.243831 23.153363
113.238351 23.126896 113.278791 23.128206
113.277602 23.145542 113.262649 23.17903
113.322359 23.183728 113.311291 23.149017
113.315229 23.161533 113.282112 23.120467
113.276287 23.148899 113.305593 23.128713
113.269224 23.156816 113.268294 23.119139
113.227802 23.151074 113.280055 23.133029
113.241898 23.119482 113.274201 23.136117
113.279656 23.118946 113.303978 23.126411
113.232767 23.112322 113.239262 23.14657
113.25342 23.203287 113.317626 23.166393
113.322405 23.116514 113.322801 23.151971
113.279514 23.12719 113.319862 23.127997
113.262189 23.168714 113.250058 23.12912
113.232713 23.118622 113.278981 23.137207
113.330131 23.111217 113.281417 23.114578
113.256716 23.127343 113.283713 23.128207
113.304231 23.143928 113.277602 23.130615
113.307095 23.118393 113.28736 23.14517
113.298815 23.133658 113.244019 23.116189
113.311554 23.122867 113.288398 23.145984
113.25033 23.153449 113.276639 23.146048
113.306811 23.141665 113.288908 23.125604
113.277499 23.156789 113.308637 23.131617
113.322145 23.163604 113.280787 23.12442
113.245146 23.159627 113.271956 23.161192
113.269021 23.122924 113.23168 23.106739
113.272695 23.139897 113.249476 23.119912
113.331739 23.135126 113.260539 23.111539
113.306052 23.138096 113.230278 23.100268
113.247801 23.16695 113.268815 23.165906
113.329827 23.154108 113.29346 23.13781
113.260413 23.12549 113.283262 23.120881
113.304694 23.099384 113.306608 23.152508
113.29504 23.108583 113.223342 23.134617
113.279487 23.107134 113.243479 23.120171
113.308119 23.104339 113.310095 23.151515
113.322483 23.119561 113.331273 23.138611
113.230548 23.148962 113.280134 23.131377
113.259719 23.192817 113.247725 23.158424
113.252005 23.207462 113.22679 23.129008
113.261533 23.147283 113.278603 23.164497
113.251364 23.168668 113.244394 23.202751
113.2929 23.147931 113.265984 23.144021
113.280069 23.14237 113.264968 23.106348
113.304904 23.099799 113.303582 23.148904
113.29146 23.133552 113.262351 23.126048
113.229153 23.10233 113.266281 23.101108
113.244167 23.163226 113.225237 23.11363
113.280352 23.151582 113.304923 23.122363
113.326654 23.145858 113.266281 23.16098
113.278196 23.116148 113.323884 23.132703
113.305176 23.153695 113.331886 23.135724
113.325653 23.163902 113.313804 23.190029
113.299267 23.149201 113.28974 23.125269
113.316216 23.142366 113.330365 23.165007
113.242982 23.12118 113.256795 23.184469
113.223682 23.11877 113.264487 23.134711
113.264938 23.129205 113.259866 23.159258
113.29755 23.133707 113.247377 23.108383
113.297739 23.129376 113.248544 23.110669
113.259469 23.126474 113.287801 23.119937
113.267658 23.200299 113.24207 23.20783
113.323813 23.151345 113.306009 23.152009
113.272769 23.116726 113.317111 23.146682
113.315975 23.122789 113.324418 23.142101
113.264468 23.155816 113.270998 23.13236
113.271003 23.122845 113.319524 23.136498
113.268702 23.206231 113.235459 23.207698
113.271676 23.204934 113.273673 23.126729
113.287631 23.150712 113.265335 23.145
113.277823 23.135356 113.317227 23.120501
113.244413 23.179046 113.223537 23.138558
113.310224 23.11171 113.279659 23.11476
113.242519 23.113035 113.241299 23.146067
113.28991 23.127683 113.236565 23.112862
113.260996 23.141399 113.268009 23.118636
113.315511 23.128805 113.249113 23.109899
113.268831 23.159415 113.249277 23.11671
113.291349 23.135408 113.321329 23.125839
113.260774 23.187883 113.319352 23.157913
113.30209 23.153519 113.28396 23.126141
113.227681 23.121768 113.265852 23.133623
113.265184 23.10743 113.258207 23.109893
113.248354 23.122547 113.252946 23.179107
113.248091 23.157947 113.307487 23.14655
113.295174 23.145157 113.276796 23.134964
113.310994 23.145523 113.289374 23.120101
113.252227 23.167892 113.231272 23.111355
113.290504 23.108562 113.271907 23.121454
113.258622 23.185909 113.320451 23.155395
113.264689 23.134139 113.304733 23.119622
113.29233 23.127231 113.253752 23.198806
113.268205 23.208419 113.235828 23.200037
113.26523 23.119904 113.319804 23.154282
113.30359 23.139268 113.323506 23.127599
113.256143 23.165527 113.322465 23.170471
113.300931 23.130372 113.243633 23.114387
113.331773 23.122089 113.316421 23.141196
113.256917 23.184288 113.318737 23.157324
113.322894 23.182132 113.303824 23.150589
113.223314 23.1475 113.326571 23.136096
113.325672 23.127869 113.314416 23.148171
113.314743 23.112256 113.315699 23.152835
113.292519 23.132207 113.257596 23.124831
113.251235 23.188277 113.255726 23.15404
113.223495 23.152336 113.279153 23.134035
113.256737 23.170694 113.246482 23.135098
113.25105 23.127127 113.258271 23.194476
113.272061 23.157042 113.263066 23.13268
113.232556 23.125301 113.326991 23.118568
113.295389 23.15598 113.319248 23.18217
113.255013 23.176488 113.268459 23.18908
113.251054 23.202882 113.223325 23.136621
113.326562 23.140683 113.26709 23.164294
113.254887 23.117605 113.322038 23.147488
113.252045 23.199036 113.222651 23.132107
113.311411 23.152302 113.323603 23.128563
113.22338 23.164522 113.246941 23.124459
113.275041 23.106638 113.244214 23.128066
113.288007 23.140592 113.254993 23.167336
113.326339 23.166118 113.317738 23.189285
113.269329 23.204898 113.235919 23.205529
113.263737 23.202033 113.311808 23.152618
113.250283 23.154698 113.304687 23.147022
113.250167 23.200773 113.224621 23.130233
113.32545 23.154156 113.299177 23.130367
113.305927 23.111844 113.273471 23.10991
113.244762 23.167134 113.267032 23.158495
113.248126 23.207759 113.225772 23.132274
113.234865 23.124638 113.281698 23.133757
113.320053 23.115244 113.316584 23.15363
