113.294961 23.153105 113.315253 23.186586
113.297979 23.127993 113.269664 23.105881
113.269318 23.113856 113.316384 23.145814
113.318599 23.146794 113.33035 23.158935
113.254846 23.11169 113.318993 23.14354
113.25428 23.147828 113.274444 23.162671
113.259435 23.182302 113.31537 23.155588
113.269898 23.198806 113.241507 23.201654
113.318165 23.135118 113.294623 23.132783
113.309193 23.129992 113.320609 23.151533
113.252499 23.163628 113.228788 23.113478
113.329303 23.173252 113.250229 23.156102
113.307013 23.122041 113.291355 23.143075
113.273587 23.114742 113.324411 23.130795
113.261654 23.187285 113.315212 23.151348
113.279024 23.116633 113.325212 23.135165
113.251364 23.117181 113.262435 23.19761
113.332015 23.11127 113.279556 23.110736
113.262859 23.155799 113.263533 23.12356
113.237055 23.108827 113.242068 23.139413
113.28423 23.137422 113.251082 23.150752
113.26521 23.126151 113.320788 23.149341
113.297394 23.165519 113.266879 23.167944
113.317249 23.169595 113.310947 23.133953
113.272087 23.111709 113.317866 23.138423
113.227494 23.09917 113.264077 23.100367
113.278769 23.157953 113.309946 23.1382
113.270531 23.121285 113.316136 23.154048
113.239521 23.136486 113.307916 23.157484
113.333184 23.119229 113.318674 23.139073
113.281412 23.155548 113.305146 23.132479
113.275058 23.137828 113.31619 23.125323
113.266282 23.183026 113.246709 23.148684
113.267273 23.121966 113.319919 23.154127
113.288047 23.10846 113.266509 23.127078
113.246993 23.200214 113.22944 23.131469
113.253564 23.139276 113.26734 23.126749
113.230449 23.144026 113.331663 23.134909
113.301901 23.111159 113.223895 23.128518
113.27374 23.199823 113.271284 23.116481
113.30371 23.153546 113.33128 23.136968
113.29244 23.121385 113.2585 23.201615
113.326731 23.115282 113.281934 23.108648
113.254737 23.134824 113.32698 23.132063
113.306028 23.125321 113.285054 23.148163
113.270652 23.169717 113.265988 23.145495
113.332935 23.157364 113.312474 23.15745
113.277304 23.147462 113.268456 23.098965
113.272128 23.106712 113.254079 23.116884
113.297822 23.114761 113.229102 23.133989
113.255575 23.174606 113.269003 23.19207
113.283923 23.110153 113.264359 23.127748
113.297822 23.152956 113.325933 23.150844
113.32987 23.131031 113.255913 23.116171
113.266855 23.132363 113.311498 23.132422
113.329224 23.169707 113.246382 23.157046
113.329407 23.135698 113.233959 23.172749
113.276031 23.147449 113.280288 23.122756
113.270265 23.175017 113.263049 23.142166
113.260991 23.129932 113.243042 23.146993
113.32293 23.15742 113.307181 23.129605
113.248319 23.157417 113.269924 23.138684
113.24963 23.166172 113.269241 23.191839
113.315097 23.161418 113.274842 23.145451
113.300174 23.133469 113.243751 23.111967
113.227542 23.172708 113.235381 23.122671
113.324114 23.16935 113.243489 23.150947
113.266191 23.141468 113.242676 23.123733
113.277456 23.203279 113.264318 23.115127
113.320672 23.14618 113.331815 23.164664
113.246244 23.130231 113.28117 23.129952
113.277643 23.098295 113.247613 23.127341
113.31762 23.148915 113.259266 23.166587
113.307748 23.125749 113.323861 23.13718
113.295983 23.159198 113.272782 23.167145
113.254961 23.158976 113.316495 23.20052
113.237485 23.131626 113.304774 23.155905
113.259219 23.188151 113.318687 23.148827
113.318509 23.142274 113.330407 23.162205
113.231896 23.15869 113.252529 23.127744
113.272921 23.099384 113.320432 23.149414
113.311621 23.140673 113.282239 23.130287
113.284621 23.150524 113.27042 23.13877
113.287458 23.116806 113.267549 23.121949
113.267201 23.203588 113.306533 23.157815
113.256738 23.123606 113.286538 23.134017
113.327889 23.155694 113.304592 23.158259
113.317668 23.145332 113.326509 23.165715
113.285612 23.130008 113.24657 23.148634
113.26955 23.165423 113.289549 23.132003
113.333137 23.15056 113.305909 23.151009
113.273642 23.148821 113.304056 23.130792
113.244409 23.127731 113.260939 23.197957
113.298127 23.152851 113.291431 23.119936
113.268726 23.106304 113.262513 23.115561
113.231844 23.107904 113.323099 23.132286
113.223302 23.166911 113.242623 23.121343
113.251936 23.163102 113.269061 23.194291
113.233496 23.142326 113.273401 23.121756
113.264972 23.133786 113.30408 23.136963
113.266359 23.177174 113.26868 23.13901
113.323525 23.118071 113.275604 23.111712
113.288347 23.134628 113.253867 23.155611
113.255375 23.19632 113.243856 23.150669
113.328409 23.130158 113.313889 23.155229
113.321819 23.17632 113.304053 23.133073
113.263953 23.160717 113.288185 23.131961
113.325193 23.160703 113.31624 23.19612
113.293974 23.109845 113.229097 23.134902
113.32656 23.164685 113.316374 23.19791
113.25396 23.206692 113.274606 23.205151
113.242839 23.121633 113.252789 23.189202
113.259518 23.208559 113.299282 23.154473
113.332244 23.159104 113.315687 23.196524
113.247512 23.120338 113.261985 23.189414
113.313695 23.1363 113.305809 23.13399
113.2671 23.203786 113.304254 23.149799
113.29556 23.162266 113.267397 23.162259
113.261358 23.134587 113.330921 23.130655
113.27817 23.133742 113.271889 23.182746
113.318722 23.119598 113.331338 23.143317
113.269388 23.170543 113.270786 23.138667
113.323174 23.144437 113.323972 23.165028
113.268411 23.120772 113.230311 23.104839
113.264993 23.15786 113.269614 23.123394
113.248075 23.203366 113.230821 23.133278
113.26277 23.179316 113.251875 23.156912
113.265139 23.176357 113.271303 23.141139
113.264283 23.109729 113.318171 23.145586
113.305993 23.139643 113.277246 23.138068
113.262213 23.173502 113.271483 23.189097
113.32367 23.151642 113.295608 23.129805
113.243517 23.173347 113.256666 23.113063
113.266316 23.180603 113.243784 23.151014
113.263858 23.185729 113.250547 23.148504
113.318822 23.144551 113.333275 23.161996
113.29207 23.125167 113.25395 23.204955
113.296824 23.109532 113.227443 23.129504
113.243011 23.112926 113.262047 23.196739
113.263569 23.138861 113.27398 23.204706
113.247582 23.204642 113.23089 23.132005
113.27172 23.143833 113.276153 23.199583
113.262676 23.174797 113.270278 23.190559
113.265243 23.18209 113.250659 23.152695
113.319737 23.147388 113.325378 23.15874
113.329461 23.168788 113.247333 23.150483
113.324145 23.122952 113.31811 23.138903
113.258563 23.163144 113.262399 23.101927
113.268062 23.156938 113.263254 23.126493
113.246009 23.126819 113.254401 23.197663
113.300701 23.110663 113.230641 23.129984
113.276971 23.098311 113.250836 23.126707
113.276054 23.124593 113.323151 23.12677
113.26342 23.11427 113.318198 23.143041
113.277682 23.158228 113.308585 23.130695
113.297276 23.123545 113.269649 23.104728
113.318498 23.178805 113.310975 23.154374
113.259368 23.189777 113.245931 23.154091
113.282016 23.11277 113.244733 23.117863
113.259388 23.169318 113.249007 23.133965
113.226022 23.104849 113.319663 23.133798
113.275945 23.14373 113.263698 23.102842
113.311114 23.142698 113.281798 23.107581
113.286171 23.137822 113.245765 23.150358
113.278298 23.137613 113.236885 23.112128
113.301799 23.156265 113.316117 23.183439
113.272663 23.173232 113.271004 23.143186
113.325128 23.168119 113.315676 23.191099
113.245267 23.111286 113.259978 23.188952
113.286363 23.137531 113.245276 23.151516
113.315318 23.151101 113.27167 23.164725
113.265399 23.13692 113.304757 23.128173
113.303502 23.122876 113.323808 23.135215
113.322386 23.12845 113.278177 23.180815
113.316086 23.175395 113.310115 23.136034
113.320253 23.172944 113.308741 23.130536
113.27505 23.158103 113.309535 23.138124
113.241693 23.115586 113.297627 23.149134
113.292622 23.153579 113.27153 23.138824
113.287413 23.137451 113.248797 23.149341
113.258409 23.172586 113.264112 23.192354
113.278545 23.157653 113.309324 23.137001
113.295455 23.164056 113.265111 23.164355
113.244678 23.149105 113.271391 23.147903
113.325405 23.174346 113.251809 23.15151
113.226351 23.150624 113.281447 23.129189
113.257643 23.132276 113.228774 23.141813
113.269799 23.139398 113.251077 23.122649
113.301588 23.166641 113.272464 23.162839
113.274738 23.124737 113.31804 23.118684
113.24074 23.113323 113.297503 23.14992
113.28832 23.130459 113.322148 23.122675
113.301985 23.147905 113.274305 23.133026
113.245349 23.208305 113.225528 23.136774
113.29466 23.135972 113.248061 23.110587
113.223391 23.168738 113.232995 23.121761
113.278178 23.105889 113.247073 23.128069
113.326927 23.111754 113.282704 23.109374
113.247833 23.150583 113.27516 23.146839
113.316932 23.160855 113.27686 23.121583
113.276088 23.143875 113.267081 23.10792
113.29617 23.133838 113.244167 23.114364
113.257603 23.174512 113.272174 23.190403
113.265339 23.152467 113.267072 23.121278
113.243804 23.149907 113.3124 23.144024
113.240675 23.133696 113.307504 23.155929
113.223914 23.123101 113.260619 23.125472
113.320645 23.140987 113.330043 23.162981
113.267868 23.175965 113.268593 23.139481
113.259446 23.133443 113.245973 23.140496
113.295736 23.140072 113.326909 23.158557
113.224818 23.17731 113.234087 23.1281
113.249154 23.1227 113.310945 23.142773
113.274583 23.11438 113.24832 23.10887
113.227346 23.107857 113.263065 23.101275
113.307812 23.144646 113.323662 23.118751
113.325057 23.127117 113.314552 23.139491
113.259578 23.143201 113.270531 23.121163
113.266576 23.101933 113.253172 23.11087
113.27454 23.126766 113.323 23.124913
113.299688 23.155283 113.330723 23.150199
113.228125 23.123 113.254125 23.164607
113.283068 23.122611 113.24049 23.117723
113.309993 23.156498 113.326288 23.132801
113.298917 23.113019 113.22925 23.133841
113.276906 23.123099 113.318602 23.119143
113.312275 23.138054 113.231068 23.102581
113.300256 23.15959 113.268873 23.161546
113.248696 23.179442 113.256296 23.150875
113.282552 23.207962 113.247637 23.153919
113.322441 23.148915 113.281925 23.149197
113.264031 23.140226 113.274547 23.200445
113.250231 23.184393 113.22427 23.14746
113.275406 23.143208 113.265197 23.100415
113.273444 23.141168 113.269989 23.104114
113.314519 23.116883 113.313691 23.152324
113.281911 23.10584 113.246668 23.126107
113.330084 23.177175 113.244008 23.153382
113.24324 23.112439 113.257089 23.197675
113.316255 23.146799 113.327304 23.166905
113.260659 23.187071 113.31928 23.150861
113.267652 23.186778 113.250058 23.150857
113.332007 23.133938 113.291475 23.13081
113.320225 23.159807 113.316307 23.135288
113.253869 23.199837 113.27398 23.198803
113.269678 23.154117 113.270869 23.120373
113.245748 23.124271 113.307961 23.138483
113.320093 23.162689 113.321262 23.136623
113.238365 23.138215 113.310855 23.156831
113.325579 23.15181 113.305574 23.154906
113.224719 23.147451 113.326895 23.131286
113.312094 23.104504 113.309654 23.155982
113.308724 23.10902 113.318629 23.145981
113.257913 23.195886 113.24952 23.155516
113.29874 23.148701 113.314884 23.183692
113.25584 23.129965 113.247971 23.140075
113.262373 23.159153 113.260759 23.105469
113.271044 23.172205 113.267729 23.140384
113.265061 23.13323 113.30734 23.120379
113.317571 23.135105 113.260038 23.118422
113.244084 23.181594 113.257518 23.158024
113.281198 23.15152 113.312615 23.129284
113.246273 23.178718 113.260013 23.154967
113.326959 23.116744 113.274251 23.11141
113.253897 23.142081 113.273808 23.16732
113.263339 23.155948 113.27003 23.133044
113.233275 23.125411 113.327047 23.119227
113.258157 23.148319 113.265724 23.120361
113.268244 23.138703 113.247025 23.173194
113.266846 23.141845 113.267905 23.164022
113.3101 23.127834 113.227382 23.140988
113.30156 23.161199 113.269919 23.167526
113.274918 23.112567 113.243013 23.113817
113.299128 23.167989 113.264811 23.166024
113.254252 23.197106 113.257724 23.152747
113.229144 23.16331 113.245964 23.12049
113.279069 23.138288 113.300625 23.132153
113.277175 23.140501 113.308351 23.13013
113.26628 23.131354 113.312702 23.136959
113.314558 23.127154 113.23575 23.101473
113.321723 23.121122 113.239655 23.105912
113.29427 23.114677 113.223933 23.137768
113.329239 23.11243 113.275685 23.110392
113.313458 23.151123 113.256629 23.162982
113.234028 23.135367 113.30347 23.15042
113.254611 23.200825 113.301729 23.157215
113.296946 23.166066 113.270782 23.161688
113.22432 23.159402 113.244098 23.126982
113.263271 23.175435 113.267586 23.145276
113.293923 23.108585 113.22845 23.136022
113.282116 23.152923 113.30745 23.130488
113.302059 23.109066 113.230905 23.137598
113.280486 23.128794 113.314948 23.121241
113.260109 23.184093 113.316768 23.151445
113.278379 23.114476 113.24877 23.108774
113.319264 23.121609 113.242414 23.098825
113.227223 23.151969 113.279536 23.131746
113.306319 23.155384 113.329632 23.137948
113.298027 23.123201 113.267962 23.107014
113.252151 23.208715 113.230845 23.129566
113.253175 23.165594 113.259695 23.101983
113.263334 23.147216 113.250501 23.119935
113.259581 23.134869 113.248269 23.146727
113.286421 23.126629 113.240485 23.11358
113.277647 23.155338 113.305295 23.125756
113.272372 23.10561 113.254763 23.111138
113.231704 23.124881 113.256752 23.16431
113.249097 23.165867 113.268839 23.191933
113.315404 23.184195 113.303572 23.151878
113.249859 23.185473 113.228259 23.14367
113.272438 23.177485 113.265127 23.142497
113.316774 23.137193 113.246633 23.117908
113.227212 23.119782 113.270705 23.131878
113.253408 23.110199 113.320352 23.139932
113.316014 23.155028 113.260621 23.119748
113.277683 23.130341 113.317424 23.15286
113.321325 23.135024 113.259516 23.120001
113.262017 23.138004 113.24757 23.138927
113.325706 23.150141 113.300248 23.130505
113.313772 23.124564 113.238394 23.102126
113.255319 23.194526 113.253894 23.150811
113.283118 23.126025 113.257376 23.199088
113.236136 23.112271 113.242008 23.142469
113.332477 23.120684 113.320968 23.143537
113.314474 23.142717 113.332142 23.168152
113.305887 23.106093 113.304115 23.1544
113.228862 23.103416 113.269857 23.105801
113.277456 23.202991 113.263655 23.113984
113.327484 23.152564 113.306908 23.152201
113.280056 23.115973 113.246936 23.113547
113.246246 23.180403 113.226827 23.142339
113.251416 23.180381 113.261417 23.152852
113.298679 23.128114 113.271191 23.107756
113.280059 23.107401 113.318967 23.157851
113.261302 23.182465 113.320025 23.155775
113.240301 23.116662 113.293454 23.152691
113.329163 23.165276 113.320868 23.198191
113.292618 23.150329 113.262809 23.144308
113.277115 23.154314 113.30525 23.134807
113.330032 23.151423 113.307949 23.156428
113.26409 23.171134 113.267107 23.141907
113.240364 23.117541 113.295253 23.151839
113.280408 23.132059 113.320253 23.140166
113.238216 23.118339 113.2826 23.128496
113.293495 23.109021 113.226245 23.128829
113.280708 23.131396 113.315191 23.124099
113.305217 23.155404 113.325945 23.135452
113.28689 23.157111 113.267041 23.142051
113.238509 23.127845 113.331512 23.12751
113.299375 23.128859 113.248106 23.114132
113.267079 23.115407 113.316015 23.143713
113.228519 23.119268 113.251779 23.13094
113.232104 23.139915 113.325463 23.133326
113.316533 23.156638 113.307445 23.133376
113.318967 23.178538 113.303652 23.130294
113.255601 23.163379 113.315456 23.176715
113.254916 23.128292 113.328303 23.137786
113.305666 23.111655 113.314209 23.146202
113.244118 23.168463 113.223171 23.11159
113.301527 23.167054 113.271173 23.158891
113.224785 23.145485 113.327874 23.130843
113.265331 23.133542 113.313058 23.124101
113.226327 23.14255 113.331164 23.128348
113.319888 23.141549 113.326026 23.164424
113.317526 23.154801 113.254017 23.160834
113.239232 23.110544 113.28992 23.136874
113.233284 23.117092 113.289566 23.137304
113.32546 23.122754 113.320344 23.139765
113.313442 23.14996 113.258115 23.12285
113.267728 23.174732 113.272257 23.139546
113.311546 23.143163 113.280485 23.107782
113.294079 23.115525 113.230164 23.134584
113.302243 23.149313 113.319561 23.186207
113.276792 23.147773 113.264326 23.116294
113.273497 23.125157 113.32181 23.119227
113.271168 23.124235 113.23117 23.100308
113.301465 23.134797 113.25158 23.113043
113.22797 23.157012 113.277221 23.130716
113.288814 23.11941 113.260607 23.19995
113.269654 23.112884 113.308799 23.133705
113.258762 23.179192 113.320637 23.153569
113.236435 23.134864 113.309212 23.151969
113.247587 23.108941 113.254299 23.197118
113.248802 23.18044 113.254318 23.154349
113.283216 23.15239 113.266262 23.143286
113.323265 23.131058 113.281405 23.18282
113.272633 23.153517 113.27064 23.129485
113.253397 23.135157 113.230288 23.146449
113.222785 23.123084 113.261201 23.168284
113.295835 23.157594 113.332917 23.15581
113.26809 23.127685 113.224621 23.099695
113.274611 23.104035 113.319185 23.154748
113.252042 23.151289 113.269471 23.139722
113.239748 23.139937 113.282815 23.126915
113.288191 23.129268 113.247732 23.153588
113.281893 23.134222 113.323162 23.127327
113.280519 23.147091 113.330418 23.104664
113.321675 23.145244 113.331228 23.159364
113.315458 23.167405 113.314236 23.13462
113.3012 23.123506 113.266358 23.101326
113.223159 23.124959 113.264272 23.136328
113.256276 23.163494 113.317469 23.202523
113.231948 23.162193 113.244725 23.122946
113.25702 23.146092 113.28135 23.166473
113.286947 23.118725 113.312762 23.157828
113.255814 23.134983 113.24502 23.14169
113.280388 23.200323 113.268575 23.111522
113.273531 23.110442 113.325701 23.129592
113.270071 23.135979 113.308313 23.12784
113.281729 23.122045 113.320474 23.121752
113.271151 23.127414 113.230164 23.104427
113.247021 23.182471 113.224898 23.138475
113.268134 23.17089 113.267864 23.143643
113.328335 23.128561 113.2798 23.163093
113.244604 23.108066 113.261622 23.190658
113.262854 23.127241 113.315144 23.131238
113.265482 23.145242 113.274653 23.207687
113.322306 23.151894 113.271155 23.165764
113.249822 23.165516 113.266635 23.195458
113.245459 23.131231 113.306882 23.120238
113.226263 23.100804 113.318357 23.131405
113.241288 23.137177 113.307529 23.152301
113.321575 23.14946 113.306104 23.129874
113.251978 23.200092 113.223479 23.134296
113.326823 23.171154 113.250265 23.149135
113.22649 23.107724 113.322119 23.135208
113.33256 23.176174 113.24718 23.157014
113.295604 23.153541 113.285495 23.125315
113.293317 23.141113 113.274475 23.129037
113.258005 23.172313 113.266343 23.191875
113.275049 23.098328 113.319844 23.155595
113.224951 23.163275 113.246308 23.124188
113.327515 23.121214 113.319964 23.139567
113.318407 23.143658 113.328673 23.161739
113.317934 23.184019 113.306332 23.154814
113.290338 23.137476 113.249383 23.156954
113.284732 23.130331 113.24679 23.136723
113.256815 23.169826 113.252308 23.131886
113.259641 23.193335 113.26035 23.153166
113.325889 23.110189 113.278844 23.115401
113.256336 23.125534 113.292693 23.129957
113.323023 23.142427 113.332629 23.165101
113.253165 23.171928 113.24632 23.130691
113.253808 23.133014 113.25067 23.141756
113.27422 23.141376 113.328272 23.099115
113.257704 23.148982 113.282693 23.136831
113.266648 23.110686 113.310258 23.135048
113.301933 23.112341 113.224604 23.129816
113.25806 23.198664 113.258738 23.150838
113.300131 23.162214 113.26322 23.159267
113.307946 23.134052 113.222542 23.098158
113.288541 23.124845 113.30998 23.157344
113.327768 23.114934 113.275195 23.109714
113.320353 23.164492 113.322762 23.136076
113.273091 23.138918 113.262491 23.187831
113.234499 23.122593 113.274453 23.128972
113.275273 23.140722 113.324519 23.129502
113.308016 23.131226 113.26682 23.138189
113.22874 23.166 113.2482 23.118251
113.247584 23.112613 113.255146 23.189468
113.257675 23.137454 113.251909 23.146423
113.305065 23.129072 113.316802 23.156855
113.321844 23.132769 113.260124 23.127663
113.270915 23.171096 113.268877 23.145385
113.262656 23.109379 113.314684 23.138507
113.321616 23.154875 113.312048 23.134074
113.301387 23.154002 113.318891 23.179836
113.260402 23.150856 113.223931 23.13579
113.230009 23.172676 113.238229 23.125746
113.223326 23.163205 113.252367 23.118477
113.324288 23.108122 113.276567 23.114508
113.235174 23.109787 113.237257 23.14324
113.241278 23.112027 113.292425 23.136015
113.317778 23.148111 113.325253 23.161921
113.310496 23.146734 113.289738 23.120319
113.26078 23.132106 113.251549 23.140488
113.238695 23.125667 113.331134 23.11947
113.254963 23.15543 113.232336 23.138219
113.294996 23.157398 113.313639 23.184125
113.312063 23.150322 113.326336 23.131435
113.254283 23.164283 113.31663 23.207776
113.318554 23.148962 113.270653 23.185537
113.269843 23.13617 113.253706 23.162747
113.323951 23.159946 113.314814 23.195764
113.3104 23.154762 113.328338 23.134644
113.248845 23.158184 113.273596 23.144081
113.25398 23.139694 113.275529 23.159777
113.238158 23.131135 113.310858 23.157207
113.328685 23.124337 113.318888 23.14634
113.279072 23.112484 113.251348 23.113771
113.27804 23.148823 113.305289 23.132583
113.261605 23.204467 113.315324 23.161992
113.295486 23.10945 113.230387 23.137329
113.251313 23.108553 113.257079 23.19071
113.26325 23.151084 113.269303 23.126442
113.29837 23.108963 113.231651 23.128432
113.287434 23.123999 113.253331 23.203235
113.323432 23.17753 113.251434 23.149236
113.29997 23.137293 113.251444 23.108452
113.258997 23.125932 113.291273 23.118747
113.272273 23.152986 113.266062 23.136562
113.298307 23.166043 113.267557 23.167878
113.282504 23.102215 113.252559 23.125227
113.305943 23.14002 113.278455 23.138015
113.241515 23.121535 113.330502 23.125934
113.263556 23.119276 113.323173 23.131076
113.257423 23.190177 113.251578 23.158304
113.330045 23.155015 113.307009 23.155963
113.285337 23.144041 113.255151 23.167288
113.253145 23.19047 113.250615 23.15315
113.272613 23.206205 113.282508 23.126567
113.255635 23.176319 113.265428 23.196424
113.312545 23.127138 113.287941 23.139103
113.3202 23.136197 113.249512 23.1118
113.316129 23.17181 113.311418 23.133625
113.289859 23.132834 113.244045 23.148745
113.302253 23.115533 113.224114 23.132921
113.290283 23.137362 113.253287 23.153683
113.267967 23.110543 113.316655 23.139789
113.258145 23.194439 113.24717 23.153357
113.301563 23.148674 113.289521 23.127676
113.320666 23.182246 113.304743 23.152332
113.246367 23.17952 113.259027 23.153488
113.26569 23.161865 113.291457 23.129344
113.314409 23.15537 113.274808 23.149523
113.316466 23.175174 113.303815 23.134108
113.318738 23.187569 113.30944 23.156312
113.315903 23.162615 113.319894 23.135784
113.271854 23.131094 113.310165 23.122253
113.308801 23.151231 113.331666 23.132559
113.281379 23.142728 113.266827 23.113016
113.31372 23.165565 113.27706 23.123715
113.266403 23.11429 113.321514 23.139033
113.263256 23.169242 113.270438 23.144426
113.31179 23.1293 113.231557 23.101191
113.24786 23.164426 113.269015 23.193192
113.270281 23.138398 113.243861 23.174214
113.249818 23.200209 113.230613 23.13762
113.328714 23.142771 113.262957 23.159198
113.277131 23.146909 113.295051 23.138083
113.272597 23.10757 113.256832 23.11575
113.240632 23.140952 113.273687 23.1229
113.311994 23.100022 113.310776 23.151281
113.260809 23.136443 113.323411 23.137279
113.277612 23.144736 113.266077 23.116787
113.265668 23.131128 113.310614 23.12977
113.283642 23.156402 113.263414 23.140576
113.331151 23.155133 113.300287 23.132617
113.282759 23.145047 113.298866 23.129969
113.278151 23.14569 113.270035 23.101087
113.277912 23.133447 113.319891 23.152569
113.258447 23.177465 113.250539 23.12836
113.256632 23.177464 113.242808 23.130202
113.258983 23.166608 113.257486 23.10692
113.277706 23.124062 113.307303 23.124192
113.279424 23.15721 113.303359 23.138192
113.257124 23.137958 113.326495 23.133482
113.275552 23.146742 113.303591 23.134805
113.324386 23.159957 113.318834 23.195258
113.272229 23.120136 113.318044 23.155803
113.281053 23.140673 113.277498 23.118955
113.311296 23.154342 113.332887 23.135941
113.319975 23.145005 113.330124 23.16047
113.328501 23.141519 113.266844 23.15966
113.328463 23.143527 113.271916 23.164429
113.282126 23.140311 113.296131 23.130159
113.323834 23.158428 113.3115 23.155657
113.314862 23.163208 113.317175 23.129594
113.267575 23.168464 113.251116 23.109927
113.309469 23.136382 113.318501 23.166458
113.281533 23.125584 113.314218 23.118738
113.222461 23.105981 113.271969 23.103181
113.275358 23.120514 113.304639 23.126076
113.234084 23.129147 113.30705 23.148915
113.261273 23.170248 113.248179 23.131709
113.312874 23.142567 113.325601 23.123242
113.324636 23.167755 113.314547 23.192984
113.224262 23.12615 113.261371 23.161625
113.29828 23.166423 113.270324 23.16048
113.244933 23.185563 113.229583 23.13862
113.304799 23.135407 113.224743 23.105609
113.232432 23.119475 113.259212 23.162821
113.32509 23.133378 113.234849 23.176436
113.231128 23.155914 113.27755 23.136896
113.237536 23.144622 113.282315 23.127764
113.3022 23.115701 113.227129 23.135152
113.274529 23.152576 113.313152 23.119788
113.239137 23.131404 113.303898 23.150927
113.227632 23.127724 113.254864 23.127965
113.263028 23.14397 113.273014 23.202055
113.276883 23.142307 113.264332 23.112643
113.272685 23.184297 113.248461 23.157202
113.267581 23.123823 113.313534 23.157554
113.276825 23.10992 113.250992 23.110705
113.261693 23.155088 113.232475 23.137361
113.242937 23.12364 113.262329 23.19246
113.280835 23.154944 113.305637 23.120207
113.251069 23.164876 113.263655 23.159587
113.246715 23.12536 113.303444 23.14041
113.276844 23.143117 113.276309 23.119565
