113.252244 23.131932 113.265519 23.146392
113.2281 23.172967 113.233798 23.123206
113.322561 23.137808 113.300588 23.136858
113.278585 23.139252 113.278534 23.119729
113.306967 23.157384 113.324124 23.134273
113.238743 23.135948 113.30973 23.152511
113.314423 23.145154 113.330676 23.164979
113.323276 23.111018 113.315677 23.158236
113.280221 23.14107 113.300141 23.133971
113.297109 23.118992 113.271174 23.103609
113.257532 23.13564 113.250257 23.146919
113.235223 23.143379 113.276475 23.122769
113.329564 23.136952 113.28363 23.136596
113.316789 23.183797 113.307372 23.153654
113.2986 23.116072 113.231818 23.136941
113.240535 23.111025 113.260225 23.171503
113.269815 23.185356 113.252234 23.148881
113.309392 23.108888 113.317348 23.143452
113.25986 23.18386 113.3143 23.153
113.272504 23.179628 113.244069 23.1576
113.283417 23.109892 113.264749 23.125032
113.291475 23.149053 113.267218 23.139994
113.261496 23.134478 113.231468 23.138865
113.265472 23.199786 113.240822 23.208825
113.244623 23.128916 113.280122 23.129999
113.316786 23.142037 113.329874 23.165662
113.257101 23.145159 113.276759 23.160942
113.31118 23.151018 113.323375 23.129258
113.225124 23.125381 113.247546 23.133479
113.261512 23.178473 113.242982 23.128827
113.230747 23.167878 113.249512 23.125796
113.305076 23.109816 113.318495 23.146756
113.306335 23.132459 113.242282 23.115505
113.28105 23.109113 113.24522 23.112531
113.31459 23.113843 113.31655 23.153457
113.26237 23.153556 113.276874 23.130119
113.289713 23.141914 113.252691 23.165394
113.281171 23.151554 113.306046 23.129383
113.267595 23.182145 113.244184 23.156893
113.258611 23.193985 113.258433 23.15097
113.305211 23.100455 113.303926 23.150874
113.252828 23.17568 113.26999 23.196333
113.245705 23.120195 113.309802 23.147447
113.272342 23.121895 113.225042 23.100902
113.238774 23.119172 113.281174 23.131524
113.313512 23.109642 113.321752 23.154018
113.269503 23.134212 113.312875 23.129309
113.322318 23.171241 113.312342 23.129695
113.238145 23.148198 113.273396 23.119648
113.246367 23.165604 113.267728 23.190916
113.245756 23.125911 113.257348 23.183553
113.224936 23.140888 113.323915 23.132167
113.32441 23.153716 113.296332 23.132022
113.262263 23.182504 113.320745 23.151929
113.254845 23.173924 113.271369 23.19721
113.225152 23.153768 113.282373 23.136857
113.276972 23.113803 113.333039 23.13446
113.294607 23.165453 113.264115 23.159513
113.329079 23.118966 113.321228 23.145221
113.261308 23.168306 113.318438 23.204573
113.28507 23.130059 113.243002 23.135131
113.259627 23.197468 113.253265 23.149537
113.276418 23.117145 113.328149 23.132549
113.32205 23.115879 113.318721 23.1544
113.295966 23.151314 113.326187 23.155207
113.232567 23.112297 113.302792 23.155284
113.317534 23.133944 113.293245 23.136047
113.247102 23.165979 113.227594 23.109425
113.243402 23.11111 113.254473 23.193706
113.254968 23.129201 113.24802 23.142162
113.296106 23.158812 113.26494 23.162372
113.257214 23.154316 113.282631 23.136448
113.256641 23.15533 113.287288 23.143979
113.26913 23.15069 113.268145 23.135069
113.255578 23.116608 113.319824 23.14608
113.260308 23.201785 113.277317 23.205915
113.268315 23.131151 113.303648 23.121164
113.260807 23.143822 113.267921 23.127155
113.295643 23.135795 113.244409 23.1117
113.316647 23.117429 113.321668 23.157777
113.329439 23.173921 113.243268 23.154756
113.316786 23.138009 113.302917 23.132304
113.29117 23.123066 113.305342 23.156571
113.320706 23.138794 113.327823 23.159078
113.319562 23.123645 113.32898 23.147328
113.247748 23.163853 113.226652 23.116549
113.317841 23.173444 113.309989 23.136278
113.253168 23.169605 113.271269 23.191972
113.261531 23.142422 113.263054 23.119276
113.243305 23.175108 113.254691 23.117831
113.225443 23.175138 113.237745 23.125881
113.261671 23.196434 113.251348 23.152554
113.230386 23.170405 113.238941 23.125869
113.319394 23.12312 113.331785 23.145907
113.292904 23.141558 113.254225 23.168017
113.257056 23.20058 113.274762 23.12037
113.284016 23.121809 113.256178 23.204703
113.264799 23.17471 113.270329 23.141697
113.293415 23.142047 113.330863 23.166216
113.27012 23.137706 113.308394 23.134742
113.274308 23.139335 113.326544 23.134014
113.279245 23.203101 113.265665 23.113906
113.229175 23.156842 113.273101 23.136601
113.266322 23.129243 113.262176 23.159233
113.322982 23.156511 113.308383 23.134277
113.324807 23.178163 113.252358 23.15029
113.242976 23.206006 113.231485 23.135866
113.324085 23.127596 113.315452 23.143892
113.291414 23.128071 113.233278 23.113619
113.259216 23.161027 113.315726 23.176384
113.223818 23.104496 113.264948 23.10075
113.280135 23.113165 113.248737 23.110617
113.277249 23.132652 113.318485 23.146146
113.318132 23.180633 113.303906 23.15142
113.237275 23.144634 113.280487 23.121075
113.272581 23.110082 113.30723 23.137894
113.31893 23.143818 113.333127 23.163353
113.226452 23.149772 113.281904 23.135817
113.262903 23.177965 113.263455 23.144289
113.244655 23.111762 113.260788 23.192133
113.331165 23.1584 113.299226 23.134723
113.243765 23.112083 113.252799 23.194717
113.28443 23.129356 113.314058 23.125652
113.247008 23.120018 113.307302 23.139551
113.27251 23.146795 113.264832 23.159824
113.289227 23.130991 113.258072 23.153005
113.331108 23.141891 113.264205 23.16476
113.252276 23.162481 113.267369 23.160294
113.223357 23.163004 113.246613 23.122544
113.302677 23.131698 113.248277 23.116714
113.267769 23.112465 113.317528 23.144129
113.222741 23.168907 113.237152 23.126457
113.259387 23.168648 113.244108 23.131097
113.326945 23.133365 113.254485 23.117415
113.264021 23.206816 113.31185 23.158039
113.282367 23.204828 113.271808 23.112433
113.266695 23.112867 113.304213 23.129331
113.24561 23.118776 113.261774 23.195021
113.24826 23.127673 113.257482 23.18984
113.251836 23.128452 113.260568 23.09978
113.311591 23.152476 113.327596 23.130119
113.274226 23.119343 113.316474 23.123171
113.297982 23.128263 113.245781 23.11218
113.260541 23.159505 113.322077 23.199616
113.267224 23.159018 113.322132 23.137526
113.271037 23.135211 113.312052 23.126906
113.320344 23.14491 113.329896 23.160319
113.330685 23.158416 113.297393 23.132892
113.30824 23.118752 113.27057 23.113439
113.257938 23.13973 113.281075 23.167867
113.266599 23.132433 113.253425 23.165935
113.314998 23.111838 113.321731 23.155705
113.263388 23.114347 113.317845 23.142822
113.254257 23.174883 113.267713 23.190081
113.300191 23.147833 113.271704 23.167983
113.32281 23.1407 113.327252 23.167376
113.260878 23.137999 113.224961 23.141567
113.313545 23.139021 113.332292 23.164391
113.25554 23.196632 113.250038 23.155366
113.323922 23.174226 113.246186 23.149845
113.329633 23.114907 113.272857 23.117433
113.242267 23.114543 113.298417 23.15522
113.231571 23.173264 113.235775 23.121458
113.252928 23.133971 113.325793 23.129082
113.26435 23.159483 113.291264 23.12988
113.273162 23.116561 113.328999 23.137861
113.244687 23.126668 113.255897 23.198393
113.266445 23.179223 113.250367 23.153988
113.256489 23.148905 113.330371 23.137976
113.312901 23.136993 113.328789 23.118292
113.281112 23.145827 113.324811 23.136132
113.267006 23.123827 113.320669 23.129923
113.225107 23.155126 113.276175 23.136122
113.247362 23.115278 113.252995 23.197016
113.318614 23.139297 113.327418 23.162033
113.296864 23.120651 113.264414 23.107014
113.311268 23.140194 113.27488 23.105045
113.248511 23.198968 113.223765 23.128513
113.270075 23.171247 113.271979 23.138396
113.243024 23.155767 113.310761 23.143472
113.259025 23.185803 113.318773 23.158438
113.24814 23.159388 113.267918 23.160637
113.286219 23.135702 113.259435 23.11923
113.273269 23.12729 113.309005 23.120051
113.259192 23.167157 113.319153 23.177029
113.313647 23.115344 113.3178 23.149165
113.254302 23.18802 113.32275 23.150079
113.264342 23.107294 113.255265 23.110839
113.263415 23.178736 113.249115 23.153224
113.273708 23.1394 113.327182 23.102061
113.309048 23.127837 113.264035 23.109749
113.321778 23.18461 113.307883 23.156053
113.24735 23.118663 113.253579 23.188193
113.306322 23.130951 113.317832 23.157337
113.245021 23.171812 113.252004 23.206368
113.293886 23.155439 113.314577 23.188396
113.266032 23.16368 113.244004 23.116933
113.291544 23.140058 113.261261 23.162838
113.274989 23.144793 113.262579 23.183339
113.283759 23.142368 113.272157 23.144906
113.229993 23.10363 113.319274 23.130115
113.25252 23.129421 113.265246 23.129764
113.247902 23.15233 113.272058 23.147138
113.254645 23.197371 113.25762 23.155952
113.24658 23.171726 113.250166 23.207961
113.261274 23.162717 113.261446 23.101517
113.300585 23.157344 113.332824 23.158267
113.254783 23.16451 113.318268 23.17428
113.316556 23.162372 113.279073 23.139534
113.310631 23.112807 113.276144 23.116919
113.315947 23.164013 113.275557 23.122529
113.240583 23.136984 113.303279 23.155651
113.271234 23.171161 113.263168 23.140594
113.313307 23.159506 113.273742 23.138364
113.271283 23.185495 113.243355 23.152009
113.229257 23.151172 113.273866 23.133211
113.223625 23.118764 113.268816 23.133638
113.267911 23.138103 113.256319 23.161859
113.281826 23.100991 113.243532 23.127913
113.231292 23.120191 113.263326 23.138199
113.273018 23.202774 113.268405 23.111137
113.321268 23.167499 113.322671 23.135421
113.274909 23.142584 113.300892 23.135086
113.264063 23.157089 113.270748 23.124783
113.302282 23.153992 113.326458 23.154615
113.254128 23.163899 113.315581 23.20587
113.298003 23.142574 113.276847 23.131853
113.257484 23.196767 113.259855 23.152524
113.260448 23.187051 113.319717 23.153614
113.265494 23.162764 113.251266 23.111377
113.28612 23.125303 113.25385 23.205075
113.23193 23.171999 113.235246 23.121032
113.26168 23.177912 113.266999 23.194317
113.303331 23.111334 113.281188 23.110785
113.236495 23.127525 113.332857 23.126999
113.300496 23.155191 113.320513 23.17929
113.253589 23.193306 113.244814 23.153829
113.287618 23.150267 113.263166 23.138379
113.277125 23.118815 113.30569 23.124829
113.330054 23.110137 113.276572 23.114125
113.267092 23.165793 113.316595 23.1291
113.317313 23.108498 113.321109 23.151337
113.291695 23.144134 113.266166 23.148358
113.244391 23.123342 113.259707 23.18712
113.239736 23.139375 113.274791 23.124599
113.329374 23.119875 113.318407 23.147386
113.228634 23.14217 113.330823 23.130979
113.235282 23.130009 113.305145 23.155903
113.329608 23.125018 113.315104 23.139719
113.262046 23.169732 113.248377 23.13281
113.290184 23.119461 113.235545 23.111562
113.280589 23.150133 113.307908 23.125308
113.268951 23.177858 113.272094 23.143182
113.331942 23.113426 113.273006 23.108134
113.294202 23.142722 113.27953 23.136594
113.250887 23.160577 113.263164 23.162178
113.319336 23.159165 113.316295 23.13298
113.328181 23.147158 113.265834 23.165483
113.254125 23.154469 113.289615 23.141551
113.245916 23.16088 113.26471 23.16118
113.308982 23.155789 113.329684 23.131103
113.272186 23.164415 113.288754 23.137661
113.247387 23.120841 113.26017 23.197976
113.263169 23.103596 113.255203 23.115639
113.295622 23.145348 113.326251 23.159589
113.313095 23.140452 113.287369 23.121316
113.327382 23.151167 113.293151 23.137567
113.263704 23.138026 113.306445 23.129651
113.301313 23.127964 113.26984 23.106446
113.303879 23.098189 113.3058 23.15349
113.326107 23.146668 113.272791 23.168509
113.255176 23.179285 113.322087 23.148441
113.27121 23.129389 113.30821 23.13272
113.266183 23.201457 113.234418 23.201645
113.287995 23.130352 113.250423 23.152021
113.261077 23.11781 113.284781 23.146908
113.266242 23.143984 113.252571 23.12696
113.313828 23.136069 113.260164 23.119311
113.257322 23.111624 113.316294 23.144506
113.276748 23.204423 113.252029 23.15159
113.285045 23.12879 113.250543 23.15629
113.313091 23.157835 113.32721 23.129386
113.266233 23.110374 113.319213 23.141275
113.254671 23.132445 113.247639 23.143303
113.302375 23.141054 113.282626 23.128901
113.268756 23.161444 113.280247 23.204108
113.320008 23.173179 113.305728 23.134868
113.320019 23.136571 113.249256 23.115768
113.326946 23.120552 113.320561 23.139242
113.258922 23.180606 113.319411 23.148914
113.332417 23.154719 113.29786 23.131608
113.265196 23.185198 113.244535 23.150371
113.226188 23.178407 113.233654 23.121013
113.306974 23.110833 113.279974 23.109647
113.257151 23.181119 113.319232 23.148867
113.245742 23.174156 113.243118 23.207918
113.332009 23.117107 113.27962 23.112235
113.268213 23.141528 113.249539 23.174895
113.325947 23.11518 113.278118 23.116052
113.24349 23.124187 113.304784 23.147169
113.236555 23.108607 113.289921 23.133783
113.271194 23.172427 113.2682 23.144195
113.223388 23.143321 113.325356 23.132339
113.225833 23.103995 113.314852 23.130715
113.255131 23.199141 113.294627 23.154698
113.250145 23.109512 113.257339 23.195439
113.293576 23.14277 113.268955 23.164342
113.24545 23.175062 113.248543 23.205681
113.247598 23.172416 113.244909 23.205771
113.327527 23.137384 113.241468 23.178346
113.305095 23.129776 113.23506 23.117399
113.259272 23.146323 113.276304 23.163046
113.256199 23.187158 113.31603 23.152646
113.251811 23.135167 113.312583 23.119281
113.264339 23.171669 113.268807 23.146567
113.242381 23.125787 113.328186 23.127412
113.281809 23.133801 113.314301 23.139617
113.258532 23.189186 113.256157 23.155867
113.269614 23.126974 113.318502 23.13345
113.253826 23.192626 113.261638 23.156598
113.242893 23.125833 113.310036 23.143484
113.256458 23.205796 113.281369 23.120555
113.256287 23.156315 113.32827 23.137202
113.325655 23.128757 113.261479 23.114192
113.231547 23.122999 113.254958 23.125262
113.313303 23.179171 113.305032 23.1582
113.242665 23.129199 113.315682 23.139087
113.302603 23.147953 113.325901 23.160729
113.264743 23.105114 113.262259 23.11284
113.303384 23.108274 113.322665 23.139903
113.240463 23.119886 113.279453 23.129531
113.309895 23.102946 113.310987 23.15206
113.31766 23.187072 113.307216 23.148951
113.317915 23.117863 113.323181 23.150497
113.332296 23.14803 113.267654 23.165474
113.270541 23.183536 113.246199 23.158169
113.236993 23.134639 113.309443 23.149799
113.325709 23.124059 113.318969 23.142505
113.251254 23.180532 113.256486 23.149397
113.260344 23.163246 113.259082 23.103642
113.326672 23.119435 113.321354 23.144025
113.254822 23.175002 113.246335 23.129157
113.260573 23.185766 113.32241 23.152102
113.303091 23.124007 113.268397 23.100715
113.327208 23.153688 113.311933 23.153717
113.293167 23.11879 113.269064 23.105988
113.243958 23.152628 113.282864 23.147411
113.269925 23.103094 113.261154 23.116032
113.254279 23.114065 113.321608 23.141968
113.283238 23.122778 113.308288 23.148652
113.272404 23.174344 113.26957 23.143682
113.312153 23.140148 113.27693 23.106704
113.262747 23.181718 113.321396 23.157428
113.248518 23.207012 113.229451 23.134737
113.305633 23.102772 113.307 23.157518
113.301199 23.151409 113.325049 23.154344
113.223723 23.126975 113.268106 23.133115
113.243648 23.158575 113.265748 23.19538
113.272983 23.117025 113.332929 23.131497
113.243575 23.167532 113.269525 23.191201
113.282798 23.115645 113.244546 23.115743
113.255658 23.147648 113.270481 23.119645
113.295674 23.142778 113.273028 23.130432
113.306831 23.136333 113.314454 23.158198
113.298055 23.134003 113.247338 23.10994
113.229269 23.173127 113.239119 23.126856
113.25903 23.115616 113.317272 23.141429
113.309446 23.123738 113.268789 23.109662
113.251516 23.207466 113.230843 23.136764
113.231025 23.127974 113.248751 23.130707
113.263408 23.117411 113.319254 23.142949
113.244907 23.178461 113.244744 23.20063
113.27194 23.106058 113.256547 23.115118
113.323213 23.13353 113.245126 23.117773
113.227026 23.17231 113.236221 23.122636
113.230919 23.141706 113.328124 23.135789
113.272944 23.203094 113.248241 23.152653
113.3059 23.135542 113.272365 23.129488
113.256169 23.13898 113.266119 23.125587
113.307817 23.124324 113.333232 23.138012
113.243579 23.174114 113.258984 23.110327
113.246742 23.157299 113.273564 23.143874
113.304457 23.134235 113.269648 23.136912
113.301157 23.117806 113.231663 23.134709
113.287219 23.12636 113.258993 23.206259
113.325294 23.170695 113.247612 23.149983
113.280117 23.206069 113.246067 23.157104
113.26067 23.175909 113.271989 23.193246
113.253265 23.167532 113.31968 23.169423
113.325219 23.141444 113.267133 23.161328
113.302341 23.111352 113.225221 23.129372
113.332017 23.151398 113.302513 23.133641
113.254224 23.190518 113.243035 23.15063
113.26059 23.115268 113.322145 23.138735
113.24913 23.154884 113.305561 23.139032
113.254789 23.10912 113.321246 23.147789
113.280344 23.134692 113.258042 23.114505
113.27365 23.110389 113.24461 23.115425
113.284299 23.131391 113.254091 23.122906
113.254961 23.11682 113.317257 23.146046
113.264459 23.129751 113.30655 23.131426
113.24363 23.118709 113.307345 23.139504
113.223883 23.128163 113.268849 23.131406
113.305422 23.151291 113.332324 23.134626
113.313266 23.169369 113.307608 23.130534
113.26995 23.179724 113.244671 23.148516
113.261063 23.182347 113.32089 23.158395
113.247643 23.15274 113.306747 23.146615
113.314613 23.168646 113.311682 23.128591
113.263221 23.186353 113.243223 23.148657
113.296819 23.139698 113.276018 23.136958
113.322389 23.18348 113.310045 23.149323
113.25878 23.165867 113.313481 23.174566
113.27202 23.177093 113.267719 23.147463
113.276214 23.111861 113.327765 23.132748
113.308531 23.155811 113.331405 23.138113
113.239189 23.116703 113.293934 23.150854
113.30534 23.099721 113.307471 23.155527
113.268524 23.118901 113.317956 23.151453
113.269707 23.178316 113.267215 23.146074
113.233073 23.138128 113.303627 23.15509
113.284207 23.133468 113.317404 23.127351
113.290849 23.144615 113.253695 23.167479
113.250076 23.175276 113.250302 23.204198
113.291893 23.138006 113.250465 23.130811
113.330904 23.149006 113.312384 23.14883
113.27333 23.130308 113.26342 23.148882
113.237889 23.116366 113.240979 23.140714
113.231028 23.156879 113.280523 23.13765
113.275941 23.149304 113.312116 23.134592
113.262227 23.162755 113.316736 23.204029
113.320293 23.186297 113.306502 23.151092
113.33251 23.157131 113.297119 23.135311
113.242173 23.136357 113.309401 23.152726
113.243596 23.168 113.231654 23.108729
113.32207 23.169062 113.310254 23.131833
113.332408 23.17854 113.243899 23.149055
113.294543 23.147311 113.276296 23.135839
113.318469 23.188583 113.308231 23.15573
113.331215 23.15116 113.294866 23.130959
113.2622 23.137586 113.232069 23.143768
113.314851 23.147161 113.32725 23.166719
113.331229 23.148931 113.298147 23.132624
113.261034 23.147016 113.279156 23.158821
113.282585 23.147222 113.275142 23.118297
113.240592 23.136261 113.304562 23.157066
113.330601 23.148927 113.304672 23.150306
113.316818 23.185021 113.310689 23.15222
113.292688 23.152718 113.26587 23.144634
113.227221 23.125586 113.254825 23.15921
113.262981 23.171201 113.264647 23.14524
113.283096 23.116308 113.270391 23.1267
113.237344 23.111766 113.232689 23.143017
113.316828 23.123468 113.238268 23.102659
113.300383 23.148086 113.329703 23.166581
113.227413 23.173925 113.232673 23.12751
113.302691 23.112772 113.222824 23.132551
113.271694 23.187723 113.246852 23.151211
113.289102 23.12282 113.257276 23.204797
113.327348 23.152092 113.305602 23.157478
113.24973 23.179078 113.256198 23.158286
113.265077 23.162613 113.251198 23.108926
113.305421 23.108799 113.317592 23.144916
113.254204 23.179146 113.313439 23.15072
113.308542 23.143153 113.275954 23.103003
113.319159 23.148129 113.331961 23.164832
113.323721 23.145729 113.265781 23.163874
113.276128 23.117831 113.249875 23.112442
113.31777 23.187219 113.309257 23.149645
113.25251 23.161925 113.267884 23.162506
113.273974 23.204784 113.248983 23.156553
113.311227 23.144182 113.32735 23.121718
113.278695 23.111982 113.324312 23.130825
113.276126 23.157844 113.303433 23.135907
113.227331 23.170312 113.241646 23.120607
113.223046 23.120253 113.249384 23.130092
113.271445 23.143839 113.24677 23.121289
113.237858 23.122199 113.323891 23.12775
113.263598 23.105914 113.25295 23.116279
113.332171 23.109983 113.276132 23.114432
113.303497 23.154099 113.328816 23.138091
113.310723 23.115715 113.318979 23.147382
113.241236 23.129309 113.307539 23.148693
113.311682 23.133417 113.288725 23.121904
113.234131 23.127986 113.324714 23.127049
113.268959 23.179004 113.24482 23.148529
113.298206 23.155636 113.288404 23.121715
113.296889 23.153716 113.31714 23.179626
113.31827 23.18189 113.312529 23.149572
113.296372 23.116552 113.22321 23.135652
113.330818 23.154505 113.297149 23.136143
113.3269 23.152357 113.310472 23.156111
113.23488 23.142993 113.277592 23.124102
113.247911 23.201675 113.230028 23.135363
113.25643 23.169094 113.263066 23.194358
113.252455 23.162915 113.270126 23.16122
113.259244 23.116597 113.322599 23.142775
113.266984 23.16887 113.270514 23.142884
113.272515 23.147254 113.252439 23.122098
113.238874 23.120328 113.325981 23.126483
113.250852 23.151625 113.277652 23.142554
113.324948 23.141571 113.265524 23.1651
113.266944 23.208232 113.277305 23.123965
113.250252 23.134477 113.27441 23.138278
113.257632 23.131216 113.226743 23.143238
113.316813 23.143372 113.333291 23.160864
113.294986 23.154265 113.28979 23.128092
113.254973 23.185253 113.322662 23.148866
113.318443 23.115419 113.314393 23.154672
113.307026 23.118198 113.28608 23.148043
113.261854 23.154394 113.275895 23.132036
113.233568 23.13582 113.307051 23.150718
113.239345 23.141494 113.277042 23.118704
113.30119 23.133194 113.247107 23.111074
113.259153 23.20032 113.321022 23.166451
113.266664 23.107676 113.25329 23.114362
113.266427 23.183446 113.246413 23.149945
113.234549 23.123333 113.278745 23.135121
113.264894 23.10718 113.257967 23.109763
113.256285 23.131032 113.250238 23.13922
113.258067 23.117898 113.289243 23.143515
113.279462 23.116919 113.250231 23.114119
113.254159 23.181458 113.314839 23.14894
113.311186 23.141868 113.282212 23.137332
113.227544 23.176565 113.236553 23.118566
113.318324 23.14464 113.328469 23.164495
113.324155 23.152853 113.310913 23.149318
113.227782 23.103736 113.321795 23.130509
113.26534 23.11719 113.306021 23.129462
113.287103 23.144529 113.267356 23.141143
113.260355 23.170866 113.263249 23.198505
113.332568 23.115562 113.282716 23.115176
113.251411 23.201927 113.224877 23.130793
113.247551 23.131077 113.276974 23.136628
113.241134 23.128309 113.308775 23.156219
113.304234 23.114815 113.318635 23.145131
113.290544 23.127471 113.233941 23.117077
113.262282 23.166999 113.322111 23.171985
113.223653 23.148091 113.332847 23.137494
113.270254 23.205538 113.279968 23.118135
113.256063 23.15384 113.332437 23.132685
113.239414 23.140276 113.279464 23.118908
113.275332 23.110384 113.33038 23.13261
113.252257 23.204186 113.227401 23.13267
113.299951 23.155344 113.323295 23.156291
113.260572 23.160583 113.317497 23.204058
113.271332 23.179635 113.247005 23.157752
113.249815 23.168747 113.25846 23.116331
113.229566 23.171861 113.232619 23.119741
113.245536 23.111984 113.258857 23.193982
113.243683 23.156365 113.279345 23.144779
113.231185 23.106931 113.27026 23.098183
113.257606 23.177047 113.244207 23.133001
113.315499 23.141883 113.332264 23.167175
113.260467 23.116849 113.319561 23.143317
113.301636 23.117549 113.22752 23.136543
113.261426 23.19397 113.259719 23.1565
113.325497 23.125228 113.322243 23.141269
113.264252 23.179876 113.246511 23.155265
113.307399 23.141632 113.279679 23.106377
113.246526 23.128909 113.273874 23.136291
113.32279 23.175087 113.308434 23.135645
113.303091 23.129827 113.247849 23.112582
113.273273 23.144885 113.255788 23.181113
113.258841 23.17873 113.31996 23.157724
113.292949 23.114506 113.268887 23.119957
113.296491 23.151366 113.330367 23.156872
113.2711 23.153213 113.268264 23.127315
113.236253 23.144682 113.282927 23.127315
113.234167 23.117935 113.234619 23.139311
113.271244 23.182072 113.247447 23.150597
113.244342 23.128812 113.305569 23.12193
113.236514 23.11237 113.29919 23.154829
113.265059 23.128361 113.309275 23.122253
113.297149 23.157254 113.31891 23.186837
113.313248 23.169323 113.30676 23.133846
113.307127 23.111083 113.278437 23.109246
113.262583 23.197053 113.256938 23.156119
113.236713 23.114694 113.261091 23.172286
113.321196 23.152472 113.264974 23.181572
113.259966 23.113754 113.320031 23.14178
113.239643 23.140666 113.278169 23.122756
113.315233 23.173816 113.310326 23.135351
113.255447 23.184576 113.31771 23.149102
113.330206 23.138156 113.26065 23.10904
113.30438 23.136388 113.320063 23.159603
113.264987 23.120449 113.315865 23.136924
113.28177 23.129854 113.26064 23.10807
113.29364 23.149442 113.320072 23.18636
113.282508 23.107049 113.319364 23.15042
113.319736 23.15085 113.263852 23.183195
113.293767 23.165807 113.265854 23.159139
113.324884 23.141969 113.271738 23.16769
113.262667 23.138645 113.272777 23.127993
113.251067 23.112995 113.261855 23.192866
113.230991 23.17525 113.235045 23.128006
113.330701 23.108669 113.282736 23.110833
113.320657 23.115455 113.316697 23.148627
113.271154 23.16457 113.278187 23.208451
113.292186 23.146706 113.272559 23.139161
