113.254385 23.133935 113.24985 23.140543
113.321805 23.139178 113.323724 23.163904
113.236509 23.144922 113.274457 23.128088
113.231676 23.167475 113.245388 23.119446
113.332964 23.14936 113.30948 23.156445
113.277967 23.127395 113.32076 23.119402
113.265492 23.186569 113.250888 23.153758
113.296733 23.16046 113.263727 23.166399
113.320997 23.138349 113.325509 23.159909
113.284742 23.150546 113.270804 23.144551
113.298672 23.117071 113.231698 23.129924
113.282454 23.101208 113.246918 23.125574
113.314835 23.156641 113.267034 23.161633
113.258291 23.18974 113.251792 23.151196
113.308934 23.139917 113.287698 23.127608
113.301675 23.14297 113.267184 23.161774
113.244351 23.164833 113.272168 23.190719
113.258547 23.1288 113.329055 23.129079
113.254094 23.153257 113.275159 23.13059
113.247841 23.111789 113.258044 23.19361
113.238056 23.147625 113.279216 23.12424
113.260449 23.157964 113.226619 23.132285
113.317452 23.125642 113.235834 23.106608
113.225035 23.172118 113.237642 23.126298
113.324054 23.175244 113.248099 23.155832
113.330712 23.160312 113.32051 23.192171
113.230967 23.158221 113.277515 23.130088
113.305313 23.154434 113.329988 23.135677
113.311593 23.145687 113.274802 23.105181
113.233433 23.115209 113.299015 23.157629
113.247753 23.206929 113.227067 23.135409
113.298799 23.165016 113.268422 23.165503
113.227067 23.146051 113.32639 23.135888
113.252249 23.175866 113.248729 23.199117
113.259801 23.19365 113.249197 23.149979
113.320489 23.133651 113.307908 23.128796
113.319586 23.142683 113.32721 23.162325
113.291654 23.128863 113.261018 23.125289
113.256244 23.200425 113.293487 23.15531
113.271499 23.199805 113.30765 23.156074
113.235692 23.118826 113.27458 23.128458
113.248185 23.159361 113.271059 23.167927
113.305355 23.117956 113.281216 23.109644
113.319351 23.144096 113.331911 23.165994
113.301558 23.1091 113.224182 23.133546
113.306145 23.110004 113.277416 23.110238
113.262366 23.14945 113.223109 23.128494
113.240514 23.119347 113.274658 23.129409
113.270777 23.14056 113.265294 23.158823
113.262032 23.142765 113.269964 23.126249
113.257002 23.133339 113.231407 23.141163
113.22974 23.146829 113.331313 23.133983
113.223882 23.142427 113.331446 23.130988
113.324445 23.16168 113.315885 23.18916
113.323407 23.154051 113.305188 23.155836
113.240213 23.122931 113.331625 23.124358
113.23279 23.133239 113.311892 23.157971
113.245264 23.177945 113.254203 23.116012
113.29679 23.144631 113.327202 23.164546
113.266237 23.101575 113.259342 23.10904
113.248318 23.177603 113.247605 23.206386
113.272732 23.120986 113.319026 23.150857
113.262679 23.158709 113.256033 23.10623
113.237114 23.116167 113.256107 23.168562
113.273647 23.133825 113.321227 23.147682
113.311941 23.129482 113.321054 23.152559
113.317033 23.138424 113.332401 23.166195
113.27478 23.128245 113.319425 23.140516
113.258753 23.160755 113.32224 23.203231
113.256368 23.195608 113.255317 23.151563
113.272827 23.176794 113.272636 23.14371
113.249687 23.158263 113.307234 23.145996
113.234318 23.126271 113.32411 23.124185
113.320247 23.181293 113.306614 23.152251
113.266437 23.207073 113.309841 23.150616
113.312545 23.107377 113.305632 23.150474
113.30376 23.153198 113.32532 23.129653
113.228155 23.119099 113.262619 23.163511
113.224026 23.121115 113.261155 23.125556
113.272766 23.136492 113.305097 23.129341
113.288713 23.135833 113.243494 23.137325
113.323982 23.148637 113.305591 23.158209
113.306974 23.152133 113.326299 23.129705
113.276182 23.15506 113.308879 23.135343
113.248594 23.207501 113.228096 23.130387
113.236352 23.133981 113.308956 23.154493
113.229266 23.150285 113.280451 23.131258
113.303521 23.118093 113.320138 23.146148
113.253778 23.194122 113.262365 23.149483
113.269533 23.099715 113.256105 23.110698
113.300064 23.132014 113.247315 23.112053
113.324132 23.142236 113.266737 23.160447
113.304155 23.115173 113.28241 23.110122
113.242588 23.11474 113.296458 23.158394
113.257967 23.129333 113.24936 23.143325
113.277885 23.108617 113.245641 23.114579
113.300774 23.116177 113.227241 23.130856
113.319428 23.156178 113.269108 23.181348
113.245087 23.152971 113.271607 23.147062
113.268267 23.132313 113.30334 23.119493
113.265687 23.128757 113.307472 23.137341
113.253293 23.119372 113.291388 23.131239
113.296389 23.157974 113.31692 23.184004
113.274806 23.134658 113.318149 23.139566
113.262136 23.126042 113.286557 23.13342
113.249219 23.183961 113.261943 23.157194
113.271807 23.140253 113.246482 23.124674
113.274195 23.117822 113.248972 23.110012
113.244324 23.180808 113.257429 23.155757
113.253992 23.160596 113.320961 23.202985
113.324025 23.153772 113.306173 23.157731
113.293726 23.128226 113.25146 23.110996
113.305378 23.130482 113.239772 23.117944
113.311202 23.15077 113.327028 23.134194
113.262854 23.202305 113.237701 23.199697
113.320282 23.125571 113.327951 23.144805
113.267523 23.160231 113.274843 23.199411
113.269993 23.13242 113.310421 23.136792
113.268242 23.121058 113.316465 23.12854
113.262183 23.155994 113.291728 23.139527
113.24388 23.180563 113.2539 23.150288
113.329401 23.146735 113.263271 23.162779
113.280839 23.109598 113.326112 23.135505
113.25349 23.194652 113.248719 23.149413
113.237356 23.127437 113.329956 23.125173
113.249315 23.126755 113.260286 23.192565
113.31398 23.180333 113.309254 23.148637
113.271635 23.136425 113.253364 23.165963
113.263026 23.188226 113.248555 23.154264
113.293039 23.111063 113.227297 23.132381
113.261815 23.196414 113.251917 23.155371
113.316228 23.186437 113.307266 23.156011
113.330647 23.115258 113.276561 23.112297
113.315497 23.170769 113.307615 23.132341
113.328235 23.11313 113.276682 23.10829
113.272974 23.104614 113.316299 23.157789
113.252509 23.164408 113.224334 23.109082
113.268629 23.154595 113.267519 23.124202
113.315652 23.186377 113.312306 23.152542
113.288555 23.133061 113.321704 23.118768
113.292559 23.121194 113.262059 23.205568
113.234381 23.114786 113.242283 23.144421
113.30917 23.155736 113.331543 23.136643
113.250912 23.1347 113.254969 23.106043
113.25117 23.182074 113.225938 23.139661
113.241917 23.125456 113.333137 23.122645
113.32124 23.173984 113.311396 23.131248
113.322921 23.138566 113.331463 23.168417
113.292312 23.150446 113.265665 23.144912
113.312033 23.138931 113.28229 23.104039
113.239792 23.112831 113.293671 23.158083
113.254235 23.198431 113.259576 23.157003
113.250845 23.16549 113.263467 23.158552
113.257892 23.187126 113.31922 23.155639
113.266904 23.136549 113.307848 23.129431
113.257496 23.110548 113.287259 23.138599
113.30375 23.147116 113.327088 23.124535
113.294416 23.161019 113.269259 23.159047
113.23311 23.135227 113.311662 23.149079
113.25329 23.184685 113.32208 23.154654
113.268074 23.099809 113.258814 23.117318
113.254074 23.189731 113.250328 23.156841
113.246483 23.16116 113.266106 23.193905
113.282081 23.120883 113.304018 23.121165
113.245779 23.177614 113.242692 23.198811
113.254776 23.149302 113.276519 23.129945
113.294798 23.140893 113.277201 23.13326
113.296574 23.113808 113.222594 23.129993
113.263873 23.205057 113.282805 23.12803
113.235023 23.128763 113.30737 23.150018
113.233864 23.131361 113.307226 23.148539
113.332975 23.167234 113.323234 23.19444
113.268611 23.142833 113.249063 23.126059
113.296116 23.165661 113.268425 23.167218
113.316344 23.135137 113.243567 23.110319
113.25516 23.202005 113.322931 23.164687
113.320091 23.13702 113.261326 23.126727
113.296109 23.138544 113.279193 23.132778
113.254235 23.116965 113.284403 23.143427
113.275953 23.152277 113.308518 23.131171
113.281023 23.133587 113.320752 23.118628
113.283811 23.151912 113.271773 23.143703
113.265057 23.167031 113.28366 23.136369
113.281352 23.106661 113.313389 23.148806
113.323838 23.145111 113.26602 23.159525
113.328563 23.138292 113.262788 23.158932
113.258136 23.139463 113.274875 23.166116
113.280663 23.153891 113.306342 23.128094
113.301272 23.140962 113.277088 23.136592
113.268355 23.207838 113.306303 23.151224
113.319634 23.178986 113.305679 23.155479
113.319715 23.152198 113.266969 23.181631
113.257088 23.180558 113.314002 23.149768
113.239936 23.13128 113.310061 23.157883
113.240165 23.114368 113.285804 23.131316
113.321588 23.182637 113.30387 23.154369
113.331542 23.137937 113.279106 23.158765
113.255354 23.167981 113.257408 23.100718
113.300115 23.115654 113.22967 23.133647
113.258141 23.205243 113.314736 23.167987
113.248958 23.18159 113.260681 23.155402
113.27949 23.206783 113.267915 23.113999
113.312366 23.150745 113.333183 23.135539
113.244047 23.203784 113.225096 23.138198
113.299006 23.117325 113.225361 23.133632
113.321454 23.110169 113.321898 23.155067
113.287567 23.154119 113.264806 23.138925
113.29583 23.142022 113.32834 23.161646
113.297742 23.152322 113.288491 23.127348
113.268765 23.177374 113.264735 23.141025
113.269956 23.20174 113.236551 23.201271
113.322274 23.117752 113.314469 23.154735
113.261039 23.122365 113.284665 23.136724
113.296764 23.121352 113.268139 23.102583
113.298552 23.132099 113.243383 23.109393
113.287473 23.127117 113.312318 23.156796
113.306452 23.142708 113.280935 23.131857
113.271198 23.156608 113.272627 23.136465
113.264792 23.169599 113.265301 23.140575
113.327239 23.139813 113.264664 23.167562
113.229248 23.127562 113.254351 23.16309
113.237418 23.125123 113.325718 23.121051
113.234344 23.121975 113.276867 23.13561
113.309822 23.146614 113.283565 23.126556
113.264605 23.177276 113.268227 23.146614
113.251273 23.179731 113.256111 23.154659
113.227817 23.148923 113.274446 23.132298
113.302832 23.15642 113.285086 23.125674
113.25852 23.14099 113.268896 23.123596
113.294246 23.1544 113.318637 23.186401
113.246731 23.160369 113.272327 23.192443
113.235493 23.117328 113.260001 23.17014
113.258742 23.182309 113.31874 23.153685
113.303315 23.107846 113.309228 23.156195
113.282012 23.120598 113.305529 23.124091
113.250434 23.172565 113.253877 23.114248
113.264254 23.200956 113.304149 23.156949
113.30069 23.132183 113.251667 23.114549
113.316292 23.14657 113.325776 23.162284
113.282885 23.153801 113.304704 23.129078
113.329039 23.151131 113.300316 23.138086
113.301769 23.142489 113.278252 23.133552
113.315205 23.160126 113.314149 23.135306
113.232086 23.145108 113.332589 23.128735
113.319506 23.161051 113.315408 23.131819
113.281338 23.156675 113.312101 23.12836
113.308395 23.151676 113.330071 23.133996
113.319986 23.140145 113.32612 23.168426
113.317267 23.144258 113.330651 23.160397
113.326218 23.139766 113.266836 23.1596
113.271792 23.155882 113.268042 23.131375
113.228619 23.14064 113.32929 23.12828
113.241164 23.12139 113.330651 23.124826
113.251558 23.166413 113.269043 23.164448
113.321168 23.116592 113.321722 23.155425
113.296873 23.135367 113.248759 23.111689
113.316142 23.134069 113.261717 23.11875
113.320886 23.138517 113.329994 23.163627
113.272373 23.184639 113.25152 23.149152
113.257419 23.122356 113.290225 23.13192
113.246294 23.184377 113.230033 23.142883
113.311845 23.115037 113.273476 23.110934
113.241779 23.113675 113.26112 23.171573
113.281699 23.125855 113.319108 23.121241
113.318378 23.166891 113.319572 23.137194
113.24443 23.151196 113.281437 23.14776
113.322675 23.109085 113.319715 23.14948
113.33141 23.16333 113.317406 23.189411
113.329438 23.152704 113.308669 23.150948
113.285075 23.127305 113.307426 23.150488
113.30362 23.113395 113.2747 23.113066
113.315779 23.123262 113.233296 23.107243
113.328691 23.1414 113.263328 23.167669
113.309741 23.108916 113.274748 23.115091
113.256175 23.111458 113.316909 23.147899
113.318025 23.134 113.248512 23.115986
113.268726 23.204824 113.309801 23.155692
113.247509 23.150062 113.277608 23.141505
113.254544 23.149928 113.283782 23.145092
113.329648 23.12885 113.241741 23.173746
113.277582 23.133883 113.317535 23.125966
113.267612 23.125878 113.317596 23.153589
113.298162 23.144682 113.269827 23.165178
113.271397 23.171675 113.270686 23.141359
113.260107 23.201591 113.319268 23.166525
113.242612 23.120378 113.254189 23.191317
113.262533 23.178451 113.263912 23.197496
113.275016 23.113236 113.250637 23.114544
113.281518 23.202063 113.272699 23.1178
113.30789 23.146966 113.330986 23.119727
113.224227 23.127453 113.243037 23.137044
113.311409 23.106734 113.303924 23.150529
113.26796 23.123344 113.320881 23.152552
113.246115 23.118641 113.310175 23.139024
113.258646 23.108482 113.318912 23.147621
113.308277 23.111524 113.315417 23.147815
113.295656 23.118319 113.266934 23.09887
113.233263 23.135298 113.31146 23.15183
113.25275 23.11027 113.316243 23.145732
113.32169 23.113678 113.317566 23.152922
113.241212 23.130094 113.304137 23.151631
113.257837 23.120049 113.316058 23.157387
113.324206 23.157947 113.29915 23.134456
113.266775 23.203231 113.276671 23.123466
113.25504 23.197565 113.249766 23.151717
113.281218 23.205019 113.264005 23.117764
113.247333 23.159085 113.263908 23.191966
113.294269 23.12984 113.25039 23.11381
113.24444 23.181876 113.25855 23.152538
113.275358 23.158332 113.312437 23.118443
113.277659 23.104877 113.24787 23.118366
113.321629 23.186318 113.303344 23.152094
113.311716 23.112002 113.318947 23.144789
113.298684 23.122025 113.265904 23.104592
113.26102 23.151354 113.326543 23.134031
113.326227 23.108447 113.281078 23.112852
113.330928 23.138119 113.249429 23.133947
113.316781 23.113969 113.314464 23.157255
113.301008 23.146016 113.329229 23.165769
113.244045 23.200955 113.223451 23.132384
113.307877 23.148891 113.330894 23.134643
113.229382 23.126022 113.25397 23.16143
113.238423 23.143224 113.279755 23.125024
113.264993 23.172698 113.263985 23.142326
113.234072 23.11251 113.28701 23.134995
113.241979 23.124943 113.275495 23.130853
113.29835 23.143111 113.274368 23.131036
113.311807 23.133927 113.270975 23.13633
113.230973 23.122467 113.260705 23.120863
113.249858 23.117174 113.261703 23.18991
113.257529 23.123104 113.319284 23.15543
113.328655 23.16458 113.320735 23.191697
113.288055 23.155515 113.263646 23.147075
113.292571 23.148384 113.264318 23.145021
113.312116 23.098164 113.310565 23.151041
113.300979 23.116722 113.222553 23.137364
113.269878 23.147079 113.275445 23.206314
113.30356 23.141251 113.275098 23.100814
113.332278 23.15797 113.309382 23.153903
113.276661 23.120242 113.313821 23.125619
113.285107 23.143784 113.2606 23.166855
113.288137 23.116731 113.268223 23.118717
113.2757 23.141963 113.27549 23.120804
113.256402 23.118227 113.283013 23.137197
113.266294 23.198918 113.233346 23.205153
113.259688 23.148307 113.264951 23.122497
113.259789 23.123921 113.286272 23.133196
113.327163 23.149289 113.296294 23.131051
113.301495 23.148976 113.323889 23.155665
113.227817 23.123819 113.264969 23.128415
113.250584 23.110786 113.257964 23.194256
113.282092 23.20441 113.263139 23.115757
113.227639 23.138746 113.328977 23.128303
113.225288 23.123347 113.266361 23.129347
113.292118 23.139253 113.268887 23.141923
113.302254 23.119642 113.267731 23.107152
113.318541 23.154941 113.30541 23.138169
113.297671 23.159849 113.264265 23.164583
113.264756 23.135149 113.311205 23.118609
113.268537 23.199645 113.23735 23.205277
113.293546 23.109716 113.232224 23.138152
113.266877 23.145189 113.282532 23.199593
113.262208 23.145499 113.279679 23.159753
113.265921 23.206366 113.242584 23.202275
113.228127 23.120097 113.249739 23.135007
113.328946 23.109361 113.274914 23.113308
113.25989 23.162362 113.26019 23.099623
113.26326 23.099793 113.260734 23.110864
113.235107 23.122045 113.330152 23.118694
113.318141 23.129096 113.294067 23.131967
113.329856 23.162829 113.322186 23.194824
113.293662 23.16055 113.271174 23.159573
113.23345 23.135803 113.30668 23.153237
113.253737 23.192703 113.260559 23.156574
113.294512 23.117326 113.228888 23.132196
113.223921 23.12727 113.259484 23.127791
113.257003 23.112111 113.283814 23.140257
113.26727 23.14554 113.269162 23.159538
113.319586 23.159816 113.27583 23.140838
113.268171 23.149653 113.270976 23.130197
113.316724 23.153922 113.271997 23.184202
113.254379 23.11064 113.283495 23.139611
113.225141 23.166373 113.244718 23.119787
113.30865 23.14818 113.275569 23.137821
113.234417 23.11917 113.278407 23.130693
113.314833 23.186019 113.311735 23.151202
113.283299 23.125573 113.25746 23.205389
113.248221 23.136932 113.254041 23.099336
113.249844 23.165998 113.265385 23.19094
113.267328 23.125139 113.315836 23.15711
113.316766 23.15567 113.268422 23.18363
113.301925 23.120186 113.272541 23.098546
113.296423 23.146907 113.273346 23.131988
113.313536 23.108032 113.321229 23.148818
113.26851 23.184296 113.245476 23.14857
113.303021 23.110608 113.229555 23.135527
113.298201 23.109966 113.230599 23.137471
113.322388 23.140182 113.326115 23.163486
113.316107 23.128156 113.233548 23.103564
113.305624 23.117556 113.314482 23.140476
113.232177 23.15424 113.277244 23.13545
113.263832 23.151631 113.26485 23.128547
113.331811 23.16574 113.314013 23.195856
113.270477 23.188426 113.245007 23.151426
113.268108 23.167862 113.276373 23.204568
113.298225 23.137838 113.250401 23.114739
113.255076 23.108703 113.283747 23.147898
113.239963 23.134211 113.303404 23.150058
113.252087 23.178819 113.257255 23.151424
113.267182 23.202241 113.234519 23.205999
113.302856 23.110833 113.232166 23.131355
113.270151 23.137685 113.254591 23.158478
113.276787 23.203025 113.268746 23.116516
113.29943 23.143429 113.28059 23.12904
113.295106 23.136845 113.245963 23.116793
113.270957 23.188242 113.24456 23.149792
113.302745 23.11982 113.263063 23.104449
113.253218 23.122083 113.315568 23.153302
113.241473 23.147576 113.273005 23.118932
113.267435 23.122166 113.22349 23.105601
113.274654 23.116374 113.245844 23.109657
113.27112 23.121319 113.313896 23.152907
113.318051 23.184604 113.308149 23.152796
113.32428 23.130113 113.25311 23.113279
113.330869 23.176356 113.248024 23.154657
113.225933 23.162157 113.252542 23.119523
113.29592 23.14017 113.265825 23.164841
113.290226 23.12533 113.311224 23.155608
113.26237 23.113127 113.317047 23.142199
113.31017 23.103843 113.310279 23.152906
113.22855 23.157222 113.281305 23.138082
113.32227 23.128688 113.30194 23.130068
113.31454 23.135237 113.293128 23.132648
113.268887 23.102951 113.261181 23.114291
113.303913 23.125102 113.327782 23.133214
113.266173 23.165584 113.277453 23.201407
113.294409 23.168336 113.268 23.168485
113.312748 23.132921 113.291916 23.126362
113.259025 23.123624 113.286113 23.123519
113.228076 23.154336 113.273214 23.133168
113.263782 23.1238 113.230402 23.100753
113.276799 23.136934 113.270054 23.15657
113.319134 23.165267 113.282491 23.121842
113.287431 23.137723 113.251441 23.131583
113.330169 23.142144 113.263142 23.162963
113.300096 23.157315 113.331684 23.154785
113.271184 23.12352 113.227658 23.10187
113.267362 23.15164 113.267944 23.118223
113.311543 23.139913 113.279461 23.101276
113.230977 23.127714 113.257021 23.119871
113.262202 23.191708 113.256035 23.150324
113.255319 23.13353 113.225678 23.13987
113.305094 23.147464 113.280137 23.099295
113.25463 23.188734 113.244745 23.151501
113.305816 23.139482 113.331944 23.119937
113.229728 23.150248 113.273643 23.131275
113.259232 23.175426 113.244586 23.132055
113.324618 23.171676 113.250636 23.154361
113.264898 23.175681 113.266072 23.148046
113.314984 23.114932 113.3165 23.15139
113.315802 23.138286 113.330999 23.166544
113.277638 23.098629 113.315974 23.151579
113.23818 23.137543 113.306235 23.156421
113.314808 23.120862 113.242283 23.102876
113.318595 23.12332 113.240678 23.101791
113.32422 23.130899 113.285231 23.13428
113.281192 23.124849 113.321704 23.126422
113.232082 23.151452 113.278246 23.134684
113.262883 23.126928 113.316441 23.15295
113.223839 23.121145 113.260086 23.120611
113.226377 23.154866 113.272917 23.136319
113.281695 23.112194 113.328508 23.136289
113.230407 23.126332 113.249532 23.13683
113.253041 23.162942 113.318769 23.178035
113.301854 23.160963 113.269602 23.164773
113.332767 23.153894 113.301786 23.134284
113.234919 23.141605 113.27679 23.126827
113.234859 23.114792 113.296828 23.152696
113.318661 23.184565 113.311716 23.155593
113.270911 23.101446 113.258556 23.11457
113.254799 23.163514 113.317122 23.204534
113.248048 23.184565 113.254656 23.155024
113.23274 23.120064 113.276426 23.135837
113.244626 23.182246 113.223548 23.141924
113.284204 23.1509 113.26918 23.148054
113.271874 23.150846 113.26333 23.129895
113.261828 23.195346 113.260995 23.150562
113.285287 23.130509 113.260757 23.155052
113.271683 23.206668 113.238158 23.207661
113.271047 23.179895 113.247873 23.150972
113.256845 23.149428 113.292106 23.14407
113.30533 23.133457 113.266718 23.133205
113.30648 23.158434 113.329339 23.137709
113.264091 23.177491 113.263219 23.139791
113.258748 23.181831 113.322855 23.14941
113.296952 23.130846 113.247013 23.115853
113.308027 23.110614 113.280017 23.111256
113.302509 23.13477 113.251936 23.108462
113.332536 23.115483 113.276542 23.116433
113.249709 23.200567 113.228025 23.132209
113.257549 23.136128 113.222696 23.145801
113.251882 23.177137 113.244483 23.206502
113.278697 23.098769 113.248703 23.127488
113.272034 23.11878 113.318015 23.153429
113.290593 23.146442 113.267966 23.142353
113.295093 23.159777 113.27049 23.163353
113.22434 23.157192 113.281701 23.130278
113.267525 23.099404 113.258007 23.117466
113.230175 23.126509 113.251512 23.134304
113.298538 23.115417 113.225628 23.129507
113.3136 23.14971 113.304597 23.134028
113.29087 23.15653 113.269804 23.141874
113.249638 23.13793 113.27126 23.141143
113.330759 23.139311 113.263478 23.165124
113.257877 23.114071 113.292323 23.141828
113.228525 23.15083 113.276564 23.134068
113.299134 23.110497 113.229027 23.132266
113.254759 23.176896 113.265302 23.191525
113.253948 23.188491 113.313674 23.154277
113.273556 23.20825 113.263198 23.109725
113.247067 23.200073 113.228638 23.129144
113.292977 23.133581 113.254508 23.118223
113.264158 23.124594 113.225558 23.105683
113.257674 23.157983 113.273061 23.136929
113.2973 23.162531 113.268948 23.161788
113.271845 23.131526 113.306026 23.130347
113.263169 23.158786 113.252511 23.116149
113.299978 23.124234 113.268842 23.104759
113.28765 23.141164 113.272674 23.1467
113.315824 23.168049 113.281829 23.142515
113.295004 23.164672 113.264798 23.165743
113.280443 23.10826 113.330005 23.134113
113.311821 23.101705 113.304733 23.15183
113.313968 23.170125 113.307184 23.136012
113.331582 23.128064 113.318996 23.140216
113.230603 23.143195 113.329361 23.137671
113.298862 23.123298 113.26801 23.103708
113.280012 23.099024 113.314163 23.156927
113.277818 23.135418 113.318035 23.124105
113.241382 23.138277 113.307056 23.152164
113.299716 23.139578 113.262977 23.167943
113.302388 23.166378 113.26963 23.167541
113.246014 23.183785 113.261713 23.15137
113.309597 23.158063 113.331135 23.134717
113.22931 23.105784 113.31542 23.131711
113.236267 23.120561 113.327641 23.125376
113.275585 23.12381 113.309374 23.119233
113.254164 23.181363 113.313406 23.156723
113.315289 23.161924 113.273385 23.143475
113.26386 23.104195 113.262069 23.112071
113.2452 23.126862 113.262524 23.198431
113.24115 23.108535 113.254257 23.17146
113.312259 23.127661 113.263949 23.109991
113.32165 23.12099 113.324193 23.141759
113.285636 23.153743 113.26975 23.147536
113.313074 23.123067 113.271368 23.117113
113.289725 23.120785 113.260834 23.203389
113.322196 23.121125 113.324939 23.138908
113.222982 23.148068 113.324334 23.12942
113.26708 23.101881 113.260059 23.115748
113.244125 23.130241 113.307305 23.127192
113.260229 23.159639 113.313445 23.20022
113.254714 23.125161 113.287137 23.131667
113.296467 23.120321 113.270261 23.106646
113.259921 23.1955 113.261277 23.157316
113.27087 23.119402 113.320148 23.157456
113.312587 23.103453 113.313123 23.15341
113.305094 23.110455 113.318283 23.143171
113.273276 23.108382 113.24908 23.114276
113.274692 23.132748 113.317122 23.140449
113.25009 23.113731 113.259566 23.193772
113.254785 23.169111 113.266619 23.198024
113.241049 23.13177 113.303443 23.153496
113.315573 23.135746 113.251285 23.1156
113.223572 23.12116 113.27244 23.136319
113.24028 23.109249 113.295164 23.152179
113.234929 23.120135 113.274187 23.13395
113.257061 23.174394 113.270039 23.196407
113.296974 23.156638 113.315392 23.180108
113.32895 23.177911 113.24599 23.152237
113.299129 23.135104 113.2476 23.114236
113.24288 23.204283 113.223227 23.133699
113.277876 23.200328 113.267705 23.109001
113.273339 23.139423 113.27379 23.124615
113.324776 23.16796 113.313216 23.195649
113.238095 23.110733 113.255416 23.170882
113.256025 23.147334 113.272079 23.126352
113.292844 23.148137 113.260781 23.15967
113.284178 23.131949 113.259876 23.125414
113.304661 23.134585 113.330839 23.125315
113.331825 23.117227 113.276075 23.108758
113.230266 23.126125 113.258881 23.16081
113.319322 23.12425 113.324928 23.139675
113.328839 23.161356 113.323179 23.196885
113.33246 23.138327 113.270012 23.160327
113.321475 23.167295 113.278902 23.123731
113.275908 23.154587 113.307255 23.122278
113.320008 23.124519 113.236373 23.099916
113.279447 23.131518 113.237376 23.115615
113.238493 23.146713 113.273575 23.126789
