113.275077 23.202768 113.265299 23.108225
113.271419 23.14256 113.264434 23.160159
113.231557 23.120361 113.268867 23.130752
113.224569 23.156735 113.27446 23.138036
113.280368 23.125733 113.306778 23.127894
113.257009 23.135159 113.227889 23.147717
113.30028 23.144812 113.332747 23.165752
113.281088 23.146438 113.25619 23.179692
113.307472 23.146512 113.276869 23.107196
113.324791 23.138788 113.263738 23.164696
113.245623 23.113869 113.262695 23.198477
113.320831 23.15846 113.277277 23.124098
113.293696 23.134956 113.24905 23.109223
113.26714 23.14238 113.245431 23.169313
113.264837 23.133713 113.303884 23.125584
113.305564 23.14045 113.277418 23.098343
113.240473 23.128337 113.304351 23.153257
113.294964 23.120476 113.266742 23.10234
113.227046 23.173956 113.240399 23.121286
113.260993 23.203998 113.279275 23.208331
113.282632 23.202266 113.270416 23.112728
113.231029 23.141444 113.324891 23.136236
113.317946 23.149315 113.303621 23.136129
113.26619 23.132845 113.306084 23.120386
113.28467 23.158266 113.270849 23.145339
113.27312 23.124029 113.318564 23.120884
113.327881 23.136607 113.315891 23.151974
113.303566 23.117504 113.316085 23.146958
113.330097 23.142098 113.267512 23.159744
113.25196 23.177221 113.252889 23.108091
113.271075 23.144578 113.252026 23.120052
113.321953 23.11258 113.320534 23.148903
113.320467 23.11924 113.332205 23.14652
113.289094 23.133239 113.257271 23.154287
113.275382 23.12721 113.303264 23.119138
113.297982 23.135737 113.251728 23.110692
113.261424 23.114944 113.321158 23.139912
113.273117 23.126899 113.311707 23.119422
113.313252 23.176578 113.308623 23.13244
113.282135 23.120907 113.305519 23.120833
113.251834 23.113822 113.258101 23.189259
113.269353 23.115959 113.316987 23.138634
113.227937 23.169845 113.242453 23.120791
113.238556 23.116066 113.290583 23.134041
113.283991 23.15618 113.264335 23.140314
113.244792 23.115011 113.254337 23.194423
113.307983 23.134414 113.314687 23.151697
113.249876 23.12996 113.269242 23.139822
113.290055 23.111186 113.268745 23.119959
113.253022 23.126237 113.3174 23.156201
113.264946 23.201497 113.233747 23.202031
113.251814 23.121713 113.26103 23.195463
113.284453 23.135885 113.253798 23.127094
113.233722 23.136044 113.309804 23.152308
113.3161 23.142972 113.329879 23.163132
113.24533 23.163046 113.265618 23.167908
113.268768 23.111024 113.315491 23.140723
113.265021 23.135989 113.304473 23.12889
113.269687 23.102804 113.258987 23.11364
113.288579 23.157432 113.2663 23.146684
113.244032 23.166621 113.23222 23.108195
113.29492 23.132892 113.248976 23.109423
113.228073 23.155014 113.274097 23.128317
113.325732 23.13921 113.264149 23.164641
113.274563 23.126228 113.314852 23.12213
113.288719 23.122526 113.303374 23.154442
113.32673 23.141872 113.266101 23.163198
113.265567 23.1657 113.249206 23.113242
113.254217 23.206387 113.281666 23.118568
113.283368 23.125708 113.241048 23.108996
113.269711 23.136624 113.303196 23.133992
113.276972 23.102002 113.245011 23.119912
113.265558 23.126302 113.313551 23.158041
113.331757 23.164075 113.317371 23.19281
113.226137 23.170831 113.236985 23.118527
113.331159 23.142134 113.268059 23.164554
113.315984 23.115701 113.322685 23.155385
113.269179 23.159517 113.27335 23.206278
113.326979 23.131524 113.241574 23.176252
113.283401 23.157831 113.269183 23.145055
113.240287 23.135323 113.31305 23.155165
113.297632 23.120403 113.270158 23.098342
113.263787 23.114108 113.30806 23.13461
113.314298 23.152838 113.270841 23.179037
113.255801 23.205747 113.300136 23.149815
113.246428 23.179896 113.258031 23.152073
113.256567 23.126449 113.285517 23.123508
113.329012 23.166999 113.318646 23.196367
113.244934 23.169268 113.257565 23.116297
113.239473 23.136136 113.304937 23.151607
113.228274 23.125397 113.27281 23.134461
113.293499 23.130656 113.244199 23.11695
113.276962 23.106898 113.246672 23.121061
113.262052 23.201997 113.301675 23.151167
113.256622 23.180741 113.322497 23.153133
113.250372 23.167741 113.263822 23.162711
113.316366 23.188706 113.31074 23.154941
113.223718 23.125288 113.266861 23.135575
113.311765 23.136068 113.239797 23.116524
113.266064 23.128199 113.303512 23.135698
113.268212 23.161409 113.319395 23.132872
113.323975 23.149854 113.295971 23.136863
113.256765 23.203714 113.274694 23.204141
113.291474 23.15276 113.269844 23.142123
113.249409 23.161934 113.228872 23.116891
113.296974 23.12714 113.2653 23.104959
113.324189 23.137405 113.321403 23.157096
113.271303 23.098346 113.257589 23.114706
113.302073 23.144297 113.277119 23.136925
113.333248 23.146276 113.264373 23.166737
113.250786 23.150607 113.279217 23.141264
113.319465 23.184534 113.311722 23.155672
113.264454 23.187344 113.248621 23.158371
113.266363 23.178456 113.267706 23.140957
113.286809 23.142861 113.261091 23.16536
113.230004 23.126455 113.265624 23.131542
113.275756 23.106263 113.246617 23.127423
113.327936 23.135949 113.291941 23.135692
113.24638 23.174401 113.254448 23.114009
113.303685 23.126046 113.287879 23.145636
113.246222 23.156693 113.274093 23.146449
113.225249 23.12505 113.265297 23.129543
113.304462 23.143851 113.290076 23.120595
113.296675 23.132373 113.244025 23.110006
113.295137 23.108186 113.228278 23.130385
113.318142 23.188496 113.31238 23.155042
113.252856 23.1337 113.246297 23.147372
113.258311 23.138203 113.229329 23.147829
113.285193 23.114334 113.266646 23.120435
113.298652 23.108563 113.230487 23.13739
113.264715 23.124029 113.314632 23.152254
113.330139 23.161061 113.322858 23.196016
113.264507 23.122106 113.321155 23.134593
113.245042 23.167102 113.267074 23.164438
113.231415 23.167129 113.245845 23.125625
113.252583 23.152607 113.306083 23.142907
113.277069 23.116003 113.248047 23.113312
113.261139 23.130995 113.222462 23.146806
113.320593 23.138148 113.301871 23.129257
113.22403 23.126455 113.243079 23.128748
113.267673 23.116835 113.304598 23.131132
113.247822 23.131374 113.272477 23.139549
113.223932 23.101111 113.264149 23.09995
113.242456 23.116042 113.236541 23.139201
113.266246 23.116273 113.31729 23.138396
113.231205 23.146469 113.331619 23.128776
113.228109 23.127158 113.257409 23.123758
113.249906 23.203501 113.222596 23.133452
113.276721 23.203139 113.265477 23.116383
113.274832 23.130046 113.323047 23.138315
113.291719 23.134689 113.261209 23.153715
113.306382 23.131351 113.322309 23.16661
113.251509 23.200269 113.225263 23.138121
113.229433 23.148048 113.330673 23.13629
113.284876 23.146566 113.264756 23.141016
113.276687 23.207178 113.244563 23.151241
113.227439 23.144707 113.333077 23.128315
113.229206 23.164829 113.251895 23.123891
113.298376 23.148967 113.329545 23.152949
113.246918 23.120068 113.257359 23.19127
113.233807 23.124413 113.329414 23.123827
113.268066 23.155566 113.267332 23.13366
113.287231 23.111664 113.272044 23.125037
113.256151 23.142437 113.282452 23.163695
113.253101 23.13574 113.331185 23.128389
113.320856 23.117316 113.320092 23.155345
113.229501 23.125701 113.244546 23.13687
113.283571 23.135856 113.258082 23.12798
113.288666 23.12355 113.252947 23.203806
113.273962 23.205738 113.249138 23.151816
113.276302 23.130965 113.319432 23.12334
113.272399 23.136932 113.307048 23.136273
113.285349 23.151143 113.269127 23.146454
113.272403 23.127507 113.230278 23.105735
113.265508 23.154141 113.265437 23.133994
113.250407 23.108366 113.259498 23.198528
113.327297 23.129948 113.252968 23.109159
113.235845 23.116057 113.242508 23.141617
113.242818 23.166637 113.2634 23.163735
113.269342 23.177153 113.267363 23.140179
113.292621 23.124012 113.237595 23.114849
113.313232 23.185462 113.30557 23.154724
113.286143 23.152256 113.2687 23.138485
113.25915 23.131146 113.248219 23.146217
113.243978 23.138011 113.313514 23.145827
113.290674 23.156617 113.268188 23.14836
113.314929 23.126985 113.240324 23.098981
113.326084 23.14316 113.263893 23.161457
113.2672 23.106601 113.261054 23.114916
113.322406 23.122422 113.324693 23.139856
113.233107 23.109569 113.23385 23.141054
113.255791 23.133117 113.227935 23.1465
113.291928 23.142471 113.255725 23.161262
113.292451 23.145906 113.264938 23.141942
113.315608 23.162052 113.276984 23.128076
113.322554 23.170111 113.304383 23.128555
113.22598 23.102473 113.323015 23.132342
113.294869 23.132397 113.246703 23.112256
113.283251 23.152723 113.263523 23.147954
113.320457 23.151623 113.256854 23.165471
113.299209 23.130858 113.243087 23.117212
113.250664 23.203456 113.224534 23.137657
113.306123 23.136211 113.236559 23.115828
113.223962 23.107112 113.269743 23.100588
113.269076 23.099052 113.258308 23.114454
113.295446 23.129781 113.251616 23.109395
113.314868 23.128128 113.326561 23.145493
113.329758 23.122043 113.32191 23.139851
113.280376 23.134769 113.240791 23.112475
113.266616 23.171323 113.269391 23.147229
113.253709 23.200528 113.298137 23.148521
113.27637 23.143034 113.332937 23.100699
113.268494 23.185111 113.244906 23.150865
113.253134 23.13264 113.223723 23.13833
113.320012 23.176845 113.304879 23.129805
113.331814 23.143727 113.263701 23.162266
113.316139 23.171564 113.309616 23.138126
113.317961 23.179492 113.304525 23.15351
113.26169 23.136931 113.326295 23.131794
113.238825 23.11695 113.237893 23.140101
113.321027 23.112094 113.31729 23.149128
113.301533 23.137364 113.243491 23.113684
113.269412 23.144744 113.249181 23.119733
113.274895 23.147362 113.277348 23.127297
113.266187 23.144497 113.250371 23.128004
113.31178 23.135514 113.24022 23.11329
113.228792 23.100472 113.26856 23.099565
113.267465 23.130919 113.307242 23.137082
113.31584 23.173397 113.305245 23.134935
113.31324 23.135177 113.246592 23.116605
113.324217 23.148005 113.268386 23.165885
113.257322 23.133792 113.22565 23.147887
113.318514 23.115539 113.317501 23.15064
113.265916 23.148289 113.278338 23.204393
113.281153 23.137719 113.314284 23.124157
113.322905 23.169075 113.308256 23.138127
113.304714 23.115395 113.281201 23.111593
113.232711 23.114188 113.285996 23.132242
113.255012 23.135474 113.224747 23.138764
113.318644 23.181372 113.310524 23.15365
113.323913 23.145387 113.267019 23.160951
113.24529 23.109803 113.26042 23.194644
113.26309 23.103747 113.254665 23.112388
113.265932 23.108495 113.305556 23.130882
113.222969 23.127141 113.259686 23.159694
113.319312 23.125083 113.327601 23.142518
113.311902 23.11615 113.317303 23.142531
113.272267 23.127189 113.322666 23.156353
113.239226 23.142038 113.273901 23.124532
113.328072 23.151441 113.306967 23.148889
113.255995 23.196824 113.253752 23.148461
113.256656 23.124865 113.284494 23.135042
113.285682 23.112626 113.263863 23.118541
113.266266 23.102184 113.253427 23.115467
113.268838 23.170051 113.265945 23.140525
113.332696 23.137982 113.292005 23.131678
113.320096 23.11691 113.319992 23.15735
113.26604 23.208711 113.240164 23.206797
113.276545 23.113947 113.247836 23.116461
113.317779 23.13417 113.250774 23.116845
113.268553 23.109351 113.315669 23.147516
113.282249 23.157781 113.30936 23.137361
113.331898 23.146896 113.267081 23.167577
113.257827 23.204567 113.276767 23.208141
113.315416 23.159958 113.272946 23.126064
113.236878 23.116312 113.240158 23.144486
113.231143 23.119785 113.247573 23.134942
113.246893 23.153687 113.264891 23.145729
113.251188 23.154172 113.269073 23.139247
113.28991 23.128421 113.253548 23.122532
113.31433 23.130104 113.246404 23.108565
113.320013 23.1624 113.280519 23.141115
113.22962 23.173776 113.232567 23.126586
113.304731 23.100085 113.311451 23.15461
113.315451 23.109022 113.317404 23.152711
113.314946 23.115834 113.315211 23.1515
113.254466 23.145937 113.266678 23.127284
113.322301 23.146289 113.333195 23.167702
113.223196 23.118983 113.245941 23.132979
113.272118 23.140985 113.278119 23.203986
113.325931 23.177524 113.248934 23.156773
113.25104 23.111443 113.254256 23.198489
113.272601 23.131668 113.258608 23.163069
113.245267 23.205154 113.232235 23.133884
113.278985 23.137508 113.232696 23.108685
113.328669 23.139235 113.267897 23.167629
113.3034 23.104471 113.304306 23.156168
113.332443 23.167309 113.319113 23.191949
113.263417 23.134039 113.306491 23.137452
113.22538 23.158542 113.251649 23.119324
113.234769 23.119144 113.326739 23.127236
113.237093 23.138399 113.273505 23.123804
113.323366 23.142 113.270591 23.159878
113.271597 23.187926 113.252343 23.154984
113.265993 23.119569 113.318592 23.148502
113.293252 23.143675 113.278443 23.135775
113.301553 23.153624 113.332348 23.156764
113.259516 23.133596 113.24666 23.14222
113.242586 23.121675 113.278656 23.135423
113.25635 23.177181 113.244312 23.134538
113.277334 23.157286 113.305615 23.125468
113.320867 23.140801 113.332555 23.164852
113.251161 23.1702 113.246585 23.202569
113.31191 23.135825 113.322436 23.150512
113.246874 23.206355 113.228326 23.13311
113.243346 23.157022 113.266719 23.138696
113.302234 23.124273 113.264913 23.102625
113.266726 23.145062 113.264634 23.162964
113.285737 23.146512 113.257523 23.162951
113.30478 23.126177 113.26657 23.115732
113.302182 23.109867 113.225217 23.131921
113.322937 23.119963 113.233423 23.099979
113.302489 23.134448 113.251288 23.114228
113.323533 23.134845 113.318935 23.149684
113.287926 23.131233 113.246252 23.129508
113.317306 23.115991 113.317858 23.158295
113.256455 23.119585 113.289095 23.136336
113.322478 23.120528 113.326015 23.141251
113.313249 23.176663 113.309757 23.132152
113.268459 23.140492 113.251874 23.169175
113.264832 23.169414 113.266175 23.147375
113.285624 23.150641 113.266082 23.138912
113.261005 23.144803 113.265793 23.123116
113.248133 23.131842 113.263063 23.13868
113.273416 23.141806 113.32428 23.103475
113.281543 23.106105 113.323029 23.152653
113.244447 23.181996 113.253209 23.154804
113.25911 23.143999 113.276108 23.16213
113.263194 23.201999 113.306665 23.149095
113.311608 23.128697 113.329866 23.12377
113.259302 23.207192 113.274541 23.120512
113.26353 23.159154 113.281108 23.206459
113.318179 23.159456 113.314703 23.13412
113.249122 23.132817 113.266546 23.133142
113.267036 23.100868 113.253753 23.116058
113.258965 23.13309 113.244887 23.145649
113.324719 23.11977 113.318051 23.140565
113.307267 23.132537 113.316056 23.153159
113.324548 23.159065 113.313463 23.194195
113.26253 23.188075 113.318937 23.152795
113.255637 23.208818 113.298321 23.15322
113.283808 23.115092 113.267454 23.118751
113.274726 23.101717 113.321984 23.158256
113.253315 23.175912 113.268234 23.197901
113.249025 23.182261 113.223315 23.140171
113.271769 23.185335 113.244831 23.151567
113.274352 23.129433 113.270877 23.181235
113.249547 23.160479 113.226941 23.116263
113.329263 23.168508 113.316841 23.195071
113.327774 23.143487 113.264625 23.159513
113.314175 23.109777 113.316698 23.155169
113.280321 23.128952 113.317531 23.146826
113.239985 23.122601 113.279039 23.129908
113.271714 23.139132 113.26578 23.160134
113.298866 23.149568 113.32159 23.187215
113.250812 23.205124 113.23084 23.132002
113.296148 23.151409 113.314937 23.186273
113.259784 23.163536 113.322381 23.173052
113.31368 23.13439 113.27481 23.184915
113.250928 23.158603 113.269599 23.167421
113.320113 23.130967 113.280036 23.188529
113.289171 23.141783 113.26265 23.159181
113.303287 23.133219 113.233384 23.114941
113.243035 23.133862 113.265525 23.145799
113.236182 23.135599 113.311258 23.150877
113.224051 23.122979 113.246547 23.136674
113.234743 23.122779 113.27966 23.131634
113.332408 23.148167 113.267387 23.161297
113.249079 23.109764 113.260002 23.193373
113.24814 23.127091 113.253762 23.181444
113.29993 23.145122 113.27268 23.165448
113.298835 23.120404 113.271947 23.098408
113.302583 23.13426 113.248637 23.111272
113.227921 23.145475 113.327402 23.132431
113.291481 23.116393 113.264996 23.119712
113.227838 23.105498 113.271874 23.100434
113.32553 23.138429 113.265957 23.168529
113.316131 23.133767 113.30974 23.136122
113.280795 23.205231 113.264306 23.112073
113.241055 23.138732 113.278084 23.119452
113.323329 23.159006 113.317948 23.197936
113.299022 23.141246 113.329069 23.16677
113.321458 23.168631 113.312918 23.129541
113.295218 23.127459 113.270514 23.10737
113.270163 23.178045 113.264838 23.147198
113.293332 23.150474 113.319564 23.182429
113.314427 23.113069 113.318372 23.158151
113.315593 23.172017 113.311127 23.130345
113.260809 23.132411 113.245115 23.146661
113.294763 23.109344 113.225674 23.133836
113.234906 23.142173 113.281873 23.122677
113.26779 23.099701 113.261286 23.109722
113.259245 23.144962 113.265855 23.126065
113.230456 23.122695 113.272304 23.130164
113.246399 23.157326 113.278588 23.143417
113.286688 23.109942 113.263185 23.126097
113.296583 23.12706 113.267688 23.098723
113.264277 23.186873 113.25081 23.158234
113.245394 23.125652 113.262681 23.186652
113.311289 23.109819 113.275834 23.108964
113.310038 23.137097 113.318524 23.158185
113.245397 23.180676 113.260146 23.156876
113.259653 23.202379 113.280717 23.208334
113.291162 23.149043 113.267628 23.140342
113.302551 23.136043 113.249757 23.114086
113.321942 23.13167 113.25888 23.124286
113.318682 23.171148 113.307517 23.133953
113.302761 23.127672 113.264084 23.099479
113.2905 23.139135 113.267764 23.140922
113.326317 23.111579 113.277694 23.111146
113.278452 23.201044 113.266988 23.109272
113.324343 23.146645 113.263108 23.160948
113.319836 23.159397 113.273748 23.140777
113.327975 23.145359 113.264119 23.158709
113.318412 23.134895 113.300762 23.135105
113.324701 23.145446 113.272222 23.159947
113.301441 23.15652 113.315168 23.182074
113.26908 23.132188 113.30986 23.137215
113.249636 23.134957 113.267132 23.134187
113.26994 23.148485 113.268231 23.128947
113.233613 23.123633 113.273109 23.136067
113.22476 23.13985 113.327183 23.135422
113.250519 23.121104 113.253596 23.18786
113.266459 23.166038 113.287935 23.129851
113.270266 23.107855 113.255077 23.117944
113.305187 23.128254 113.323083 23.157864
113.256962 23.203269 113.301129 23.151295
113.309797 23.098041 113.308104 23.150858
113.23134 23.104537 113.265194 23.104637
113.242785 23.123904 113.305216 23.142033
113.259464 23.137085 113.328999 23.13632
113.315349 23.11155 113.315524 23.149602
113.286512 23.15213 113.269072 23.142371
113.22439 23.143984 113.32387 23.132484
113.233271 23.108442 113.284356 23.135837
113.312403 23.145413 113.330396 23.127069
113.269795 23.135429 113.253118 23.168272
113.266971 23.176193 113.270154 23.142937
113.256027 23.192365 113.246363 23.151542
113.257762 23.201123 113.317861 23.165815
113.263434 23.174996 113.269718 23.146004
113.319476 23.174114 113.312155 23.134807
113.296258 23.148594 113.28717 23.123361
113.268124 23.11459 113.306698 23.134213
113.272071 23.114966 113.320885 23.138618
113.272697 23.171274 113.264814 23.14285
113.223735 23.150907 113.279872 23.137513
113.238049 23.125899 113.28257 23.130429
113.258287 23.166347 113.316776 23.200132
113.249297 23.170982 113.260883 23.110957
113.318841 23.112688 113.320343 23.158145
113.317046 23.153945 113.254114 23.125758
113.26749 23.155181 113.266138 23.134056
113.294529 23.144196 113.275727 23.135283
113.327784 23.167619 113.322321 23.189175
113.327502 23.143885 113.268683 23.164741
113.322844 23.115158 113.316557 23.149264
113.328374 23.164013 113.322245 23.195421
113.278669 23.119187 113.303957 23.12461
113.24186 23.134587 113.30849 23.150999
113.250337 23.153631 113.278603 23.141569
113.27896 23.143371 113.305274 23.134336
113.268576 23.108709 113.320688 23.139864
113.266027 23.123915 113.321166 23.151503
113.317917 23.156642 113.311634 23.135328
113.31557 23.174464 113.304184 23.133855
113.252649 23.185683 113.230767 23.141164
113.22469 23.174854 113.24131 23.125772
113.322158 23.108189 113.321331 23.156436
113.224646 23.162685 113.248249 23.120399
113.223517 23.165695 113.250086 23.125129
113.283447 23.133756 113.253281 23.121885
113.289782 23.118969 113.260765 23.199301
113.314062 23.169094 113.310467 23.138152
113.26311 23.107286 113.25806 23.109926
113.316819 23.162329 113.279974 23.126999
113.273325 23.109966 113.32554 23.133666
113.314052 23.185132 113.305901 23.155762
113.329333 23.132624 113.232703 23.172703
113.267892 23.138474 113.24718 23.176251
113.28773 23.110418 113.272457 23.11862
113.290199 23.119679 113.303313 23.15708
113.290142 23.14891 113.26973 23.147635
113.27606 23.135313 113.271324 23.149467
113.244857 23.16398 113.224155 23.108381
113.30491 23.150815 113.325425 23.130337
113.25784 23.133988 113.249447 23.142008
113.275186 23.116608 113.247732 23.117144
113.269354 23.101191 113.256863 23.110449
113.314434 23.14566 113.329044 23.163445
113.261943 23.141221 113.263025 23.120876
113.288871 23.13861 113.262603 23.160295
113.284741 23.136249 113.245772 23.137707
113.316871 23.146526 113.324055 23.160639
113.314269 23.131787 113.25114 23.113949
113.225402 23.160621 113.245197 23.12624
113.27268 23.133972 113.310029 23.122823
113.25143 23.172999 113.258164 23.112838
113.285587 23.119641 113.239802 23.109547
113.248687 23.171884 113.252244 23.206856
113.270311 23.148486 113.270559 23.128072
113.269177 23.15331 113.271412 23.134363
113.272965 23.138543 113.325915 23.104655
113.306975 23.110335 113.317411 23.141761
113.2464 23.154921 113.279424 23.14465
113.255567 23.1367 113.325291 23.136355
113.30796 23.120055 113.29171 23.147694
113.302789 23.137264 113.248483 23.116553
113.226296 23.120526 113.247141 23.133765
113.245043 23.185918 113.229039 23.146072
113.259496 23.145885 113.264078 23.127328
113.326905 23.138416 113.269328 23.165118
113.291565 23.154506 113.267166 23.13943
113.327033 23.145343 113.266315 23.162059
113.278456 23.137392 113.313639 23.144891
113.242705 23.175564 113.244745 23.206672
113.285236 23.1554 113.272034 23.144592
113.332832 23.120228 113.321853 23.14544
113.291071 23.121758 113.236226 23.117188
113.23221 23.119601 113.257702 23.126689
113.25254 23.169164 113.257703 23.109384
113.326942 23.12828 113.281398 23.166038
113.316108 23.169819 113.304793 23.137218
113.329645 23.147159 113.264763 23.167191
113.328511 23.151467 113.294652 23.135231
113.293342 23.151063 113.290337 23.121459
113.228657 23.104749 113.316674 23.129286
113.318551 23.137462 113.250558 23.108074
113.248702 23.13579 113.320323 23.142989
113.269549 23.13121 113.312467 23.137223
113.269123 23.115353 113.314445 23.13992
113.234221 23.120651 113.331158 23.12344
113.273333 23.110381 113.243178 23.112142
113.303685 23.132642 113.267996 23.13145
113.30747 23.120132 113.223636 23.138595
113.223156 23.162742 113.244895 23.123519
113.259212 23.204318 113.302198 23.148444
113.232055 23.167814 113.247823 23.123348
113.285326 23.133496 113.251558 23.129139
113.26418 23.152592 113.27238 23.133355
113.3097 23.15797 113.328874 23.130137
113.262058 23.206383 113.322912 23.167311
113.256187 23.148085 113.280599 23.164472
113.313475 23.173376 113.311769 23.134738
113.327411 23.149503 113.304664 23.153008
113.32217 23.169162 113.305758 23.132817
113.243422 23.178458 113.255837 23.109236
113.32245 23.134998 113.305018 23.134573
113.257977 23.13092 113.248712 23.139906
113.312064 23.125176 113.263432 23.117795
113.284172 23.122646 113.307261 23.155344
113.294952 23.112745 113.226929 23.131912
113.269285 23.208036 113.303697 23.157516
113.245044 23.17826 113.261542 23.113509
113.326194 23.111496 113.282064 23.111324
113.272673 23.110981 113.320123 23.139532
113.291624 23.108512 113.270793 23.122151
113.268532 23.153544 113.271824 23.129709
113.258878 23.18178 113.319722 23.152264
113.267444 23.151152 113.267314 23.138097
113.266901 23.140314 113.244098 23.126744
113.275473 23.12652 113.319898 23.123438
113.31454 23.152478 113.277515 23.150299
113.32357 23.113482 113.277602 23.117399
113.246903 23.186674 113.256082 23.150933
113.300041 23.109165 113.225846 23.133326
113.316053 23.117292 113.317392 23.152768
113.253511 23.13299 113.330684 23.137104
113.293244 23.133151 113.251992 23.115752
113.307549 23.124565 113.267357 23.10845
113.263899 23.104473 113.259458 23.114024
113.240262 23.112182 113.25541 23.174992
113.277517 23.117855 113.245647 23.111505
113.319984 23.18811 113.308307 23.155111
113.272335 23.118 113.311017 23.129056
113.302044 23.129414 113.2507 23.111256
113.30602 23.123863 113.223556 23.145747
113.326154 23.130893 113.259196 23.114792
113.246604 23.165967 113.264118 23.159927
113.279546 23.203721 113.252571 23.157553
113.327259 23.143889 113.266001 23.168149
113.275167 23.124702 113.317304 23.120326
113.304406 23.12624 113.283573 23.147612
113.308771 23.105361 113.309441 23.154511
113.242637 23.15157 113.303699 23.148055
113.308128 23.134254 113.222466 23.105964
113.306736 23.117674 113.318222 23.142937
113.242936 23.203981 113.226113 23.128494
113.267048 23.133294 113.312202 23.127032
113.275512 23.105036 113.316891 23.150464
113.331476 23.117797 113.275982 23.112133
113.314547 23.168207 113.277863 23.118432
113.294293 23.138757 113.275117 23.13414
113.330061 23.147214 113.269852 23.167071
113.284514 23.140894 113.260734 23.162953
113.230421 23.158531 113.25154 23.125494
113.264091 23.130835 113.306269 23.136009
113.268796 23.104114 113.253822 23.109388
113.322063 23.118261 113.233261 23.099896
113.257424 23.174454 113.250703 23.13399
