113.267096 23.135016 113.25724 23.167674
113.247022 23.2078 113.224644 23.135962
113.300598 23.163523 113.271981 23.168401
113.318375 23.156014 113.276534 23.151263
113.28081 23.153438 113.310113 23.118626
113.301044 23.125844 113.26578 23.106917
113.296668 23.113033 113.224667 23.137509
113.278523 23.099759 113.250169 23.12192
113.304801 23.13498 113.222727 23.098372
113.235341 23.12269 113.326894 23.120211
113.270362 23.109571 113.317971 23.141047
113.283904 23.129571 113.259246 23.155721
113.326816 23.159246 113.320518 23.192896
113.258746 23.185206 113.313933 23.15418
113.270591 23.146349 113.250355 23.124229
113.258496 23.197123 113.249973 23.157244
113.238587 23.114092 113.283427 23.135379
113.31801 23.108831 113.317538 23.158162
113.231134 23.154179 113.276986 23.138148
113.240464 23.114075 113.233612 23.140565
113.305357 23.133913 113.263391 23.130201
113.24968 23.108342 113.253662 23.191534
113.310228 23.15668 113.325833 23.13021
113.297132 23.122102 113.269845 23.106477
113.293156 23.161034 113.26995 23.160318
113.262997 23.104689 113.258516 23.113075
113.330569 23.116587 113.273396 23.113907
113.266136 23.140764 113.276791 23.201337
113.307186 23.108664 113.281 23.111909
113.297643 23.166911 113.270212 23.165843
113.306433 23.129069 113.222671 23.098237
113.250016 23.122875 113.252809 23.190609
113.246352 23.130926 113.278766 23.128259
113.271491 23.139437 113.251724 23.176726
113.243539 23.184474 113.257423 23.155676
113.269269 23.101064 113.261205 23.108816
113.277363 23.155406 113.310392 23.128897
113.257337 23.147511 113.281527 23.16009
113.243002 23.137637 113.271697 23.133144
113.272901 23.116414 113.330534 23.129347
113.299766 23.167163 113.270587 23.160531
113.256962 23.186508 113.321055 23.149491
113.235108 23.132108 113.306147 23.156391
113.229264 23.170993 113.240009 23.127629
113.265136 23.120318 113.224488 23.101255
113.296961 23.131016 113.247117 23.115746
113.317556 23.15123 113.252974 23.120429
113.258582 23.128245 113.327997 23.136343
113.251673 23.126808 113.303137 23.139123
113.271727 23.18812 113.25133 23.149134
113.257453 23.12005 113.284738 23.133961
113.320602 23.182302 113.309859 23.152823
113.245024 23.113382 113.260583 23.195816
113.27896 23.14475 113.258053 23.184451
113.319909 23.164959 113.277591 23.122268
113.243586 23.133559 113.305938 23.121743
113.321393 23.183459 113.304411 23.155456
113.269921 23.137022 113.311427 23.134813
113.315652 23.111522 113.322207 23.149624
113.257296 23.182311 113.316443 23.154744
113.265835 23.131065 113.305756 23.137253
113.24947 23.118795 113.258296 23.18404
113.274187 23.205524 113.270029 23.109087
113.256539 23.208845 113.276175 23.11952
113.276795 23.130565 113.272313 23.18113
113.273828 23.116057 113.248463 23.116951
113.300282 23.129441 113.249102 23.118076
113.241537 23.148117 113.275305 23.124429
113.3228 23.125263 113.240384 23.098343
113.303317 23.133337 113.316764 23.160685
113.275804 23.132008 113.26785 23.178909
113.258371 23.179865 113.322478 23.155294
113.322428 23.151611 113.304204 23.137093
113.310014 23.128883 113.284489 23.122335
113.270531 23.119785 113.224847 23.103335
113.255008 23.176899 113.266638 23.194036
113.292078 23.137814 113.261164 23.12059
113.301229 23.134145 113.252464 23.111739
113.303383 23.137614 113.239726 23.109729
113.283586 23.118041 113.263729 23.12049
113.320579 23.156935 113.30605 23.13477
113.314539 23.151147 113.268444 23.181377
113.273811 23.105169 113.242804 23.12644
113.27525 23.109347 113.330901 23.131294
113.314422 23.156954 113.269227 23.182462
113.241839 23.145525 113.282074 23.120746
113.315266 23.126252 113.329804 23.148073
113.261904 23.202472 113.318244 23.165837
113.300158 23.12787 113.272739 23.104302
113.26791 23.147416 113.27143 23.159603
113.298473 23.164824 113.266999 23.164147
113.271312 23.208745 113.274523 23.119141
113.276162 23.112282 113.332216 23.134888
113.322624 23.156492 113.262379 23.161195
113.259492 23.126155 113.285078 23.128757
113.261506 23.162831 113.316444 23.169875
113.301379 23.168115 113.262978 23.167392
113.26489 23.18025 113.247262 23.156459
113.32037 23.112734 113.317903 23.155614
113.277831 23.153558 113.312396 23.129722
113.276301 23.155447 113.307462 23.132296
113.23051 23.119038 113.245759 23.135969
113.256679 23.111947 113.290545 23.143344
113.279049 23.108163 113.252436 23.110385
113.25067 23.16035 113.270206 23.19013
113.263803 23.158216 113.272045 23.137738
113.263057 23.207465 113.241765 23.199916
113.2958 23.135584 113.247619 23.109808
113.266679 23.13254 113.258006 23.167559
113.273104 23.158262 113.306578 23.120751
113.318444 23.135352 113.255336 23.120255
113.298953 23.164325 113.267546 23.161992
113.30487 23.131719 113.321836 23.167572
113.278096 23.203982 113.266964 23.115239
113.316041 23.116619 113.313988 23.151859
113.331725 23.113402 113.27539 23.113781
113.261771 23.150755 113.291499 23.139716
113.23299 23.144581 113.278692 23.125979
113.255496 23.147502 113.27681 23.158771
113.301325 23.143538 113.266613 23.160279
113.269853 23.155416 113.269734 23.12139
113.272845 23.177034 113.263609 23.147406
113.271687 23.176233 113.267816 23.145121
113.26638 23.104372 113.257857 23.114415
113.243109 23.170032 113.255313 23.115293
113.256968 23.184134 113.320544 23.157381
113.249438 23.167099 113.265609 23.162787
113.288954 23.1501 113.27139 23.139419
113.325825 23.168229 113.321385 23.19281
113.29182 23.156308 113.263655 23.145622
113.319733 23.158301 113.261317 23.119955
113.230042 23.105753 113.315565 23.138058
113.255041 23.130554 113.243516 23.139939
113.258761 23.132322 113.252279 23.144978
113.292353 23.122692 113.236096 23.109756
113.329363 23.13283 113.32117 23.152183
113.326074 23.114467 113.275291 23.111227
113.269328 23.16147 113.285172 23.136638
113.313254 23.119336 113.327207 23.144194
113.323604 23.157394 113.311198 23.151142
113.250636 23.178764 113.22801 23.145127
113.257704 23.114725 113.285318 23.145548
113.322972 23.166966 113.273155 23.147556
113.282185 23.101878 113.318621 23.149457
113.246993 23.208781 113.222517 23.134418
113.277166 23.203844 113.263943 23.11791
113.298623 23.134472 113.249214 23.10862
113.268062 23.120786 113.315959 23.128389
113.302219 23.154394 113.331916 23.151305
113.305967 23.108168 113.32229 23.143832
113.30066 23.126445 113.271525 23.10756
113.315396 23.153667 113.269697 23.164525
113.280163 23.130138 113.260482 23.109637
113.279892 23.12814 113.317547 23.122479
113.315206 23.176478 113.310891 23.130982
113.279686 23.124047 113.305338 23.122955
113.279524 23.205511 113.265689 23.117467
113.282585 23.123136 113.313826 23.126555
113.322132 23.149482 113.252812 23.123149
113.23017 23.10779 113.315229 23.13786
113.249804 23.166647 113.265476 23.191196
113.245161 23.148926 113.273289 23.139777
113.329855 23.111874 113.27763 23.11207
113.250304 23.117358 113.259164 23.193342
113.311892 23.109215 113.281061 23.110085
113.324804 23.164785 113.321768 23.198397
113.297311 23.168511 113.263731 23.167902
113.279912 23.13548 113.237203 23.112301
113.331008 23.144539 113.267641 23.158698
113.325956 23.166195 113.321213 23.193847
113.301329 23.136905 113.248555 23.112499
113.228844 23.100176 113.313424 23.132449
113.32153 23.113306 113.320619 23.152454
113.329603 23.150722 113.300944 23.130145
113.300284 23.154886 113.326485 23.149253
113.329487 23.113737 113.277392 23.111552
113.317246 23.145399 113.330274 23.159781
113.302254 23.142907 113.328629 23.159866
113.311499 23.130533 113.241646 23.116189
113.240164 23.135282 113.312652 23.156356
113.305542 23.112507 113.320603 23.142159
113.234947 23.118623 113.278806 23.132819
113.268662 23.155051 113.267911 23.122873
113.314087 23.142162 113.324669 23.161256
113.250044 23.125304 113.258174 23.182752
113.291554 23.115396 113.267419 23.121588
113.295974 23.167673 113.27253 23.159285
113.250993 23.124007 113.257264 23.179904
113.323815 23.109437 113.274946 23.11039
113.295191 23.158246 113.314984 23.185438
113.26008 23.172352 113.265022 23.190972
113.271441 23.108961 113.306964 23.137138
113.252783 23.113257 113.290916 23.141093
113.280348 23.1204 113.317288 23.123449
113.270657 23.137928 113.308853 23.132386
113.330151 23.166865 113.319912 23.192932
113.245651 23.132564 113.319465 23.140239
113.323148 23.141307 113.325949 23.160871
113.298747 23.154779 113.283785 23.118862
113.302791 23.130422 113.248245 23.112548
113.322475 23.154639 113.268396 23.161693
113.322903 23.121444 113.233955 23.098097
113.310713 23.114134 113.281315 23.111272
113.332542 23.133016 113.316814 23.153627
113.236538 23.119741 113.281143 23.138014
113.310389 23.109354 113.316828 23.145683
113.293365 23.13891 113.278148 23.129979
113.246152 23.120723 113.256387 23.184759
113.256419 23.204567 113.282538 23.203891
113.271595 23.162067 113.251028 23.117645
113.273439 23.124647 113.311581 23.126623
113.322509 23.115852 113.313288 23.149454
113.276829 23.149278 113.30564 23.118493
113.247404 23.169307 113.262529 23.108985
113.295823 23.136523 113.244051 23.113849
113.293357 23.151043 113.283638 23.118774
113.245373 23.137914 113.278781 23.13608
113.323684 23.177758 113.244758 23.150905
113.237905 23.116273 113.236857 23.140158
113.280332 23.145052 113.311931 23.130612
113.235474 23.128983 113.310553 23.152724
113.28634 23.116561 113.264272 23.12223
113.31316 23.122748 113.264644 23.112728
113.272139 23.139023 113.252271 23.121553
113.326714 23.164296 113.321185 23.194477
113.293249 23.151389 113.33131 23.151826
113.287859 23.129751 113.31681 23.127179
113.305302 23.120406 113.287358 23.144622
113.250999 23.127676 113.257031 23.195783
113.281559 23.116569 113.332899 23.13329
113.224247 23.177258 113.234772 23.12629
113.27762 23.15733 113.306451 23.127423
113.31584 23.115387 113.315583 23.15205
113.252629 23.187267 113.229244 23.143068
113.30011 23.167242 113.270834 23.165744
113.324965 23.177361 113.249855 23.151807
113.253488 23.118447 113.318114 23.153952
113.2631 23.129609 113.260462 23.161408
113.323587 23.139681 113.269948 23.167305
113.248977 23.128618 113.281209 23.135232
113.253217 23.190814 113.262169 23.155932
113.317819 23.162465 113.315266 23.130194
113.266945 23.16441 113.248448 23.1143
113.244492 23.157495 113.304397 23.141728
113.280967 23.149251 113.311118 23.137059
113.282539 23.138919 113.277098 23.125064
113.224673 23.153122 113.275118 23.132974
113.242489 23.140782 113.279906 23.12531
113.28094 23.205829 113.269561 23.112378
113.294382 23.131389 113.247088 23.117445
113.268164 23.148872 113.270236 23.127162
113.331933 23.108413 113.274873 23.114822
113.2504 23.167813 113.266918 23.189541
113.267952 23.127963 113.319058 23.136572
113.253169 23.202001 113.272979 23.1989
113.320118 23.153796 113.308882 23.135102
113.325761 23.160848 113.31461 23.196676
113.281376 23.156417 113.304774 23.126074
113.273062 23.155359 113.31099 23.127423
113.284099 23.156116 113.27058 23.144914
113.27036 23.160197 113.280671 23.205907
113.297657 23.150417 113.288147 23.11938
113.320398 23.128807 113.262489 23.121467
113.224046 23.167446 113.251093 23.126608
113.255305 23.127832 113.315094 23.154542
113.253673 23.161628 113.259738 23.102402
113.296013 23.130822 113.245362 23.11811
113.294346 23.119318 113.26907 23.100645
113.262938 23.102448 113.260767 23.115419
113.230019 23.152866 113.281017 23.128758
113.323005 23.11715 113.32068 23.149552
113.273225 23.116809 113.251885 23.116901
113.310749 23.117508 113.323148 23.144257
113.253032 23.13943 113.272041 23.122572
113.294448 23.163148 113.271925 23.165513
113.260326 23.134689 113.251728 23.143361
113.244745 23.124628 113.25573 23.181443
113.29476 23.137449 113.250286 23.11503
113.243309 23.115047 113.262088 23.191093
113.226762 23.10309 113.321302 23.130243
113.316634 23.124318 113.332197 23.140605
113.252897 23.154458 113.274094 23.13039
113.259166 23.168294 113.258332 23.100073
113.291712 23.129436 113.246496 23.151773
113.31877 23.18441 113.311746 23.149937
113.306705 23.131953 113.266521 23.13205
113.313217 23.119727 113.23564 23.101415
113.307767 23.128081 113.23104 23.147761
113.317809 23.153343 113.309695 23.133793
113.332418 23.130976 113.257551 23.110084
113.284006 23.156304 113.269715 23.141311
113.235545 23.13744 113.311825 23.152077
113.312998 23.110636 113.319675 23.145396
113.289497 23.141782 113.262422 23.167427
113.315021 23.157285 113.265739 23.183486
113.235112 23.120537 113.274307 23.129676
113.254843 23.18728 113.322868 23.153897
113.265665 23.185431 113.244944 23.155785
113.273255 23.103373 113.320644 23.154773
113.307718 23.1514 113.326662 23.130545
113.254496 23.112274 113.290863 23.142238
113.254724 23.157146 113.275198 23.136508
113.320479 23.171565 113.307714 23.130928
113.30887 23.157143 113.33026 23.137523
113.27901 23.131939 113.320839 23.141451
113.313854 23.176546 113.308537 23.137884
113.260099 23.185851 113.319128 23.155303
113.297548 23.166754 113.266479 23.160479
113.241729 23.108665 113.292147 23.132026
113.320771 23.176683 113.307548 23.136867
113.285911 23.136958 113.24972 23.131773
113.266116 23.153937 113.268854 23.123957
113.287178 23.113168 113.264604 23.120319
113.273975 23.158417 113.305242 23.128792
113.250141 23.164884 113.269052 23.195114
113.29653 23.126377 113.26912 23.10766
113.248722 23.127885 113.262141 23.193907
113.22958 23.10226 113.319047 23.129961
113.266884 23.142947 113.278899 23.200763
113.279104 23.100325 113.319773 23.15062
113.329015 23.17127 113.251284 23.154056
113.248633 23.156962 113.264899 23.147977
113.328675 23.128607 113.239512 23.171305
113.232866 23.116336 113.254776 23.176954
113.245658 23.165953 113.270464 23.196997
113.258074 23.122216 113.285743 23.132799
113.2866 23.149794 113.272033 23.144045
113.273017 23.151589 113.305209 23.12772
113.300932 23.14641 113.272623 23.163669
113.251493 23.122295 113.305841 23.142567
113.298278 23.113447 113.230173 23.128841
113.251047 23.166381 113.268994 23.192071
113.289911 23.109173 113.263577 23.121859
113.279135 23.152358 113.304846 23.135051
113.272647 23.180818 113.247712 23.1574
113.320905 23.11374 113.313733 23.155908
113.233363 23.147426 113.281188 23.123286
113.274502 23.129965 113.239587 23.111642
113.281196 23.11462 113.247896 23.110584
113.244929 23.12432 113.303626 23.14085
113.285885 23.131425 113.258092 23.123785
113.258096 23.206351 113.321454 23.160271
113.328957 23.124856 113.322509 23.141206
113.328127 23.16365 113.319701 23.197978
113.280293 23.136067 113.316518 23.142599
113.254087 23.162616 113.255108 23.10619
113.329698 23.114737 113.282111 23.113562
113.322891 23.151879 113.265701 23.160102
113.299308 23.147875 113.331517 23.162042
113.30535 23.146434 113.284689 23.126865
113.293354 23.11739 113.22292 23.136478
113.276948 23.12543 113.312844 23.123045
113.23939 23.108672 113.253512 23.169795
113.237082 23.116108 113.259137 23.173256
113.323551 23.178175 113.250179 23.154086
113.282746 23.137183 113.320251 23.145193
113.304551 23.154268 113.331598 23.132174
113.243781 23.133338 113.28223 23.129994
113.316785 23.14343 113.328082 23.158738
113.303192 23.151465 113.330522 23.133031
113.312749 23.128145 113.270981 23.109498
113.257982 23.186271 113.322091 23.152911
113.237317 23.13792 113.305738 23.149341
113.325751 23.163067 113.31441 23.189682
113.274516 23.153042 113.309828 23.137194
113.226096 23.126216 113.261926 23.164758
113.250594 23.162268 113.266131 23.194102
113.228219 23.105311 113.269016 23.098038
113.235336 23.120663 113.276611 23.13152
113.240062 23.135819 113.30408 23.157671
113.333014 23.174861 113.243346 23.148919
113.279645 23.15383 113.305176 23.127099
113.228706 23.175631 113.238906 23.119234
113.256997 23.194735 113.257411 23.148532
113.281205 23.150863 113.309251 23.123494
113.307801 23.123888 113.333124 23.135807
113.261035 23.185577 113.314967 23.151018
113.250297 23.123727 113.304085 23.146777
113.273205 23.115384 113.244036 23.111516
113.268721 23.163035 113.279172 23.200525
113.327937 23.121263 113.314523 23.139374
113.301185 23.157802 113.320441 23.179531
113.304055 23.142747 113.290851 23.122365
113.230851 23.102414 113.317493 23.130562
113.320756 23.140485 113.331703 23.167334
113.278927 23.203177 113.269444 23.112059
113.267719 23.11662 113.303365 23.132974
113.259394 23.194929 113.247965 23.155145
113.306237 23.131686 113.269838 23.13421
113.263881 23.185607 113.247533 23.158069
113.249879 23.155093 113.305736 23.143243
113.222843 23.140942 113.325628 23.13391
113.274333 23.1522 113.309142 23.125213
113.232696 23.131246 113.311486 23.155387
113.280685 23.109822 113.328541 23.13784
113.250514 23.121941 113.309782 23.141485
113.318236 23.17533 113.312092 23.135762
113.261007 23.153003 113.22474 23.132751
113.298639 23.138317 113.32538 23.161103
113.324128 23.108039 113.273546 23.11685
113.310671 23.146669 113.275124 23.100339
113.225241 23.172775 113.233105 23.121544
113.312554 23.104849 113.304942 23.155812
113.253326 23.202442 113.279945 23.120385
113.251771 23.175954 113.24389 23.203463
113.254843 23.183623 113.316528 23.154229
113.318735 23.161724 113.280423 23.144856
113.239853 23.116305 113.296058 23.154657
113.244244 23.123355 113.257782 23.182002
113.251948 23.132375 113.262963 23.136928
113.243874 23.109824 113.259912 23.195768
113.295871 23.152199 113.323859 23.151676
113.298706 23.155931 113.319806 23.182484
113.306968 23.132638 113.32428 23.126667
113.229668 23.10072 113.318479 23.137073
113.279186 23.199024 113.271834 23.110816
113.325637 23.155433 113.307828 23.154256
113.317084 23.169237 113.303487 23.131034
113.239135 23.131472 113.309 23.154394
113.254627 23.148864 113.225035 23.131595
113.327337 23.113384 113.278356 23.115047
113.257208 23.15305 113.277717 23.130282
113.26984 23.145871 113.280943 23.200114
113.325207 23.176158 113.245818 23.153152
113.246902 23.127589 113.257511 23.1868
113.255238 23.142885 113.277171 23.159182
113.263563 23.185131 113.244355 23.151895
113.246857 23.161557 113.26545 23.189309
113.245071 23.136906 113.282853 23.136364
113.238852 23.117783 113.293715 23.15108
113.322325 23.110197 113.314624 23.155138
113.332429 23.126215 113.317501 23.145678
113.326729 23.122453 113.322478 23.145915
113.261522 23.143267 113.272553 23.124643
113.302089 23.136621 113.243132 23.109888
113.296646 23.165623 113.265909 23.168498
113.313341 23.147136 113.326145 23.162584
113.229856 23.14063 113.326357 23.137133
113.333202 23.127624 113.313443 23.142741
113.249645 23.120306 113.260004 23.187914
113.236641 23.145279 113.282056 23.127707
113.317717 23.124572 113.23623 23.10101
113.272343 23.148003 113.251354 23.118594
113.310959 23.117199 113.273343 23.109679
113.246591 23.118126 113.307995 23.141818
113.318674 23.148404 113.279349 23.157043
113.294508 23.121206 113.272259 23.103076
113.320217 23.115509 113.314986 23.152891
113.288359 23.158319 113.26823 23.147136
113.262549 23.122088 113.289819 23.135993
113.314111 23.130656 113.30396 23.136871
113.295869 23.14186 113.269489 23.159889
113.226528 23.120046 113.268249 23.129228
113.276647 23.128798 113.2608 23.113384
113.25417 23.111101 113.315837 23.139854
113.321116 23.156901 113.252878 23.11849
113.253322 23.17951 113.319975 23.153679
113.302294 23.13046 113.252483 23.111493
113.244581 23.121674 113.254419 23.187708
113.301974 23.144197 113.326957 23.163438
113.255871 23.182689 113.322521 23.153291
113.331236 23.119486 113.317398 23.139519
113.262794 23.158778 113.249282 23.109031
113.282538 23.137351 113.26539 23.188144
113.302701 23.124647 113.265659 23.099661
113.27354 23.202594 113.250635 23.155581
113.288063 23.130265 113.245569 23.130277
113.247361 23.163759 113.26488 23.164145
113.328793 23.17198 113.242619 23.158272
113.281949 23.151622 113.31095 23.129465
113.253326 23.119896 113.284688 23.123666
113.261897 23.170922 113.272067 23.195888
113.244816 23.172501 113.247883 23.207788
113.268534 23.129896 113.305059 23.124183
113.263435 23.101943 113.262126 23.116672
113.330761 23.143418 113.264036 23.16692
113.266166 23.164751 113.320717 23.131485
113.255366 23.119493 113.322472 23.156637
113.318939 23.113807 113.317832 23.153694
113.282769 23.154779 113.304431 23.133578
113.306098 23.149737 113.326798 23.136421
113.293555 23.142345 113.327702 23.160337
113.268961 23.169434 113.268669 23.146835
113.318382 23.121712 113.24259 23.103473
113.285113 23.119658 113.312904 23.152624
113.267551 23.129948 113.307758 23.134547
113.228098 23.152073 113.275338 23.131835
113.259653 23.200903 113.295561 23.15183
113.269112 23.099201 113.255055 23.113754
113.252197 23.178924 113.26055 23.15367
113.312548 23.135264 113.318041 23.167877
113.293033 23.140561 113.328772 23.161934
113.331416 23.127959 113.31565 23.14089
113.326362 23.15999 113.321394 23.194882
113.287819 23.150967 113.268222 23.138952
113.256249 23.161073 113.26047 23.103749
113.252915 23.178509 113.250173 23.134832
113.269319 23.140529 113.248025 23.17084
113.256699 23.162652 113.318374 23.170626
113.272482 23.137114 113.312304 23.132154
113.297518 23.114384 113.225608 23.13328
113.260955 23.17547 113.266268 23.192661
113.251675 23.149371 113.305072 23.138653
113.272068 23.129588 113.308987 23.133255
113.281024 23.10491 113.244254 23.125143
113.226484 23.164135 113.248299 23.124922
113.273261 23.149481 113.304623 23.138127
113.310475 23.138775 113.285355 23.124609
113.322717 23.122852 113.233134 23.101268
113.321978 23.10854 113.314003 23.149696
113.260356 23.195118 113.243928 23.157706
113.271857 23.110852 113.314136 23.142082
113.280566 23.154416 113.303147 23.119798
113.294408 23.146485 113.270007 23.160089
113.229077 23.1679 113.251156 23.127219
113.275476 23.201959 113.268405 23.113963
113.266873 23.137219 113.31185 23.124855
113.305731 23.129138 113.330335 23.120501
113.245089 23.115955 113.254542 23.193915
113.298707 23.131108 113.249957 23.115726
113.315547 23.118105 113.32268 23.148943
113.306125 23.125744 113.332825 23.130474
113.232571 23.132452 113.311477 23.150818
113.293875 23.158177 113.285774 23.126886
113.284329 23.10859 113.264002 23.11965
113.239059 23.109322 113.240977 23.143063
113.247452 23.134662 113.276391 23.129145
113.242866 23.186378 113.259359 23.1485
113.259116 23.202142 113.27491 23.122669
113.249548 23.13591 113.263387 23.147607
113.332512 23.165197 113.320906 23.197664
113.249036 23.148961 113.307073 23.144086
113.247938 23.205449 113.223243 23.130517
113.251412 23.110168 113.253789 23.194079
113.238649 23.135799 113.312148 23.152809
113.249545 23.129985 113.31623 23.143052
113.299503 23.161521 113.266608 23.167408
113.279391 23.206195 113.246633 23.152464
113.255051 23.138807 113.272753 23.124288
113.252916 23.178861 113.321129 23.156908
113.320011 23.114511 113.318599 23.150087
113.236604 23.129719 113.311899 23.156524
113.271766 23.145633 113.265008 23.161588
113.259965 23.137924 113.247022 23.141734
113.252911 23.143519 113.276016 23.164851
113.224162 23.107891 113.313818 23.136139
113.318617 23.147661 113.32672 23.163137
113.248849 23.172242 113.254381 23.116384
113.261788 23.140273 113.280328 23.158745
113.280112 23.205905 113.243589 23.152252
113.321618 23.116074 113.314632 23.157511
113.252429 23.199139 113.22347 23.137383
113.278662 23.151782 113.311593 23.124487
113.298998 23.158133 113.316329 23.179645
113.276963 23.205955 113.248094 23.153499
113.278713 23.20545 113.266451 23.116824
113.260374 23.117153 113.289252 23.145891
113.260173 23.188975 113.252801 23.157505
113.330856 23.11485 113.282769 23.116296
113.26589 23.139884 113.248488 23.120883
113.224044 23.106212 113.316567 23.136169
113.301776 23.145025 113.264044 23.163285
113.320349 23.113322 113.314737 23.150132
113.326127 23.139035 113.263579 23.167539
113.277375 23.202781 113.252474 23.152753
113.301686 23.138311 113.278517 23.13477
113.234371 23.143514 113.273942 23.120473
113.310741 23.154552 113.333321 23.134954
113.314296 23.135953 113.257183 23.120648
113.302005 23.147107 113.331402 23.16095
113.288797 23.132 113.321432 23.121644
113.318889 23.111312 113.318318 23.148861
113.260371 23.120382 113.28773 23.131988
113.238326 23.116116 113.236455 23.139477
113.267466 23.120714 113.31755 23.152236
113.316763 23.154121 113.261513 23.124333
113.256151 23.164986 113.318258 23.202565
113.275774 23.121208 113.312921 23.119233
113.26374 23.205232 113.275363 23.118694
113.307161 23.113348 113.28167 23.108731
113.302468 23.148234 113.329271 23.167283
113.280011 23.113583 113.243555 23.110388
113.232588 23.118441 113.325431 23.127126
113.310697 23.130625 113.285147 23.124639
113.257924 23.154333 113.28389 23.147472
113.309307 23.13805 113.320886 23.151913
113.236862 23.132658 113.307197 23.156828
113.329902 23.130291 113.279471 23.166861
113.313861 23.149884 113.269534 23.163351
113.279208 23.157204 113.306724 23.121916
113.331014 23.114776 113.280364 23.115803
113.298929 23.167139 113.26435 23.165888
113.320846 23.151433 113.257609 23.125153
113.261861 23.111164 113.289174 23.147587
113.316081 23.142821 113.332019 23.160654
113.295409 23.136983 113.246377 23.108261
113.291993 23.123073 113.254394 23.205376
113.246745 23.12106 113.25271 23.190143
113.281759 23.108805 113.326956 23.130209
113.255119 23.145387 113.268098 23.126108
