113.228084 23.175406 113.232956 23.125412
113.246637 23.117206 113.258334 23.191832
113.320729 23.137059 113.244746 23.111606
113.27302 23.207441 113.248004 23.152602
113.238436 23.117539 113.235792 23.140578
113.267844 23.202285 113.273391 23.120034
113.266385 23.203995 113.313123 23.154651
113.307823 23.111865 113.32191 23.143743
113.246979 23.167867 113.2677 23.196025
113.315066 23.138397 113.324428 23.162185
113.222925 23.124835 113.24686 23.131476
113.282806 23.150437 113.311632 23.134761
113.260927 23.197654 113.242832 23.149429
113.254446 23.206886 113.299169 23.153903
113.25356 23.130711 113.231075 23.148174
113.310867 23.125338 113.289691 23.142749
113.237024 23.138931 113.275729 23.12813
113.225501 23.126283 113.259809 23.121597
113.251777 23.12594 113.31253 23.145381
113.323354 23.144608 113.271557 23.165869
113.234896 23.117726 113.25447 23.178059
113.321721 23.183872 113.310096 23.15485
113.330846 23.143486 113.271126 23.162992
113.258507 23.203267 113.323139 23.160882
113.27581 23.13029 113.236176 23.114161
113.32771 23.137165 113.322665 23.155738
113.257905 23.190486 113.261291 23.155448
113.296684 23.119321 113.27186 23.103796
113.283727 23.116033 113.262866 23.120751
113.302715 23.156317 113.330636 23.149355
113.242511 23.115232 113.296506 23.148569
113.274572 23.133103 113.319094 23.119924
113.269695 23.105658 113.260321 23.108584
113.274416 23.132448 113.270191 23.183907
113.259004 23.123699 113.287934 23.131809
113.277631 23.198995 113.247749 23.150699
113.227706 23.138727 113.331561 23.129696
113.313865 23.181048 113.311564 23.154003
113.306738 23.118279 113.290329 23.147827
113.257858 23.17671 113.246253 23.131532
113.305075 23.121226 113.267238 23.116203
113.265301 23.168421 113.251848 23.116098
113.231854 23.118403 113.270926 23.133727
113.319182 23.127918 113.239329 23.099298
113.267991 23.154407 113.262912 23.118561
113.241194 23.116339 113.284358 23.129579
113.313224 23.129266 113.256946 23.12726
113.252962 23.193649 113.249477 23.150911
113.289978 23.135478 113.247072 23.155182
113.237826 23.108218 113.241528 23.14221
113.223339 23.175664 113.237785 23.120492
113.281703 23.150465 113.311379 23.125439
113.330038 23.161235 113.318132 23.194002
113.299888 23.129019 113.251764 23.109406
113.264406 23.16064 113.321151 23.137214
113.230554 23.165461 113.247063 23.127692
113.266788 23.159866 113.276708 23.198875
113.231908 23.159616 113.245946 23.119844
113.326759 23.130944 113.250051 23.13722
113.243886 23.16603 113.266176 23.19052
113.291112 23.114602 113.270984 23.1243
113.23842 23.111052 113.301479 23.155297
113.271074 23.103107 113.261115 23.109193
113.27123 23.12907 113.310393 23.126996
113.225422 23.175514 113.238929 23.122032
113.232701 23.108095 113.235141 23.139305
113.261961 23.172632 113.243025 23.13656
113.270067 23.199062 113.281224 23.122361
113.281125 23.104855 113.251542 23.118405
113.28349 23.126424 113.234274 23.115528
113.30441 23.119305 113.328174 23.129616
113.27102 23.098786 113.257769 23.110295
113.325159 23.169866 113.250314 23.155523
113.250705 23.17215 113.251793 23.201672
113.244077 23.124449 113.258137 23.187928
113.232022 23.164919 113.250267 23.121666
113.283042 23.144302 113.256372 23.165624
113.322932 23.146004 113.331236 23.168456
113.271025 23.204198 113.305274 23.152519
113.293719 23.122125 113.270213 23.09934
113.267661 23.12016 113.226318 23.104746
113.245969 23.157585 113.280336 23.144228
113.282832 23.200287 113.246704 23.158131
113.318801 23.183905 113.307132 23.156674
113.324901 23.178501 113.251752 23.156474
113.318144 23.171513 113.305158 23.133507
113.328424 23.177755 113.249445 23.155799
113.287664 23.108969 113.271461 23.124786
113.320946 23.113022 113.319218 23.15617
113.297872 23.139206 113.264267 23.166207
113.317447 23.127445 113.331125 23.145437
113.262107 23.193906 113.246868 23.158149
113.251344 23.157714 113.279676 23.141368
113.285545 23.140443 113.258992 23.161864
113.332614 23.168741 113.242811 23.15669
113.316208 23.167496 113.313295 23.131975
113.272813 23.206812 113.303304 23.149846
113.26269 23.185392 113.315312 23.148617
113.326786 23.158175 113.312409 23.149099
113.300505 23.152261 113.323716 23.14965
113.318832 23.170607 113.306056 23.128557
113.246143 23.181023 113.257127 23.149818
113.24181 23.11815 113.326187 23.126564
113.254189 23.207617 113.320879 23.167279
113.279946 23.102564 113.31556 23.157981
113.242778 23.200411 113.226673 23.13567
113.288722 23.155369 113.270446 23.139985
113.322158 23.113044 113.321967 23.149517
113.329218 23.126548 113.317696 23.146248
113.255589 23.175498 113.250789 23.131591
113.318184 23.125925 113.330074 23.143812
113.230435 23.152273 113.27712 23.137461
113.311444 23.118079 113.277816 23.116352
113.330216 23.143441 113.266476 23.162788
113.228246 23.174006 113.23409 23.122275
113.248229 23.130378 113.269766 23.130239
113.261363 23.17707 113.269643 23.195517
113.225798 23.164495 113.244119 23.126429
113.258422 23.178647 113.316473 23.153768
113.266575 23.208803 113.276077 23.125528
113.225159 23.139363 113.330377 23.137239
113.243015 23.134967 113.258645 23.106416
113.28421 23.122804 113.260326 23.20688
113.250479 23.179127 113.25489 23.156809
113.230556 23.141817 113.325465 23.129031
113.233042 23.110345 113.253436 23.16866
113.322947 23.130243 113.300638 23.130331
113.301844 23.151453 113.290136 23.120727
113.250291 23.148472 113.265314 23.144225
113.321207 23.15583 113.266552 23.187865
113.25591 23.118216 113.289595 23.136428
113.230953 23.139764 113.323495 23.133765
113.32269 23.147536 113.328085 23.15954
113.251937 23.158418 113.307736 23.145483
113.326763 23.127613 113.318202 23.148361
113.255525 23.197642 113.255483 23.155016
113.289833 23.123713 113.237314 23.115118
113.280105 23.101569 113.320505 23.153733
113.266215 23.104385 113.253556 23.115615
113.328247 23.167059 113.31764 23.19165
113.321973 23.183733 113.312163 23.151653
113.296945 23.121643 113.264174 23.098563
113.260578 23.116989 113.287057 23.143109
113.258045 23.145605 113.264315 23.127503
113.294442 23.134996 113.242967 23.112886
113.318213 23.138603 113.333274 23.16175
113.261317 23.176091 113.24907 23.131465
113.246616 23.159059 113.26872 23.163912
113.295943 23.14821 113.262999 23.162127
113.258396 23.168068 113.25548 23.107095
113.313494 23.172755 113.306844 23.133965
113.290624 23.144533 113.260402 23.161177
113.234252 23.112843 113.300413 23.149045
113.244659 23.170958 113.249084 23.201798
113.313548 23.113573 113.318014 23.154632
113.329201 23.141564 113.26488 23.167884
113.321141 23.112878 113.320287 23.151133
113.255424 23.115381 113.313641 23.14581
113.278187 23.139606 113.330597 23.137061
113.313319 23.154964 113.254075 23.160436
113.252311 23.205203 113.226969 23.128996
113.238138 23.141011 113.274286 23.125949
113.269359 23.129596 113.305151 23.126153
113.244774 23.122762 113.261149 23.181675
113.321644 23.143573 113.329997 23.158671
113.321607 23.174887 113.31071 23.134367
113.228035 23.173653 113.239725 23.125031
113.292391 23.130357 113.251734 23.132885
113.326751 23.147947 113.26551 23.166627
113.325595 23.170561 113.249539 23.148733
113.282676 23.205853 113.243468 23.148421
113.300497 23.134365 113.24743 23.108413
113.228857 23.145279 113.326707 23.130533
113.302252 23.156428 113.283406 23.123415
113.254007 23.169273 113.243423 23.135002
113.254594 23.118267 113.314399 23.150451
113.268055 23.114734 113.311451 23.135126
113.257782 23.172264 113.272581 23.188808
113.298572 23.151591 113.285807 23.121144
113.256158 23.17929 113.321237 23.151328
113.28623 23.114579 113.262894 23.119564
113.276576 23.116035 113.247283 23.108681
113.269692 23.142682 113.265584 23.166141
113.276111 23.141621 113.332066 23.129919
113.262228 23.199979 113.313816 23.167848
113.279701 23.205198 113.263738 23.114348
113.28146 23.116839 113.244496 23.113789
113.316516 23.184504 113.307731 23.155577
113.3146 23.152729 113.253761 23.125808
113.27991 23.15363 113.311308 23.129334
113.27975 23.135542 113.258968 23.109827
113.243705 23.178029 113.247854 23.208347
113.256439 23.147164 113.271032 23.120911
113.29036 23.130258 113.26077 23.150095
113.292226 23.131574 113.25097 23.152614
113.318323 23.156726 113.256756 23.162997
113.26357 23.157054 113.264141 23.132639
113.264533 23.117754 113.3172 23.148088
113.261839 23.202062 113.276995 23.119327
113.276167 23.107556 113.320948 23.150193
113.253784 23.18477 113.319314 23.152952
113.25859 23.147436 113.279062 23.168262
113.329414 23.145952 113.264704 23.163169
113.277262 23.105835 113.317144 23.155344
113.314857 23.188479 113.312602 23.150082
113.307586 23.133339 113.288353 23.123057
113.249083 23.186093 113.254768 23.154587
113.267394 23.20074 113.233985 23.203836
113.300232 23.131563 113.248744 23.11064
113.255697 23.204943 113.273801 23.123324
113.275664 23.106636 113.321665 23.148947
113.252566 23.12591 113.258367 23.193837
113.318842 23.137237 113.312618 23.136
113.295716 23.146724 113.264957 23.166603
113.279394 23.200987 113.264089 23.115291
113.303708 23.118573 113.231043 23.142953
113.286623 23.12382 113.259462 23.200413
113.321982 23.132218 113.296919 23.13343
113.284765 23.134711 113.246431 23.157099
113.265573 23.208048 113.278458 23.127653
113.266394 23.129377 113.311288 23.128998
113.292477 23.143628 113.254404 23.161976
113.276801 23.149583 113.304348 23.122545
113.311867 23.145545 113.275374 23.132401
113.271296 23.204505 113.307751 23.150218
113.321599 23.125808 113.329458 23.146556
113.255739 23.206533 113.277643 23.203728
113.256764 23.153126 113.333299 23.133274
113.326211 23.132002 113.239423 23.174104
113.243784 23.114212 113.256148 23.192908
113.250819 23.166354 113.224717 23.109783
113.228063 23.175092 113.234007 23.12742
113.248841 23.207885 113.227435 23.131695
113.321786 23.162681 113.321973 23.136196
113.32171 23.111078 113.319115 23.151433
113.280043 23.137139 113.256186 23.112464
113.247267 23.185837 113.222928 23.147378
113.320606 23.117108 113.313714 23.150294
113.246073 23.115492 113.257211 23.191621
113.321346 23.145169 113.328289 23.162241
113.241263 23.118567 113.273396 23.133605
113.317863 23.156794 113.312123 23.128953
113.228443 23.141751 113.325688 23.134181
113.331898 23.113504 113.281352 23.108857
113.252742 23.150456 113.27435 23.136276
113.32142 23.121331 113.331335 23.146189
113.300366 23.138614 113.277609 23.134611
113.272404 23.133072 113.309544 23.123431
113.245355 23.155741 113.279884 23.140656
113.291477 23.112257 113.266058 23.122025
113.262741 23.120731 113.292521 23.121318
113.290943 23.111536 113.263135 23.121174
113.281717 23.128201 113.316599 23.154784
113.32524 23.118188 113.31663 23.139836
113.266539 23.116195 113.305301 23.132185
113.277725 23.204619 113.270575 23.11277
113.270546 23.182994 113.247982 23.15629
113.262494 23.191479 113.250145 23.157417
113.241775 23.142987 113.281534 23.124787
113.322807 23.14288 113.328847 23.164061
113.28815 23.118428 113.256469 23.200206
113.247035 23.177858 113.262504 23.112139
113.300685 23.144609 113.264976 23.164993
113.279655 23.203294 113.250872 23.156925
113.263521 23.158505 113.3176 23.13748
113.255557 23.170504 113.272112 23.198104
113.287401 23.144316 113.26925 23.144647
113.322425 23.133673 113.253208 23.119994
113.26707 23.109163 113.305333 23.129038
113.322424 23.167117 113.281481 23.125386
113.331154 23.124014 113.314182 23.146335
113.328567 23.162061 113.314063 23.196586
113.225317 23.147681 113.32499 23.13352
113.249955 23.187442 113.260433 23.155859
113.230314 23.141631 113.332351 23.132946
113.270724 23.136001 113.304281 23.135233
113.246768 23.206724 113.224451 23.135702
113.328579 23.13016 113.251642 23.13637
113.263223 23.179147 113.245697 23.152304
113.266874 23.160231 113.314823 23.131707
113.245115 23.121226 113.259119 23.181648
113.301246 23.156236 113.285363 23.125165
113.26967 23.179513 113.244201 23.153957
113.277401 23.202524 113.27214 23.115882
113.244711 23.154411 113.264487 23.142626
113.264457 23.159732 113.247299 23.109888
113.272203 23.146241 113.251595 23.169157
113.317371 23.150482 113.261606 23.123922
113.266599 23.105703 113.257392 23.116906
113.229811 23.141979 113.326052 23.131606
113.242785 23.176718 113.255171 23.111352
113.312566 23.112599 113.278946 23.11392
113.256227 23.148164 113.264155 23.121789
113.291575 23.12377 113.257215 23.204005
113.272719 23.103968 113.260477 23.113815
113.29707 23.145021 113.267827 23.168525
113.279134 23.157721 113.309472 23.132075
113.316562 23.185684 113.311906 23.157434
113.283647 23.156447 113.268702 23.140196
113.313339 23.132636 113.253638 23.125219
113.245923 23.129493 113.259806 23.105771
113.279926 23.207091 113.246719 23.155692
113.282697 23.204074 113.246198 23.149906
113.303777 23.108058 113.276526 23.115538
113.257925 23.153033 113.290457 23.147146
113.331525 23.147996 113.26711 23.166327
113.315603 23.146742 113.331623 23.165252
113.272197 23.172802 113.268791 23.145772
113.223112 23.178281 113.242409 23.119309
113.251379 23.118601 113.261462 23.185219
113.235431 23.113076 113.256565 23.170497
113.295249 23.147792 113.274989 23.134732
113.280923 23.155748 113.304586 23.118866
113.25599 23.141711 113.263275 23.122811
113.281626 23.205444 113.243465 23.150019
113.320191 23.174419 113.311163 23.132772
113.314723 23.115303 113.321438 23.154373
113.250425 23.155601 113.277855 23.142145
113.332614 23.116108 113.2748 23.117277
113.28648 23.115479 113.263082 23.12818
113.30408 23.130345 113.313288 23.164411
113.278608 23.134149 113.239295 23.118009
113.320369 23.146686 113.331271 23.163745
113.258893 23.159697 113.313632 23.17824
113.23914 23.115187 113.257269 23.178135
113.233353 23.117388 113.2408 23.140975
113.270696 23.147861 113.244496 23.12338
113.231587 23.098511 113.272696 23.098673
113.282889 23.120235 113.304319 23.127452
113.243474 23.154017 113.264362 23.145109
113.276563 23.11906 113.315135 23.118716
113.294121 23.133092 113.245121 23.109417
113.32865 23.174731 113.24661 23.151945
113.296145 23.125377 113.26919 23.100827
113.264441 23.124655 113.315885 23.157839
113.319684 23.140821 113.326851 23.167586
113.311775 23.143589 113.283206 23.124661
113.266616 23.110819 113.315747 23.142932
113.319694 23.141082 113.323469 23.159028
113.290321 23.111875 113.27107 23.122642
113.322524 23.162841 113.281096 23.1413
113.329026 23.159665 113.320159 23.191366
113.285611 23.128549 113.255123 23.149349
113.263687 23.163888 113.282708 23.202608
113.289047 23.146429 113.257412 23.160681
113.31467 23.17077 113.303472 23.128835
113.317826 23.144861 113.329139 23.161335
113.270793 23.188676 113.2449 23.148559
113.227111 23.106327 113.265522 23.107408
113.226621 23.175457 113.23467 23.127943
113.28604 23.115873 113.267339 23.118791
113.226067 23.175722 113.241758 23.120909
113.292846 23.131114 113.253496 23.15329
113.304076 23.099107 113.312276 23.151619
113.297298 23.12305 113.266536 23.100986
113.293319 23.129638 113.248828 23.112953
113.268368 23.142954 113.246981 23.120914
113.289634 23.117339 113.263646 23.124735
113.243102 23.188139 113.258517 23.155158
113.268006 23.200761 113.241916 23.1992
113.273181 23.143155 113.304823 23.13415
113.24926 23.113905 113.256044 23.19165
113.26917 23.10768 113.262505 23.115014
113.298782 23.143502 113.324443 23.159417
113.301587 23.142714 113.263813 23.165528
113.314007 23.163121 113.281973 23.14775
113.330429 23.162897 113.323229 23.191652
113.248388 23.115661 113.258355 23.191605
113.257637 23.203585 113.317705 23.164531
113.279345 23.156546 113.306995 23.12328
113.232557 23.127325 113.274462 23.130363
113.272183 23.119222 113.316987 23.136744
113.23584 23.110131 113.256294 23.176621
113.311122 23.106909 113.312057 23.152915
113.314626 23.168318 113.281432 23.146876
113.223684 23.163522 113.252047 23.122204
113.24491 23.134169 113.315837 23.14086
113.253739 23.147061 113.277772 23.167227
113.251427 23.185136 113.226015 23.141531
113.257603 23.179115 113.315637 23.151743
113.283098 23.11856 113.259449 23.20012
113.322425 23.172315 113.309337 23.137945
113.267707 23.182231 113.24615 23.15454
113.256613 23.158272 113.227693 23.12936
113.270283 23.159143 113.274036 23.206381
113.245842 23.109728 113.257568 23.191468
113.276795 23.15291 113.31016 23.132587
113.302293 23.129933 113.247861 23.116018
113.320881 23.143926 113.33179 23.165564
113.305809 23.111843 113.31708 23.14447
113.297638 23.133986 113.244075 23.115793
113.26227 23.20178 113.276419 23.200253
113.263321 23.156072 113.266381 23.132985
113.324013 23.124892 113.31467 23.139888
113.236675 23.122675 113.282099 23.13787
113.226305 23.107072 113.263918 23.100935
113.330612 23.175559 113.25138 23.156442
113.316716 23.170051 113.305234 23.138276
113.269438 23.165669 113.251032 23.114844
113.332159 23.17675 113.248503 23.148844
113.283552 23.134535 113.315143 23.122182
113.252034 23.185397 113.253968 23.15315
113.272593 23.147961 113.27448 23.200304
113.314657 23.110332 113.318256 23.154841
113.272033 23.137372 113.311958 23.136318
113.225477 23.11882 113.250734 23.128633
113.230405 23.144501 113.329734 23.133487
113.22725 23.124287 113.25703 23.159663
113.274906 23.150002 113.304578 23.128116
113.291013 23.15495 113.268562 23.147923
113.25254 23.178905 113.226444 23.141751
113.322842 23.149639 113.26654 23.185004
113.26715 23.099153 113.254581 23.109546
113.263996 23.139455 113.277289 23.203894
113.223525 23.138545 113.332461 23.12835
113.243208 23.152709 113.266047 23.143987
113.270323 23.163583 113.281009 23.204149
113.252697 23.148081 113.281292 23.164086
113.297616 23.15438 113.333235 23.152467
113.270492 23.158607 113.291799 23.131507
113.271993 23.203952 113.23975 23.201796
113.306809 23.138852 113.330525 23.124462
113.280587 23.13417 113.318001 23.153266
113.269317 23.100428 113.258305 23.111667
113.258441 23.184082 113.32238 23.1499
113.325651 23.170964 113.25059 23.149242
113.260473 23.200733 113.282692 23.118134
113.269037 23.167916 113.245476 23.116915
113.25451 23.192745 113.256497 23.150068
113.284433 23.118133 113.238069 23.110538
113.250987 23.161075 113.227941 23.110025
113.315374 23.166956 113.281384 23.147594
113.255538 23.191979 113.243433 23.154098
113.238189 23.136722 113.307631 23.157831
113.304288 23.120219 113.291303 23.144771
113.285873 23.147269 113.26703 23.144488
113.301589 23.122078 113.269477 23.102081
113.296846 23.147296 113.264232 23.158655
113.259398 23.208239 113.27672 23.203748
113.274374 23.12019 113.320926 23.122572
113.306086 23.104364 113.30745 23.148811
113.266233 23.117811 113.303368 23.13698
113.236608 23.121551 113.323822 23.125519
113.242112 23.121161 113.272919 23.132937
113.275443 23.129589 113.322546 23.142813
113.29344 23.118186 113.27269 23.101092
113.286163 23.138907 113.270677 23.144388
113.258417 23.14834 113.267294 23.123063
113.313504 23.1088 113.319738 23.152312
113.265617 23.144134 113.243479 23.120791
113.329051 23.145406 113.268932 23.159932
113.274839 23.113992 113.327489 23.134815
113.262925 23.104927 113.254655 23.108687
113.253697 23.176335 113.263074 23.192842
113.251148 23.183293 113.253333 23.154117
113.315529 23.166645 113.316328 23.131168
113.257085 23.113898 113.320927 23.141379
113.24315 23.151248 113.28001 23.1444
113.306879 23.104349 113.310727 23.155596
113.303205 23.141537 113.274785 23.099438
113.264202 23.135272 113.306207 23.120745
113.318825 23.1309 113.249074 23.116875
113.267527 23.142844 113.278229 23.200482
113.287233 23.151869 113.265586 23.141567
113.230604 23.128078 113.265201 23.13463
113.270286 23.174671 113.264259 23.140867
113.261328 23.140949 113.281825 23.161691
113.32116 23.11833 113.324694 23.139284
113.3153 23.125627 113.237385 23.104763
113.311202 23.099352 113.303492 23.151088
113.270581 23.110967 113.322663 23.144751
113.233136 23.109975 113.236245 23.138356
113.313846 23.170343 113.30471 23.12921
113.262336 23.152446 113.32808 23.131289
113.25265 23.111104 113.260442 23.197496
113.26597 23.146154 113.24894 23.128155
113.2867 23.144403 113.253544 23.159809
113.275113 23.109062 113.245728 23.11563
113.240465 23.147967 113.281812 23.124373
113.326901 23.13651 113.241796 23.170696
113.226052 23.178231 113.23882 23.127476
113.330223 23.177604 113.244867 23.152763
113.255968 23.13919 113.266191 23.126505
113.273366 23.117488 113.245092 23.110645
113.243588 23.150536 113.281961 23.139111
113.260787 23.2046 113.276223 23.118973
113.254677 23.141562 113.26467 23.125656
113.243058 23.16766 113.267854 23.162059
113.26748 23.158592 113.250642 23.108822
113.263 23.11781 113.318571 23.144733
113.330766 23.166526 113.318873 23.191077
113.27035 23.129309 113.258233 23.164058
113.331686 23.171613 113.244112 23.155222
113.259164 23.158476 113.321453 23.208429
113.331468 23.109903 113.27643 23.11365
113.328034 23.139223 113.267495 23.167398
113.22735 23.169339 113.233996 23.121265
113.309408 23.126882 113.270661 23.110823
113.270802 23.113493 113.321407 23.147818
113.256483 23.153806 113.286825 23.138295
113.268299 23.129238 113.260537 23.161469
113.324573 23.147797 113.263335 23.160032
113.313051 23.100775 113.305352 23.152021
113.305646 23.108457 113.320625 23.1385
113.25869 23.18264 113.318695 23.151804
113.313915 23.16501 113.273116 23.120177
113.310223 23.105959 113.308838 23.151648
113.269762 23.139305 113.245852 23.170519
113.316174 23.18328 113.307546 23.155777
113.288043 23.114882 113.271388 23.127587
113.256644 23.140223 113.28038 23.159104
113.264822 23.146406 113.27571 23.20676
113.289454 23.113733 113.268661 23.126011
113.27733 23.117301 113.327004 23.13596
113.232487 23.147037 113.324554 23.128709
113.302138 23.146114 113.332776 23.163382
113.267525 23.098806 113.256781 23.109068
113.327373 23.118317 113.318327 23.144136
113.26775 23.099496 113.261161 23.117935
113.22275 23.127554 113.269905 23.136965
113.24322 23.137799 113.267086 23.136693
113.327226 23.159628 113.318341 23.19571
113.249289 23.163607 113.267504 23.159151
113.275296 23.149164 113.305256 23.135189
113.269213 23.108517 113.319469 23.145254
113.295568 23.144455 113.27929 23.133843
113.249674 23.131647 113.266523 23.130174
113.247293 23.207991 113.22306 23.133354
113.248503 23.168521 113.262809 23.160684
113.26907 23.175335 113.26648 23.141301
113.263655 23.200778 113.2424 23.19957
113.304244 23.127458 113.288333 23.141442
113.265988 23.151636 113.265889 23.120723
113.254402 23.126261 113.292086 23.138232
113.252329 23.151846 113.282028 23.1425
113.312756 23.098759 113.309498 23.150226
113.324254 23.169532 113.245014 23.157503
113.231756 23.122397 113.256782 23.167521
113.28435 23.124628 113.239204 23.115189
113.30119 23.118424 113.27109 23.09879
113.297177 23.131996 113.250115 23.113229
113.258146 23.180723 113.314835 23.158014
113.266735 23.112744 113.312729 23.130901
113.306914 23.138984 113.278202 23.100181
113.293462 23.128494 113.247816 23.117807
113.265748 23.130466 113.312076 23.122854
113.271346 23.119254 113.31386 23.152902
113.31523 23.140063 113.325155 23.161885
113.29327 23.118078 113.227347 23.136442
113.330798 23.147283 113.272457 23.163405
113.269613 23.126117 113.318427 23.151895
113.231902 23.120857 113.258592 23.125712
113.292317 23.142708 113.258027 23.160357
113.320183 23.18616 113.310573 23.153689
113.279921 23.149151 113.308713 23.130545
113.265633 23.106862 113.257988 23.110155
113.235925 23.11366 113.259009 23.176268
113.263448 23.163738 113.320587 23.13649
113.322642 23.162638 113.281552 23.123114
113.25309 23.19027 113.244839 23.15145
113.258138 23.200735 113.296245 23.151068
113.245713 23.163135 113.265598 23.166093
113.255569 23.130961 113.327791 23.135558
113.225416 23.102402 113.268585 23.0996
113.295701 23.133158 113.24533 23.117677
113.227481 23.140018 113.325005 23.130273
113.28091 23.12819 113.322916 23.125787
113.332131 23.110575 113.278883 23.115885
113.239232 23.131809 113.306733 23.150073
113.314119 23.142608 113.332334 23.164227
113.254896 23.19703 113.247267 23.149964
113.264921 23.104634 113.255752 23.113506
113.321954 23.148945 113.268596 23.165202
113.245364 23.136557 113.277121 23.133304
113.301961 23.11609 113.229258 23.135518
113.273737 23.113892 113.248696 23.115673
113.254857 23.164139 113.315473 23.204935
113.257751 23.206084 113.30257 23.157529
113.262751 23.130722 113.225574 23.141375
113.332149 23.110598 113.275125 23.114836
113.329712 23.170973 113.24773 23.152294
113.246081 23.15954 113.268542 23.162808
113.256978 23.129422 113.231534 23.146964
113.227864 23.158131 113.282129 23.130067
113.299812 23.13859 113.273698 23.137217
113.2533 23.182119 113.314598 23.152566
113.294764 23.145006 113.271923 23.16556
113.267066 23.13173 113.304631 23.126061
113.250787 23.182482 113.229708 23.141097
113.244963 23.11987 113.256533 23.188942
113.289614 23.139735 113.265158 23.145437
113.311408 23.123588 113.225617 23.142091
113.264696 23.167397 113.319972 23.134629
113.289921 23.139542 113.262408 23.162187
113.252052 23.186933 113.222442 23.146858
113.258858 23.144231 113.266192 23.122707
113.22929 23.119424 113.256303 23.163494
113.262395 23.160658 113.25559 23.104382
113.324038 23.158666 113.313457 23.193426
113.274779 23.158272 113.31087 23.132833
