116.39807 39.84951 116.36285 39.86695 5
116.33288 39.85886 116.37152 39.84967 5
116.38971 39.84829 116.41178 39.90594 5
116.40259 39.89609 116.39859 39.86554 5
116.3954 39.85139 116.36143 39.87106 5
116.39002 39.86665 116.341 39.88354 5
116.3895 39.95441 116.34578 39.89842 5
116.39264 39.85827 116.42956 39.90692 5
116.43165 39.92378 116.39334 39.89903 5
116.38189 39.93723 116.33434 39.91934 5
116.34263 39.91857 116.34871 39.9563 5
116.35264 39.8803 116.34409 39.92272 5
116.38132 39.85319 116.4151 39.87497 5
116.33799 39.86217 116.37992 39.85174 5
116.35382 39.85474 116.4117 39.85093 5
116.39962 39.94997 116.33051 39.91068 5
116.4311 39.94483 116.34186 39.94997 5
116.42761 39.94348 116.34478 39.95055 5
116.41407 39.87607 116.4295 39.91742 5
116.33956 39.90255 116.37274 39.93137 5
116.33972 39.93021 116.3774 39.95366 5
116.40174 39.93643 116.4224 39.89988 5
116.40847 39.92924 116.4233 39.9046 5
116.34395 39.91912 116.37413 39.86974 5
116.40994 39.93448 116.41518 39.89924 5
116.38317 39.95408 116.34114 39.90108 5
116.39401 39.85731 116.4301 39.89787 5
116.38171 39.85092 116.41914 39.86675 5
116.39832 39.95337 116.33055 39.90717 5
116.37527 39.89958 116.42848 39.89701 5
116.40506 39.92789 116.41276 39.9068 5
116.36647 39.89414 116.33644 39.93894 5
116.34196 39.92117 116.34079 39.95454 5
116.4238 39.92238 116.41115 39.94974 5
116.39117 39.85327 116.43631 39.86887 5
116.3495 39.93212 116.3893 39.95008 5
116.42024 39.95517 116.42616 39.9001 5
116.42717 39.94426 116.34118 39.95114 5
116.39882 39.85148 116.43157 39.86245 5
116.43338 39.90279 116.37214 39.84848 5
