116.33529 39.85995 116.37646 39.85109 5
116.40701 39.95297 116.42238 39.91276 5
116.36514 39.85252 116.42026 39.91665 5
116.36755 39.95448 116.4171 39.90741 5
116.34563 39.94938 116.38057 39.94037 5
116.36773 39.95398 116.39147 39.93199 5
116.35063 39.93767 116.42377 39.93636 5
116.35946 39.88868 116.42671 39.89127 5
116.34939 39.9522 116.37927 39.9419 5
116.34393 39.91531 116.37729 39.88412 5
116.33148 39.86543 116.37811 39.85438 5
116.36932 39.95566 116.41805 39.90977 5
116.34059 39.89893 116.36326 39.89391 5
116.36376 39.94842 116.39857 39.92919 5
116.35496 39.89543 116.42671 39.93659 5
116.35208 39.93469 116.38237 39.95114 5
116.35871 39.88815 116.42533 39.89351 5
116.33604 39.86082 116.37224 39.84746 5
116.35821 39.89574 116.42392 39.89475 5
116.42054 39.87823 116.42175 39.84882 5
116.43362 39.85103 116.42156 39.90962 5
116.41382 39.87641 116.44031 39.88797 5
116.38879 39.94574 116.43385 39.94738 5
116.4206 39.88431 116.43019 39.85415 5
116.3319 39.91406 116.34165 39.94148 5
116.34335 39.90679 116.42661 39.91359 5
116.40707 39.94021 116.35215 39.94908 5
116.34157 39.95144 116.3714 39.94039 5
116.42862 39.89238 116.39944 39.91158 5
116.34763 39.95629 116.37089 39.94327 5
116.33463 39.85841 116.37777 39.85582 5
116.40206 39.88885 116.39861 39.85774 5
116.34182 39.95698 116.3781 39.93954 5
116.34187 39.95694 116.37279 39.94521 5
116.34185 39.95069 116.37616 39.93799 5
116.43175 39.85251 116.4236 39.91478 5
116.41277 39.8579 116.421 39.89059 5
116.35468 39.89091 116.42268 39.89199 5
116.356 39.85585 116.41392 39.8471 5
116.35433 39.94866 116.35372 39.90387 5
