-73.98965 40.70227 -73.9715 40.77444 5
-73.983 40.74858 -74.01398 40.709 5
-74.00673 40.72076 -73.98517 40.76159 5
-74.00329 40.72593 -73.98587 40.75769 5
-73.99924 40.74428 -73.98489 40.77876 5
-73.96479 40.78291 -73.98828 40.75601 5
-74.01386 40.72739 -74.00669 40.75291 5
-73.97623 40.71668 -74.00271 40.70159 5
-74.0092 40.71621 -73.99444 40.74868 5
-73.9838 40.70092 -73.96333 40.77517 5
-73.96949 40.78481 -73.98554 40.75071 5
-73.9766 40.75879 -73.96029 40.77821 5
-74.00386 40.72837 -73.99659 40.74402 5
-74.0071 40.70713 -73.97705 40.75652 5
-73.99109 40.77699 -73.99533 40.74687 5
-74.00222 40.70621 -73.97846 40.75096 5
-74.00466 40.70263 -73.97858 40.75767 5
-74.00007 40.70662 -73.98909 40.74336 5
-73.97533 40.75534 -73.99972 40.72526 5
-73.98082 40.71379 -74.01603 40.70062 5
-73.98768 40.70981 -73.96342 40.77563 5
-73.95484 40.79341 -73.98001 40.7659 5
-73.9985 40.71544 -73.9673 40.7105 5
-73.96907 40.76609 -73.99579 40.75135 5
-74.01362 40.72918 -74.00645 40.75642 5
-73.95546 40.7537 -73.99713 40.747 5
-74.00688 40.72655 -73.98332 40.74989 5
-73.91654 40.7439 -73.96372 40.76305 5
-73.96318 40.79879 -73.98074 40.76861 5
-74.00346 40.73963 -74.01306 40.70762 5
-73.97485 40.74739 -73.99319 40.72407 5
-74.00251 40.73012 -73.97609 40.75467 5
-74.01473 40.71656 -73.99139 40.73492 5
-74.00388 40.74969 -74.0169 40.70607 5
-73.96264 40.79686 -73.96698 40.76858 5
-74.01264 40.72003 -73.99969 40.75238 5
-74.00622 40.72174 -73.98612 40.74322 5
-73.92482 40.74237 -73.96958 40.75953 5
-73.92207 40.74126 -73.96545 40.76407 5
-74.01343 40.71961 -73.99975 40.74395 5
