113.30345 23.14334 113.29123 23.12488 5
113.2523 23.20229 113.22641 23.12968 5
113.23399 23.12422 113.27386 23.12972 5
113.25614 23.20743 113.31878 23.16293 5
113.24153 23.11526 113.296 23.15846 5
113.32209 23.18014 113.31017 23.15189 5
113.30368 23.10343 113.31116 23.15198 5
113.30981 23.13167 113.31715 23.16256 5
113.24164 23.13484 113.30464 23.15155 5
113.32462 23.10866 113.27323 23.11704 5
113.23589 23.11754 113.25665 23.17612 5
113.23711 23.13488 113.31184 23.15653 5
113.32969 23.11637 113.27983 23.1121 5
113.31717 23.13034 113.25702 23.12498 5
113.28822 23.13444 113.24352 23.15366 5
113.31641 23.13948 113.32866 23.16133 5
113.26715 23.1878 113.25092 23.1508 5
113.25427 23.20238 113.29963 23.15245 5
113.29617 23.16063 113.26966 23.16609 5
113.32261 23.18512 113.30481 23.14978 5
113.28401 23.13527 113.24318 23.15203 5
113.31603 23.14688 113.3269 23.166 5
113.30137 23.16454 113.26334 23.16178 5
113.26044 23.13489 113.24682 23.14759 5
113.25251 23.17924 113.22486 23.14122 5
113.24817 23.20771 113.22553 23.1301 5
113.28686 23.13235 113.32043 23.11914 5
113.23794 23.11974 113.27662 23.13199 5
113.27272 23.17548 113.2689 23.1398 5
113.30132 23.12284 113.26493 23.10146 5
113.28284 23.10795 113.24319 23.1203 5
113.26618 23.17128 113.26288 23.14573 5
113.26824 23.14323 113.27368 23.20445 5
113.30271 23.11999 113.26768 23.09917 5
113.25499 23.20507 113.28198 23.12574 5
113.24186 23.11329 113.23691 23.14194 5
113.27419 23.13997 113.26631 23.1092 5
113.30511 23.10297 113.30665 23.14865 5
113.31196 23.14328 113.32788 23.12576 5
113.27521 23.20642 113.24708 23.15744 5
