113.33194 23.10999 113.28198 23.11659 5
113.24465 23.1682 113.26653 23.15887 5
113.28393 23.14597 113.26136 23.16507 5
113.26455 23.14025 113.24824 23.12606 5
113.31064 23.11237 113.27561 23.1174 5
113.23285 23.12894 113.30532 23.14875 5
113.31636 23.16339 113.28198 23.12061 5
113.22742 23.10061 113.31474 23.13135 5
113.25735 23.14447 113.27931 23.15928 5
113.32261 23.16034 113.31861 23.13809 5
113.22617 23.15975 113.2427 23.1246 5
113.22885 23.10745 113.31717 23.13415 5
113.33205 23.1651 113.3179 23.19702 5
113.31605 23.16422 113.27487 23.13832 5
113.24236 23.13127 113.30693 23.15504 5
113.30491 23.13556 113.23848 23.11671 5
113.26144 23.1973 113.24299 23.15687 5
113.27801 23.20317 113.25048 23.15621 5
113.31629 23.17653 113.30337 23.12998 5
113.24545 23.10918 113.26042 23.19164 5
113.24885 23.16643 113.26583 23.19449 5
113.23011 23.16883 113.2349 23.12714 5
113.31309 23.12529 113.2883 23.14254 5
113.28104 23.11076 113.32621 23.13599 5
113.31187 23.12166 113.32888 23.13119 5
113.32262 23.16484 113.27666 23.13929 5
113.30146 23.12866 113.24268 23.10947 5
113.2301 23.16074 113.2477 23.12516 5
113.28558 23.14346 113.25441 23.1625 5
113.32296 23.12714 113.23265 23.10459 5
113.24437 23.14985 113.28199 23.13883 5
113.25521 23.14648 113.2652 23.12461 5
113.25698 23.14705 113.2674 23.12214 5
113.24329 23.18294 113.26139 23.15149 5
113.23897 23.13265 113.30317 23.15774 5
113.29311 23.13472 113.24656 23.11411 5
113.30711 23.11678 113.32015 23.14755 5
113.33231 23.13417 113.31569 23.15385 5
113.26329 23.13003 113.25768 23.16393 5
113.27311 23.20447 113.25162 23.14879 5
