-73.95782 40.80686 -73.98183 40.76748 5
-74.00076 40.74288 -73.9792 40.75396 5
-73.94004 40.80471 -73.96175 40.77992 5
-74.00761 40.72567 -73.99306 40.75091 5
-73.92889 40.75245 -73.99555 40.71658 5
-73.98982 40.7375 -74.00336 40.70709 5
-73.9757 40.75446 -74.01754 40.70848 5
-73.93971 40.77713 -73.97056 40.75284 5
-73.98345 40.71699 -73.94936 40.70662 5
-73.96907 40.76618 -73.95329 40.80708 5
-73.94275 40.7893 -73.9646 40.76782 5
-74.00369 40.72777 -73.9866 40.73997 5
-73.96605 40.77842 -73.98759 40.75252 5
-73.99723 40.77627 -73.99106 40.74041 5
-73.93293 40.75271 -73.99238 40.715 5
-73.93467 40.79986 -73.95884 40.78143 5
-73.92485 40.76274 -73.99251 40.72089 5
-73.98946 40.71769 -73.94876 40.71256 5
-73.95653 40.77024 -73.98334 40.76842 5
-73.93733 40.79085 -73.96439 40.76512 5
-73.96153 40.77219 -73.97226 40.75763 5
-73.97177 40.7632 -73.95085 40.78498 5
-73.9607 40.77154 -73.99933 40.76187 5
-73.97352 40.76013 -73.95614 40.78691 5
-74.00484 40.71988 -73.99131 40.7541 5
-73.95421 40.75421 -73.9951 40.74066 5
-73.99308 40.7728 -73.99523 40.74616 5
-74.00732 40.71472 -74.00418 40.74267 5
-73.96803 40.777 -73.99153 40.75404 5
-73.96935 40.77656 -73.94722 40.79361 5
-73.93223 40.75601 -73.99702 40.71748 5
-73.97926 40.75398 -73.99701 40.72404 5
-73.93918 40.79128 -73.96831 40.76329 5
-74.00028 40.75186 -74.00957 40.70902 5
-73.97019 40.7485 -73.95631 40.787 5
-73.94327 40.79184 -73.96994 40.76075 5
-73.98094 40.76626 -74.00895 40.70655 5
-73.94573 40.8028 -73.98653 40.77466 5
-73.97193 40.76535 -73.93633 40.74472 5
-73.96587 40.77094 -73.99524 40.73238 5
