113.31347 23.13622 113.31214 23.1306 5
113.22408 23.14226 113.3308 23.13608 5
113.2876 23.11108 113.2637 23.12043 5
113.28257 23.15801 113.30786 23.13148 5
113.26484 23.13127 113.30575 23.12656 5
113.25633 23.17863 113.24856 23.12942 5
113.32085 23.1357 113.24561 23.11547 5
113.27201 23.1251 113.32114 23.15554 5
113.26247 23.15108 113.22335 23.13226 5
113.22988 23.14029 113.32478 23.13222 5
113.29078 23.11693 113.26389 23.12327 5
113.27188 23.14858 113.26947 23.1351 5
113.26982 23.13507 113.30927 23.12756 5
113.25411 23.17734 113.24412 23.13727 5
113.27202 23.15563 113.26413 23.13409 5
113.27461 23.10211 113.24658 23.12174 5
113.28314 23.13205 113.32141 23.12307 5
113.24566 23.12322 113.3082 23.1481 5
113.27857 23.15549 113.30802 23.13634 5
113.30349 23.10031 113.31171 23.14871 5
113.24751 23.12329 113.25677 23.19613 5
113.27001 23.12808 113.32248 23.1298 5
113.29521 23.11233 113.22773 23.13063 5
113.26939 23.1217 113.22793 23.10439 5
113.22597 23.14125 113.32726 23.13798 5
113.28975 23.13781 113.25543 23.12663 5
113.30081 23.11376 113.23148 23.13017 5
113.30375 23.10423 113.30546 23.15181 5
113.30653 23.11675 113.31705 23.1418 5
113.24546 23.18235 113.25352 23.15747 5
113.31982 23.15747 113.25845 23.16449 5
113.26134 23.15046 113.23107 23.12836 5
113.31933 23.12421 113.32377 23.13839 5
113.23024 23.12281 113.26497 23.13139 5
113.22501 23.15158 113.27593 23.13647 5
113.31744 23.15567 113.28207 23.15329 5
113.25588 23.16862 113.24845 23.13677 5
113.26463 23.15054 113.26979 23.12258 5
113.28061 23.10174 113.32009 23.15261 5
113.30551 23.14789 113.32768 23.1275 5
