116.39678 39.85826 116.42215 39.90489 5
116.40345 39.90979 116.36159 39.89822 5
116.43213 39.87355 116.42533 39.91461 5
116.4385 39.88734 116.36555 39.92173 5
116.35976 39.90898 116.33958 39.92348 5
116.43095 39.90568 116.39258 39.91369 5
116.354 39.91666 116.34787 39.93669 5
116.3622 39.93719 116.38473 39.88734 5
116.34207 39.8926 116.34594 39.95569 5
116.43941 39.86748 116.37588 39.8602 5
116.38017 39.85551 116.40532 39.85386 5
116.35891 39.94076 116.42402 39.93151 5
116.41006 39.89432 116.39991 39.86124 5
116.39768 39.86336 116.43097 39.90024 5
116.42154 39.93717 116.43032 39.91472 5
116.34935 39.89812 116.36153 39.89547 5
116.35841 39.9463 116.35412 39.90007 5
116.39436 39.86631 116.42828 39.89922 5
116.41645 39.92922 116.43389 39.89774 5
116.34878 39.92072 116.37951 39.92622 5
116.34742 39.90067 116.34125 39.9355 5
116.42295 39.89714 116.38026 39.9524 5
116.4014 39.90812 116.36336 39.90157 5
116.34844 39.90447 116.4278 39.85936 5
116.40222 39.89655 116.39886 39.85749 5
116.35127 39.85433 116.41249 39.85189 5
116.39293 39.85659 116.42377 39.90182 5
116.38811 39.86331 116.42494 39.93508 5
116.38508 39.86426 116.36629 39.89666 5
116.40735 39.89467 116.3926 39.8605 5
116.38864 39.86453 116.42813 39.86816 5
116.42829 39.93052 116.42754 39.91236 5
116.42096 39.92865 116.37421 39.90949 5
116.37346 39.85192 116.33439 39.87819 5
116.34729 39.89851 116.34605 39.93462 5
116.39825 39.93045 116.43985 39.94444 5
116.34331 39.86496 116.38541 39.90173 5
116.41457 39.93504 116.44017 39.89852 5
116.34226 39.9231 116.37552 39.91915 5
116.43612 39.92957 116.39461 39.92312 5
