-74.00324 40.75974 -73.98014 40.76484 5
-74.01148 40.71069 -73.97883 40.74841 5
-73.99174 40.75873 -74.00071 40.71357 5
-73.99625 40.75491 -74.00132 40.71976 5
-74.00802 40.76871 -73.97501 40.73467 5
-73.94329 40.70895 -73.96706 40.75945 5
-73.94366 40.79834 -73.97073 40.76851 5
-74.01721 40.7137 -73.99347 40.7523 5
-73.98184 40.75529 -74.01649 40.72057 5
-73.99847 40.75937 -73.98431 40.7251 5
-73.98285 40.71928 -73.96728 40.75186 5
-73.98041 40.72587 -73.94396 40.77647 5
-73.98089 40.74828 -74.01309 40.71952 5
-73.98784 40.71359 -73.96291 40.75265 5
-73.94117 40.79046 -73.97153 40.76769 5
-73.98233 40.71724 -73.97126 40.75399 5
-73.98519 40.75448 -73.95471 40.77954 5
-73.97742 40.74322 -74.01274 40.70341 5
-73.94095 40.77476 -73.96772 40.75099 5
-73.94633 40.79335 -73.98702 40.7851 5
-73.98509 40.76521 -73.95328 40.77857 5
-73.96537 40.75182 -73.99061 40.73447 5
-73.94173 40.80122 -73.96018 40.78318 5
-73.9933 40.74639 -74.00794 40.7276 5
-74.00796 40.75975 -73.98012 40.78769 5
-73.98026 40.76203 -73.94103 40.74196 5
-73.95856 40.80453 -73.98827 40.7769 5
-74.01543 40.70124 -73.99581 40.73581 5
-74.01471 40.71089 -74.00769 40.75711 5
-73.98966 40.76533 -74.01243 40.71808 5
-73.96255 40.78617 -73.9899 40.76852 5
-73.95321 40.79965 -73.97518 40.7795 5
-74.00777 40.7666 -73.97342 40.78352 5
-73.98364 40.71653 -73.9476 40.71085 5
-73.97346 40.7315 -74.0144 40.70207 5
-73.99375 40.75878 -74.01674 40.72495 5
-73.99655 40.74675 -74.01034 40.71372 5
-73.97436 40.74075 -73.99833 40.71854 5
-73.96719 40.75918 -74.0092 40.71922 5
-73.9679 40.75229 -73.99321 40.75297 5
