113.27164 23.15263 113.26961 23.12709 5
113.31569 23.12749 113.24226 23.09922 5
113.25896 23.2062 113.29798 23.15058 5
113.25522 23.20134 113.29931 23.1531 5
113.30811 23.13234 113.3324 23.1225 5
113.25178 23.12317 113.26077 23.18991 5
113.25492 23.12562 113.28926 23.13345 5
113.31516 23.16298 113.27679 23.11849 5
113.27067 23.14968 113.266 23.13375 5
113.25876 23.20293 113.28054 23.20132 5
113.25232 23.12197 113.25311 23.18389 5
113.26422 23.12323 113.32308 23.13722 5
113.29895 23.11087 113.2324 23.13534 5
113.26598 23.13304 113.30696 23.11964 5
113.29717 23.1142 113.22458 23.13607 5
113.28863 23.15151 113.26465 23.14468 5
113.31287 23.14911 113.32497 23.1286 5
113.28897 23.15176 113.26576 23.14105 5
113.30813 23.14502 113.28086 23.13207 5
113.25543 23.20111 113.27716 23.12697 5
113.27042 23.12323 113.231 23.09872 5
113.2916 23.14859 113.26872 23.14289 5
113.32055 23.1679 113.321 23.1353 5
113.27093 23.1212 113.31428 23.15227 5
113.26264 23.20142 113.29381 23.15752 5
113.248 23.17563 113.25771 23.11545 5
113.30983 23.14223 113.27833 23.1063 5
113.24258 23.13243 113.30809 23.15256 5
113.27043 23.1345 113.3048 23.13064 5
113.24668 23.16522 113.26526 23.16313 5
113.2368 23.13329 113.30731 23.15551 5
113.2612 23.12661 113.28984 23.13011 5
113.33113 23.11421 113.274 23.11393 5
113.28554 23.15752 113.26787 23.14157 5
113.25525 23.20725 113.29812 23.14847 5
113.29231 23.12203 113.30528 23.15172 5
113.25751 23.20816 113.28155 23.12331 5
113.33265 23.11375 113.28047 23.10918 5
113.31635 23.1243 113.32897 23.14835 5
113.32879 23.11719 113.28235 23.11636 5
