-73.99141 40.75135 -74.00204 40.71741 5
-73.99414 40.76376 -73.94855 40.78278 5
-73.95049 40.76526 -73.97786 40.742 5
-73.94723 40.79495 -73.97104 40.76565 5
-73.9562 40.78847 -73.98604 40.76829 5
-73.96087 40.76738 -73.98198 40.77199 5
-74.01535 40.70511 -73.99339 40.74883 5
-73.96125 40.7835 -73.97685 40.75594 5
-73.93609 40.79822 -73.96438 40.76223 5
-73.99572 40.76063 -73.96019 40.76686 5
-73.95919 40.7848 -73.97753 40.75003 5
-73.9834 40.75092 -74.01655 40.70279 5
-73.9532 40.76439 -74.01277 40.70841 5
-73.99261 40.75473 -74.00209 40.71336 5
-74.00318 40.72982 -73.98937 40.74531 5
-73.95438 40.80315 -73.98148 40.7686 5
-73.92451 40.77872 -73.96282 40.76097 5
-73.98981 40.74405 -74.00882 40.71488 5
-73.95713 40.77987 -74.01398 40.70831 5
-73.99534 40.751 -73.95681 40.77526 5
-73.93515 40.8046 -73.95478 40.78184 5
-73.97524 40.73287 -74.01498 40.71738 5
-73.99714 40.75406 -73.98488 40.72374 5
-74.01778 40.70265 -73.99353 40.7426 5
-73.96047 40.76 -73.9908 40.73174 5
-73.99037 40.75226 -73.98891 40.72637 5
-74.00351 40.72955 -73.98378 40.7601 5
-73.99942 40.76755 -73.95749 40.76974 5
-73.95876 40.80521 -73.95585 40.77334 5
-73.99034 40.75538 -73.95831 40.76 5
-73.9587 40.78667 -73.97669 40.7593 5
-74.0152 40.71944 -73.9777 40.74059 5
-73.99511 40.75566 -74.00046 40.71124 5
-73.96062 40.78515 -74.0069 40.74261 5
-73.96152 40.80142 -73.98348 40.76826 5
-73.93811 40.79079 -73.96468 40.76068 5
-73.98318 40.7444 -73.9451 40.7939 5
-73.96789 40.74218 -73.95652 40.78816 5
-73.98796 40.7519 -73.99736 40.71779 5
-73.99903 40.75431 -74.00759 40.7032 5
