-73.9553 40.7541 -74.01053 40.70212 5
-73.98437 40.77371 -73.95714 40.77616 5
-73.97622 40.78232 -73.94907 40.78607 5
-74.01744 40.71146 -74.00224 40.75936 5
-73.93162 40.75731 -73.99167 40.71787 5
-73.96132 40.79476 -73.97807 40.75997 5
-73.96209 40.77584 -73.97595 40.75309 5
-73.95523 40.75056 -73.997 40.74612 5
-73.95768 40.77565 -73.98255 40.75682 5
-74.00098 40.76106 -73.97899 40.79063 5
-73.96368 40.8074 -73.9949 40.75782 5
-73.97082 40.7909 -73.97463 40.76332 5
-73.93125 40.75456 -73.99539 40.71123 5
-73.99695 40.70072 -73.96758 40.75249 5
-74.00478 40.74013 -73.98375 40.7771 5
-73.96691 40.77436 -73.98228 40.75765 5
-73.92981 40.75938 -73.99038 40.71624 5
-73.94933 40.78775 -73.98622 40.73004 5
-73.9257 40.75617 -73.9983 40.71679 5
-73.99825 40.76805 -73.94518 40.78758 5
-73.95524 40.79082 -73.96358 40.76209 5
-74.0077 40.74296 -74.01303 40.71677 5
-73.9277 40.75369 -73.99269 40.71225 5
-73.95339 40.77786 -73.97352 40.75392 5
-74.00893 40.71718 -74.00537 40.7546 5
-73.97866 40.78214 -73.99023 40.73182 5
-73.9359 40.77165 -73.96711 40.75195 5
-73.95153 40.78585 -73.97047 40.75428 5
-73.93199 40.75474 -73.99248 40.71463 5
-73.96977 40.77364 -73.99045 40.75919 5
-73.99857 40.71446 -73.97609 40.74041 5
-73.96089 40.75043 -73.99524 40.74811 5
-74.01186 40.72988 -73.98124 40.75126 5
-73.9994 40.70321 -73.96579 40.75521 5
-73.99478 40.72202 -73.97772 40.75904 5
-73.96673 40.77373 -73.99905 40.75974 5
-73.99888 40.70177 -73.97125 40.75592 5
-73.94514 40.78251 -73.96969 40.75659 5
-73.99573 40.72433 -73.97358 40.74975 5
-73.99125 40.7692 -73.95987 40.76949 5
