116.43711 39.90422 116.42486 39.94699 5
116.43513 39.90007 116.37091 39.85308 5
116.35404 39.87452 116.33376 39.87223 5
116.41843 39.91699 116.44013 39.89068 5
116.3492 39.88905 116.41142 39.89217 5
116.35681 39.95157 116.35284 39.90651 5
116.42332 39.84665 116.34914 39.88782 5
116.39662 39.85611 116.43741 39.87206 5
116.35106 39.95258 116.41331 39.95587 5
116.3844 39.93007 116.43614 39.89109 5
116.43311 39.89837 116.42985 39.94547 5
116.39397 39.9014 116.42613 39.88448 5
116.3429 39.89604 116.34866 39.94485 5
116.39094 39.86332 116.42528 39.89794 5
116.38848 39.93363 116.33822 39.92415 5
116.37255 39.86023 116.35204 39.89561 5
116.39932 39.854 116.35989 39.85192 5
116.38155 39.93252 116.33137 39.91842 5
116.35033 39.86857 116.33293 39.86965 5
116.39438 39.90697 116.43049 39.87764 5
116.39537 39.90115 116.35011 39.9243 5
116.36531 39.92388 116.40767 39.87625 5
116.42114 39.92347 116.42016 39.88068 5
116.43643 39.87245 116.42279 39.91551 5
116.43512 39.8977 116.37079 39.8509 5
116.36361 39.86039 116.35001 39.88814 5
116.43909 39.85865 116.41609 39.87725 5
116.41449 39.90814 116.41354 39.93842 5
116.3787 39.86553 116.35046 39.8876 5
116.38111 39.87415 116.3404 39.87854 5
116.34202 39.92243 116.43023 39.90522 5
116.37028 39.86397 116.41756 39.8722 5
116.41739 39.89521 116.42148 39.84935 5
116.39028 39.87285 116.34042 39.88577 5
116.43925 39.89806 116.42898 39.93797 5
116.39439 39.89944 116.42378 39.91464 5
116.3833 39.86738 116.35829 39.87906 5
116.36301 39.88563 116.42844 39.89986 5
116.4147 39.90773 116.43461 39.89265 5
116.42145 39.88562 116.42242 39.92397 5
