113.3686,23.1269,113.3766,23.1347
113.3241,23.0803,113.3161,23.0199
113.2762,23.2094,113.2762,23.2093
113.2489,23.1424,113.2504,23.1506
113.3682,23.1225,113.3472,23.1184
113.30918,23.01139,113.34942,23.05909
113.2804,23.1387,113.3022,23.1373
113.24038,23.15351,113.24038,23.15351
113.22866,23.1281,113.24019,23.11416
113.3219,23.091,113.3053,23.0712
113.3205,23.0981,113.3167,23.0803
113.30713,23.25462,113.30713,23.25462
113.37811,23.1328,113.37811,23.1328
113.33519,23.08638,113.31031,23.06553
113.3157,23.1233,113.3577,23.1465
113.2642,23.1171,113.2591,23.1342
113.2579,23.1567,113.2042,23.1179
113.277,23.2123,113.277,23.2123
113.32,23.1299,113.3542,23.1474
113.2638,23.2072,113.2379,23.2054
113.3417,23.1386,113.3766,23.164
113.34433,23.11362,113.31277,23.14345
113.3609,23.1247,113.3609,23.1247
113.3203,23.1499,113.2562,23.1668
113.3243,23.0094,113.3241,23.0107
113.2702,23.2118,113.27,23.2118
113.386,23.1931,113.386,23.1931
113.28834,23.138,113.26268,23.12048
113.3195,23.2719,113.3195,23.2719
113.3797,23.1741,113.338,23.1299
113.28265,23.08658,113.25488,23.09176
113.2635,23.2188,113.2635,23.2188
113.23579,23.17895,113.23579,23.17895
113.2517,23.2043,113.2518,23.2043
113.26301,23.19534,113.26301,23.19534
113.3016,23.1497,113.2853,23.1276
113.46062,23.11247,113.46059,23.11247
113.338,23.2372,113.3381,23.2372
113.2743,23.2127,113.2743,23.2127
113.25711,23.23609,113.30162,23.40693
113.28005,23.09381,113.32293,23.14683
113.3323,23.1031,113.3323,23.1031
113.4109,23.1083,113.4109,23.1083
113.2691,23.07585,113.27341,23.08871
113.2731,23.2082,113.3005,23.223
113.2422,23.1311,113.2528,23.1349
113.28321,23.13672,113.28321,23.13672
113.4351,23.1142,113.4351,23.1142
113.26278,23.15183,113.26431,23.12175
113.25127,23.10835,113.25776,23.1979
113.2902,23.1269,113.2826,23.1385
113.26903,23.17125,113.26903,23.17125
113.22918,23.11881,113.22918,23.11881
113.32301,23.12983,113.30359,23.13683
113.344,23.1733,113.3339,23.1726
113.3136,23.1272,113.3136,23.1272
113.3834,23.1928,113.3834,23.1928
113.3522,23.3215,113.3522,23.3215
113.29245,23.13358,113.37195,23.10047
113.3024,23.2849,113.3024,23.2849
113.3146,23.0636,113.3398,23.1265
113.37206,23.12565,113.39552,23.11261
113.22012,23.17528,113.23598,23.15557
113.37875,23.15303,113.37877,23.15304
113.2591,23.0979,113.2591,23.0979
113.34341,23.1383,113.37175,23.12899
113.272,23.1107,113.3063,23.1318
113.3226,23.1303,113.2739,23.1846
113.3659,23.2764,113.3235,23.2106
113.2465,23.1499,113.2281,23.0938
113.2759,23.2094,113.2759,23.2094
113.3159,23.1575,113.2631,23.1788
113.4065,23.1197,113.4065,23.1197
113.25787,23.20231,113.29853,23.15731
113.32265,23.12692,113.32659,23.14706
113.23315,23.16701,113.29555,23.38812
113.25682,23.1484,113.22652,23.1382
113.32027,23.15135,113.31578,23.15745
113.3651,23.1438,113.251,23.2361
113.36873,23.13051,113.29259,23.13484
113.2672,23.1433,113.2447,23.1776
113.2456,23.1799,113.231,23.1421
113.3705,23.133,113.3709,23.1346
113.30196,23.15839,113.50893,23.10801
113.2841,23.25903,113.27396,23.20757
113.2334,23.0979,113.2334,23.098
113.315,23.0805,113.2427,23.1365
113.25499,23.12086,113.28942,23.12673
113.26796,23.14019,113.27429,23.20705
113.24355,23.1125,113.22814,23.07754
113.3951,22.8005,113.3951,22.8004
113.38727,23.19801,113.38734,23.19799
113.30952,23.12275,113.32926,23.13666
113.25834,23.19785,113.221,23.3553
113.3018,23.407,113.3018,23.407
113.3725,23.0812,113.3725,23.0812
113.2048,23.1568,113.244,23.1493
113.25652,23.13663,113.2467,23.15011
113.2761,23.14091,113.26788,23.12892
113.28363,23.12816,113.23523,23.11622
113.2853,23.2368,113.3078,23.1537
113.32368,23.21607,113.32278,23.20739
113.277,23.2129,113.277,23.2129
113.3283,23.1228,113.3237,23.1299
113.4002,23.1188,113.4007,23.1188
113.24984,23.19348,113.24984,23.19348
113.22118,23.14785,113.22118,23.14785
113.23634,23.12598,113.32659,23.12144
113.3863,23.19728,113.3863,23.19728
113.2649,23.2335,113.2649,23.2335
113.2525,23.1633,113.2701,23.1964
113.3285,23.0927,113.3285,23.0927
113.2475,23.1318,113.2556,23.1345
113.3096,23.1217,113.31,23.1216
113.2525,23.1875,113.2516,23.1752
113.27891,23.13655,113.27891,23.13655
113.3309,23.01781,113.30694,22.98862
113.3359,23.1946,113.3359,23.1946
113.20043,23.15264,113.20043,23.15264
113.3602,23.0844,113.3602,23.0844
113.22379,23.09472,113.22379,23.09472
113.3277,23.1505,113.3027,23.1345
113.30259,23.14786,113.27489,23.13383
113.24915,23.13461,113.31231,23.12242
113.3325,23.132,113.2744,23.1647
113.25764,23.11147,113.27962,23.07109
113.30863,23.11193,113.28251,23.11439
113.25,23.1508,113.25,23.1508
113.3177,23.10003,113.3177,23.10003
113.3384,23.1409,113.3098,23.1186
113.2626,23.15175,113.2626,23.15175
113.23383,23.10493,113.23383,23.10493
113.2575,23.1974,113.1924,23.1582
113.3107,23.0882,113.2278,23.1851
113.3354,23.1247,113.3302,23.1439
113.29013,23.12708,113.29209,23.13615
113.22565,23.14522,113.22565,23.14522
113.3658,23.1959,113.2803,23.1465
113.34652,23.15004,113.34652,23.15004
113.35731,23.13167,113.32791,23.12663
113.3959,23.1719,113.3959,23.1719
113.2685,23.1145,113.3202,23.1442
113.25475,23.24311,113.25466,23.24308
113.3424,23.00984,113.32443,23.00683
113.29731,23.23061,113.28354,23.22458
113.319,23.2151,113.319,23.2151
113.33814,23.20999,113.32394,23.2167
113.2404,23.2106,113.2462,23.1498
113.26492,23.16032,113.26492,23.16032
113.2903,23.1404,113.2644,23.1449
113.26626,23.23267,113.26626,23.23267
113.32056,23.14388,113.32049,23.14475
113.3026,23.1207,113.2724,23.1034
113.2441,23.1494,113.2031,23.1585
113.26623,23.20669,113.27823,23.12408
113.3216,23.1972,113.3247,23.2177
113.25243,23.2104,113.25204,23.21055
113.36202,23.10085,113.37994,23.13419
113.2203,23.1788,113.2786,23.2048
113.3173,23.0878,113.3173,23.0878
113.27009,23.11019,113.38978,23.12668
113.2344,23.1109,113.2928,23.1372
113.311,23.0791,113.311,23.0791
113.2818,23.1289,113.2822,23.1287
113.32303,23.21486,113.32388,23.21409
113.2913,23.2213,113.2913,23.2213
113.2875,23.1259,113.2048,23.1182
113.37154,23.1246,113.37151,23.12454
113.4093,23.6764,113.4237,23.6205
113.26669,23.18398,113.24385,23.15132
113.30566,23.10326,113.30566,23.10326
113.32025,23.16985,113.31028,23.13145
113.32827,23.15468,113.32842,23.15472
113.3286,23.105,113.3614,23.1122
113.28591,23.07682,113.28591,23.07682
113.3769,23.1347,113.3769,23.1347
113.25054,23.13823,113.27919,23.13793
113.33173,23.12955,113.32121,23.04717
113.27722,23.21082,113.27722,23.21082
113.26208,23.19521,113.26208,23.19521
113.25822,23.22002,113.32525,23.13606
113.26773,23.13993,113.25069,23.12024
113.3189,23.0987,113.3317,23.0021
113.3324,23.1974,113.3324,23.1974
113.31585,23.1179,113.29873,23.06231
113.3325,23.1176,113.3325,23.1176
113.3639,23.0844,113.3639,23.0844
113.3226,23.0856,113.3226,23.0856
113.2467,23.1283,113.2467,23.1283
113.27484,23.08964,113.27386,23.11863
113.3929,23.1177,113.3926,23.1178
113.30501,23.12259,113.28403,23.13841
113.26031,23.12824,113.33782,23.11604
113.27301,23.20791,113.27304,23.20788
113.47638,23.43518,113.616,23.37061
113.37904,23.16297,113.37903,23.16285
113.2637,23.1633,113.2729,23.2072
113.2705,23.1772,113.2664,23.1387
113.32214,23.09099,113.30392,23.13065
113.40581,23.11416,113.40581,23.11416
113.23302,23.17809,113.23302,23.17809
113.25751,23.12287,113.26611,23.12637
113.279,23.0956,113.3056,23.073
113.26382,23.15102,113.26628,23.1363
113.2179,23.1543,113.2955,23.0541
113.37193,23.19259,113.37193,23.19259
113.3103,23.135,113.3159,23.1209
113.3468,23.1749,113.3468,23.1749
113.3131,23.1366,113.2728,23.1377
113.2426,23.1345,113.2638,23.1449
113.24832,23.09462,113.2679,23.10514
113.3104,23.0854,113.3201,23.1696
113.3267,23.1517,113.3229,23.1388
113.3206,23.1515,113.4134,23.1192
113.27305,23.14742,113.27288,23.12164
113.3211,23.212,113.3211,23.212
113.2743,23.2093,113.2742,23.2094
113.38813,23.13822,113.38813,23.13822
113.3082,23.0608,113.3082,23.0608
113.2896,23.2197,113.2532,23.1348
113.2993,23.2409,113.3182,23.2151
113.3157,23.15719,113.26447,23.16033
113.4183,23.1939,113.2955,23.2246
113.2887,23.1269,113.2879,23.1271
113.4667,23.1058,113.4667,23.1058
113.36833,23.10789,113.33685,23.12897
113.32834,23.05581,113.32834,23.05581
113.41,23.169,113.3087,23.1543
113.23192,23.23641,113.23192,23.23641
113.2556,23.1087,113.3142,23.0804
113.3593,23.199,113.3488,23.0153
113.3566,23.1263,113.2615,22.9926
113.2295,23.17,113.2295,23.17
113.27287,23.12124,113.31409,23.12221
113.24031,23.10879,113.2436,23.11342
113.2672,23.2608,113.2672,23.2608
113.231,23.1731,113.231,23.1735
113.3108,23.07932,113.27238,23.18145
113.2607,23.1366,113.3094,23.0388
113.28201,23.13885,113.33047,23.13459
113.2927,23.049,113.2927,23.049
113.28388,23.22456,113.28388,23.22456
113.39105,23.13265,113.39046,23.13258
113.3086,23.1159,113.3101,23.1159
113.3714,23.1259,113.3714,23.1259
113.30985,23.1224,113.26972,23.11227
113.30876,23.1478,113.2737,23.12967
113.3096,23.1575,113.3088,23.1479
113.4033,23.1193,113.4033,23.1193
113.33921,23.16568,113.36965,23.13886
113.32561,23.13613,113.28684,23.13746
113.37769,23.13462,113.44176,23.10612
113.36504,23.13234,113.45265,23.12876
113.29622,23.39263,113.29622,23.39263
113.27331,23.20791,113.27306,23.20839
113.3198,23.1283,113.3386,23.1431
113.24494,23.1345,113.24494,23.1345
113.3229,23.2125,113.3226,23.2127
113.2047,23.2041,113.2778,23.0003
113.26269,23.15172,113.27961,23.12952
113.3788,23.128,113.4075,23.1794
113.26271,23.15173,113.26271,23.15173
113.17505,23.3267,113.17505,23.3267
113.3195,23.1551,113.2951,23.227
113.29601,23.22712,113.29601,23.22712
113.3271,23.1443,113.3233,23.2093
113.26247,23.15182,113.26247,23.15182
113.214,23.13679,113.25323,23.14895
113.26736,23.20725,113.26736,23.20725
113.3097,23.14,113.3683,23.1078
113.33544,23.1173,113.29935,23.06335
113.3235,23.2206,113.3235,23.2206
113.2621,22.9879,113.2616,22.9887
113.26712,23.10297,113.2382,23.07721
113.3657,23.0783,113.3657,23.0783
113.22295,23.10426,113.22295,23.10426
113.2038,23.1177,113.2567,23.1042
113.2576,23.1557,113.2581,23.1573
113.3421,23.2468,113.3421,23.2468
113.3759,23.1351,113.3759,23.1351
113.3097,23.1405,113.2777,23.0991
113.3073,23.0307,113.3073,23.0307
113.32096,23.2119,113.31692,23.13619
113.2585,23.2154,113.2466,23.1498
113.327,23.1483,113.2709,23.1672
113.2585,23.2021,113.2737,23.2061
113.3209,23.2123,113.3208,23.2124
113.2954,23.29143,113.31553,23.25934
113.3046,23.1371,113.3891,23.1362
113.27582,23.21169,113.27569,23.21173
113.30122,23.40715,113.30123,23.40714
113.3175,23.1244,113.2389,23.0998
113.321,23.2776,113.2581,23.2029
113.31602,23.1195,113.22241,23.10522
113.2556,23.2161,113.2556,23.2161
113.373,23.0781,113.373,23.0781
113.3725,23.1367,113.3725,23.1367
113.27282,23.08178,113.23221,23.11937
113.229,23.1649,113.229,23.1649
113.281,22.9587,113.2676,22.9572
113.315,23.1818,113.3088,23.1562
113.28842,23.22223,113.28842,23.22223
113.31013,23.10129,113.30844,23.15117
113.32529,23.12304,113.32239,23.14401
113.2463,23.173,113.2472,23.2085
113.2731,23.1299,113.2556,23.1088
113.26872,23.23858,113.26725,23.19642
113.335,23.1287,113.2839,23.1053
113.31644,23.12528,113.33182,23.1304
113.3652,23.078,113.3652,23.078
113.27103,23.11003,113.27013,23.12541
113.3175,23.15355,113.25737,23.12007
113.3306,23.2303,113.3213,23.1884
113.2891,23.0516,113.2891,23.0516
113.2742,23.202,113.2457,23.157
113.35564,23.12617,113.35606,23.12602
113.2737,23.2096,113.2737,23.2096
113.3123,23.11731,113.34204,23.0831
113.25179,23.17544,113.25179,23.17544
113.25673,23.1341,113.32867,23.12943
113.36136,23.10094,113.36136,23.10094
113.3233,23.1636,113.3373,23.1724
113.34403,23.17521,113.25732,23.12163
113.2332,23.125,113.2815,23.0898
113.2781,23.1338,113.24,23.1114
113.24256,23.13372,113.23621,23.13753
113.29576,23.38355,113.29761,23.15616
113.2741,23.2092,113.2742,23.2092
113.23123,23.12272,113.26603,23.13378
113.40376,23.10944,113.40376,23.10944
113.30256,23.24075,113.28623,23.22301
113.3865,23.1415,113.3865,23.1415
113.35481,23.11336,113.35481,23.11336
113.30004,23.13442,113.30004,23.13442
113.2763,23.1203,113.3072,23.1271
113.3076,23.1178,113.3076,23.1177
113.26213,22.98783,113.26178,22.9899
113.49377,23.46912,113.36031,23.34358
113.37772,23.1345,113.37772,23.1345
113.2743,23.2112,113.2743,23.2112
113.27708,23.12985,113.31445,23.14834
113.26792,23.12904,113.30572,23.13689
113.38441,23.13006,113.3846,23.13008
113.34069,23.17551,113.36885,23.19323
113.30987,23.08768,113.30987,23.08768
113.3012,23.4075,113.3012,23.4075
113.3155,23.1223,113.3155,23.1227
113.2958,23.3893,113.2956,23.3885
113.3573,23.1319,113.3299,23.1295
113.3106,23.0165,113.2603,22.9904
113.3353,23.1377,113.2533,23.1649
113.337,23.1725,113.3368,23.1725
113.3212,23.1718,113.3584,23.1401
113.37866,23.16337,113.37746,23.16259
113.32855,23.11037,113.26042,22.99461
113.2793,23.1337,113.2805,23.1334
113.2745,23.20864,113.27438,23.2086
113.2883,23.0471,113.2883,23.0471
113.26415,23.19652,113.29911,23.22299
113.25809,23.09777,113.25809,23.09777
113.31102,23.13027,113.3167,23.1642
113.2606,22.9921,113.2604,22.9902
113.3103,23.2637,113.3103,23.2637
113.33279,23.17105,113.24808,23.15833
113.3216,23.2007,113.3216,23.2007
113.36885,23.12382,113.44739,23.10888
113.28554,23.07775,113.2247,23.12438
113.28286,23.14247,113.2692,23.10699
113.3438,23.0109,113.3146,23.0168
113.3533,23.0653,113.3689,23.0824
113.2703,23.10946,113.2703,23.10946
113.378,23.1344,113.3895,23.1377
113.26395,23.16133,113.25589,23.16713
113.3301,23.1843,113.3301,23.1843
113.2301,23.1577,113.2751,23.1338
113.19231,23.07199,113.19231,23.07199
113.301,23.0304,113.301,23.0302
113.24404,23.14429,113.29359,23.37299
113.24501,23.13597,113.26575,23.13376
113.2645,23.16097,113.2493,23.11089
113.27983,23.08764,113.27983,23.08764
113.37953,23.16339,113.37953,23.16339
113.33742,23.14409,113.28104,23.1391
113.31607,23.21011,113.22469,23.13027
113.34353,23.17722,113.34353,23.17722
113.36449,23.12287,113.36449,23.12287
113.3712,23.1371,113.3211,23.1359
113.2731,23.06671,113.2731,23.06671
113.22412,23.14507,113.22412,23.14507
113.33969,23.10125,113.32224,23.10458
113.3354,23.1734,113.366,23.196
113.24672,23.20876,113.2581,23.2056
113.37303,23.21452,113.30994,23.13734
113.35328,23.17374,113.35328,23.17374
113.3672,23.0759,113.3671,23.0759
113.27427,23.21013,113.27414,23.21066
113.2127,23.3811,113.2107,23.3782
113.2483,23.1669,113.2553,23.1679
113.2739,23.1851,113.287,23.2107
113.2781,23.2159,113.2781,23.2159
113.31373,23.27247,113.28281,23.2069
113.23311,23.10146,113.23311,23.10146
113.2645,23.09694,113.26667,23.10452
113.2577,23.1978,113.2544,23.1788
113.26248,23.1518,113.26248,23.1518
113.4176,23.12019,113.4176,23.12019
113.1917,23.1439,113.2507,23.1734
113.2699,23.212,113.2699,23.212
113.26488,23.14446,113.26275,23.15174
113.2334,23.11218,113.25544,23.17032
113.24521,23.10164,113.24521,23.10164
113.28908,23.12177,113.28908,23.12177
113.26263,23.1518,113.29282,23.14251
113.29226,23.11297,113.26755,23.12105
113.37469,23.1346,113.37469,23.1346
113.31004,23.13796,113.31012,23.13746
113.26987,23.08195,113.27375,23.08364
113.24949,23.12367,113.25792,23.19768
113.2659,23.12063,113.22486,23.10038
113.24051,23.1114,113.23266,23.14255
113.30352,23.04187,113.27538,23.1121
113.26419,23.13379,113.33988,23.14273
113.35629,23.15463,113.3106,23.10988
113.23165,23.17321,113.24177,23.12597
113.26522,23.16727,113.26522,23.16727
113.31681,23.12201,113.31149,23.12194
113.25667,23.13516,113.21575,23.16117
113.23892,23.20568,113.23892,23.20568
113.26247,23.15159,113.26247,23.15159
113.28197,23.13358,113.31588,23.12661
113.26454,23.17151,113.27438,23.18719
113.25029,23.17527,113.25204,23.16065
113.26264,23.15237,113.26264,23.15237
113.37439,23.14023,113.36545,23.07534
113.3613,23.1451,113.4978,23.1177
113.27977,23.08789,113.27977,23.08789
113.2738,23.1841,113.2749,23.2113
113.28003,23.08801,113.28003,23.08801
113.33566,23.29563,113.32838,23.28722
113.24349,23.10121,113.24349,23.10121
113.25232,23.20443,113.25236,23.20394
113.2729,23.1417,113.3078,23.1332
113.29594,23.39169,113.29594,23.39169
113.23452,23.13923,113.27612,23.12061
113.2601,22.9918,113.2601,22.9906
113.289,23.0515,113.289,23.0515
113.19514,23.16728,113.24172,23.11144
113.4149,23.0762,113.3667,23.0807
113.3172,23.1437,113.3197,23.1518
113.24918,23.15979,113.22719,23.11752
113.3102,23.1433,113.3112,23.1313
113.322,23.2166,113.322,23.2166
113.37247,23.07803,113.37247,23.07803
113.32309,23.14022,113.32586,23.16517
113.2819,23.1288,113.3196,23.1515
113.3678,23.0767,113.3678,23.0767
113.2385,23.1546,113.2385,23.1546
113.36196,22.93754,113.36196,22.93754
113.2573,23.1228,113.2655,23.1059
113.26491,23.15976,113.28972,23.13712
113.2544,23.1092,113.3161,23.1416
113.295,23.1489,113.3151,23.1807
113.50465,23.17866,113.41047,23.19375
113.34172,23.14798,113.42977,23.16805
113.2986,22.9768,113.2986,22.9768
113.25105,23.08258,113.25104,23.08258
113.37788,23.1606,113.39118,23.13685
113.3012,23.2642,113.3012,23.2642
113.27848,23.236,113.27848,23.236
113.24385,23.25899,113.24385,23.25899
113.3929,23.1551,113.371,23.1355
113.2676,23.1545,113.2714,23.1337
113.2519,23.1454,113.2519,23.1454
113.4131,23.1245,113.4131,23.1245
113.2338,23.1217,113.2737,23.1296
113.4528,23.1284,113.453,23.1282
113.3665,23.0755,113.3665,23.0755
113.32442,23.21864,113.32469,23.21845
113.2497,23.2097,113.2497,23.2097
113.2561,23.1226,113.2868,23.1357
113.3858,23.1254,113.3858,23.1254
113.4056,23.1597,113.4075,23.1694
113.25272,23.15042,113.2514,23.24836
113.3503,23.1026,113.3701,23.1295
113.3621,23.1347,113.3621,23.1347
113.381,23.1706,113.3547,23.1472
113.29053,23.27242,113.29053,23.27242
113.25368,23.21131,113.25368,23.21131
113.3532,23.1313,113.3511,23.123
113.239,23.1331,113.2041,23.1177
113.2426,23.1177,113.2428,23.2097
113.3655,23.078,113.3655,23.078
113.2996,23.0713,113.2996,23.0713
113.30934,23.1444,113.32791,23.12747
113.457,23.1437,113.457,23.1437
113.29472,23.21931,113.29472,23.21931
113.30226,23.11803,113.22521,23.12872
113.4009,23.1193,113.4006,23.1193
113.31873,23.2153,113.31873,23.2153
113.32401,23.21429,113.31641,23.18437
113.3487,23.0154,113.3207,23.1992
113.3098,23.1282,113.3174,23.153
113.2941,23.2247,113.2505,23.1972
113.2513,23.1956,113.2497,23.1987
113.31016,23.09832,113.31016,23.09832
113.25725,23.19597,113.2434,23.15021
113.3234,23.2102,113.3212,23.2032
113.2507,23.1894,113.2511,23.1893
113.3092,23.14825,113.28516,23.12258
113.3547,23.134,113.3555,23.1236
113.33089,23.23001,113.33093,23.23
113.28719,23.13364,113.20683,23.15501
113.3308,23.1683,113.3437,23.1807
113.24698,23.20872,113.22463,23.13331
113.3165,23.2137,113.2763,23.2103
113.2922,23.1131,113.2803,23.1077
113.3901,22.9411,113.3901,22.9411
113.2628,23.1459,113.2458,23.1499
113.41251,23.11738,113.25866,23.12768
113.2811,23.1466,113.2676,23.1151
113.3956,23.1268,113.4252,23.111
113.3346,23.2405,113.3346,23.2405
113.25961,23.19064,113.25957,23.19078
113.4346,23.1122,113.4345,23.1124
113.2554,23.0864,113.2534,23.0857
113.3178,23.1522,113.3046,23.1344
113.3644,22.9527,113.2688,22.9576
113.32225,23.21667,113.32225,23.21667
113.3562,23.1259,113.3296,23.1295
113.3427,23.2455,113.3427,23.2455
113.2506,23.2099,113.2506,23.2099
113.4188,22.9553,113.4052,22.9404
113.3853,23.01,113.2608,22.9898
113.3872,22.9404,113.3874,22.9405
113.32218,23.13081,113.30166,23.13728
113.27731,23.14631,113.32764,23.09867
113.36632,23.07715,113.36632,23.07715
113.30098,23.40737,113.30098,23.40737
113.264,23.22074,113.31164,23.16672
113.2826,23.2067,113.2703,23.1088
113.27485,23.2019,113.34448,23.15343
113.22762,23.10277,113.23408,23.11164
113.218,23.12373,113.218,23.12373
113.32911,23.19393,113.37455,23.17173
113.31509,23.28285,113.31511,23.28281
113.31235,23.06327,113.31235,23.06327
113.31071,23.26796,113.31071,23.26796
113.26499,23.02957,113.26785,23.0987
113.2581,23.15889,113.25575,23.10641
113.30272,23.23905,113.25629,23.16765
113.41656,23.41383,113.29606,23.23103
113.3925,23.1178,113.3925,23.1178
113.2774,23.352,113.2748,23.3499
113.2525,23.1501,113.3695,23.13
113.323,23.1452,113.3105,23.1583
113.3095,23.1364,113.3454,23.1038
113.5016,23.503,113.3584,23.1613
113.2565,23.1398,113.2598,23.3737
113.2988,23.0845,113.2863,23.1067
113.24406,23.15253,113.24406,23.15253
113.4765,23.2112,113.3577,23.197
113.285,22.9944,113.261,22.9924
113.25836,23.18239,113.31557,23.15723
113.27275,23.19518,113.27275,23.19518
113.2397,23.1168,113.4121,23.1137
113.33187,23.03,113.30574,23.04159
113.2501,23.2105,113.2501,23.2105
113.2957,23.3881,113.2564,23.2376
113.3681,23.0992,113.2647,22.9875
113.32029,23.14941,113.30926,23.14822
113.2486,23.1585,113.2703,23.1642
113.2031,23.0674,113.27,23.3062
113.4507,23.1041,113.3405,23.1468
113.21379,23.15449,113.21379,23.15449
113.2142,23.27411,113.2142,23.27411
113.4251,23.1111,113.4218,23.133
113.2424,23.1336,113.3079,23.1567
113.28725,23.13669,113.24667,23.14981
113.403,23.114,113.403,23.114
113.36873,23.12746,113.36872,23.11707
113.3418,23.1475,113.3403,23.1722
113.33946,23.13871,113.27443,23.14176
113.293,23.26804,113.293,23.26804
113.2584,23.0861,113.2831,23.1366
113.55674,23.13844,113.55674,23.13844
113.33026,23.136,113.23332,23.1721
113.32823,23.1512,113.30832,23.15673
113.30382,23.15898,113.21854,23.20624
113.30996,23.13684,113.31581,23.1197
113.23178,23.23639,113.23178,23.23639
113.31591,23.26318,113.31591,23.26318
113.23117,23.1215,113.24602,23.13585
113.24919,23.13442,113.32243,23.14564
113.2883,23.12129,113.26105,23.20528
113.33818,23.12644,113.3323,23.10114
113.26892,23.13318,113.25403,23.15879
113.277,23.21003,113.277,23.21003
113.30717,23.04461,113.30717,23.04461
113.31749,23.12004,113.31666,23.03143
113.26262,23.08141,113.31879,23.09875
113.27328,23.24455,113.27328,23.24455
113.32147,23.09048,113.32147,23.09048
113.26691,23.13875,113.22138,23.19505
113.24416,23.17584,113.24663,23.05549
113.23819,23.10843,113.30063,23.15767
113.27711,23.21228,113.27711,23.21228
113.40326,23.15996,113.40326,23.15996
113.34458,23.13832,113.38549,23.12736
113.3857,23.1224,113.3849,23.1203
113.45148,23.17792,113.29708,23.22395
113.29411,23.14373,113.32669,23.16737
113.2639,23.0966,113.2434,23.0837
113.3122,23.0249,113.3122,23.0249
113.2731,23.214,113.2731,23.214
113.25639,23.14681,113.27333,23.16219
113.2381,23.1145,113.2641,23.0799
113.2673,23.0886,113.2719,23.1346
113.25174,23.2107,113.25137,23.21124
113.28687,23.22658,113.28208,23.20264
113.27309,23.12812,113.27585,23.13601
113.24994,23.21064,113.24998,23.2105
113.2782,23.0978,113.3243,23.0706
113.2485,23.2111,113.2913,23.2147
113.33056,23.21969,113.253,23.1228
113.25752,23.20667,113.31722,23.16068
113.25796,23.16154,113.32071,23.20272
113.30178,23.06611,113.30178,23.06611
113.3056,23.30402,113.3056,23.30402
113.31094,23.13633,113.22756,23.10414
113.31642,23.13806,113.26049,23.12815
113.25812,23.08651,113.25812,23.08651
113.30514,23.13711,113.41184,23.13199
113.21621,23.27882,113.2159,23.27864
113.2466,23.1242,113.2468,23.1242
113.264,23.1946,113.2658,23.1966
113.4065,23.1154,113.36,23.1352
113.32861,23.1326,113.31815,23.15148
113.326,23.1654,113.3224,23.1897
113.3365,23.1749,113.3366,23.1749
113.407,23.1174,113.407,23.1174
113.2559,23.1137,113.2682,23.1185
113.2633,23.2087,113.3107,23.1582
113.2114,23.1247,113.2151,23.137
113.2417,23.1227,113.2897,23.3607
113.2577,23.2067,113.2818,23.2043
113.31607,23.14366,113.32028,23.14885
113.2999,23.0713,113.2999,23.0713
113.3735,23.1504,113.3735,23.1504
113.28078,23.11642,113.25171,23.11584
113.39356,23.19875,113.39356,23.19875
113.4222,23.1296,113.4222,23.1296
113.3675,23.0769,113.3675,23.0769
113.3577,23.1012,113.354,23.1369
113.3099,23.11556,113.31374,23.13034
113.273,23.1981,113.273,23.1981
113.3291,23.1154,113.2736,23.1107
113.2679,23.1936,113.2663,23.1947
113.3164,23.135,113.3623,23.1368
113.258,23.1289,113.2227,23.146
113.23046,23.17718,113.23046,23.17718
113.2997,23.0713,113.3,23.0712
113.37014,23.07722,113.37014,23.07722
113.2603,23.16144,113.32062,23.17021
113.29095,23.03966,113.26268,22.9934
113.2328,23.12821,113.2328,23.12821
113.26805,23.06774,113.26805,23.06774
113.31004,23.13149,113.32864,23.13577
113.33832,23.12579,113.31561,23.12413
113.2794,23.09646,113.28141,23.0905
113.31656,23.26383,113.31656,23.26383
113.3096,23.1301,113.2402,23.1142
113.2893,23.4384,113.2656,23.0947
113.2567,23.1296,113.2811,23.0891
113.34063,23.2239,113.32269,23.17364
113.27139,23.20744,113.27139,23.20744
113.2618,23.0956,113.3681,23.1225
113.27984,23.08775,113.27984,23.08775
113.25795,23.09782,113.25795,23.09782
113.2994,23.0711,113.2994,23.0711
113.2448,23.1543,113.2754,23.1447
113.27671,23.14052,113.36945,23.12438
113.2764,23.2096,113.2764,23.2096
113.3235,23.2141,113.3206,23.2027
113.2556,23.2407,113.2555,23.2407
113.36693,23.11318,113.31997,23.15157
113.2985,23.38739,113.30118,23.40701
113.34625,23.25556,113.34625,23.25556
113.197,23.157,113.197,23.157
113.2791,23.2118,113.2791,23.2118
113.30132,23.40732,113.30219,23.40744
113.26842,23.23243,113.28383,23.22472
113.29567,23.22726,113.29567,23.22726
113.3102,23.1356,113.3293,23.1207
113.32923,23.12924,113.24817,23.12933
113.2729,23.1271,113.3156,23.1218
113.2889,23.2516,113.2889,23.2516
113.2525,23.1495,113.25,23.1506
113.383,23.1315,113.383,23.1316
113.2958,23.3886,113.2957,23.3865
113.31898,23.21524,113.31897,23.21525
113.2647,23.2438,113.2645,23.2445
113.3205,23.2112,113.3205,23.2112
113.31905,23.21467,113.31899,23.21466
113.4809,23.3126,113.2744,23.2091
113.34685,23.2529,113.32268,23.18505
113.25069,23.17509,113.26115,23.10959
113.22611,23.10334,113.2724,23.1031
113.3189,23.2153,113.3189,23.2153
113.27254,23.0672,113.27251,23.06723
113.29868,23.22242,113.29868,23.22234
113.20507,23.14416,113.23193,23.14217
113.30679,23.12247,113.28265,23.3552
113.4016,23.1368,113.3131,23.128
113.27739,23.12121,113.27739,23.12966
113.30985,23.13822,113.29511,23.14852
113.26284,23.15143,113.26284,23.15143
113.21683,23.18211,113.21683,23.18211
113.26939,23.10295,113.26939,23.10295
113.27302,23.12952,113.27437,23.13369
113.35272,23.08943,113.35272,23.08943
113.25154,23.21071,113.25154,23.21071
113.2875,23.2106,113.2917,23.2161
113.22605,23.16037,113.24857,23.12791
113.36948,23.1419,113.52117,23.07724
113.17862,23.0682,113.18682,23.06844
113.2317,23.236,113.2317,23.236
113.32068,23.16117,113.40775,23.18387
113.2737,23.2511,113.2737,23.2511
113.24762,23.12307,113.26025,23.17968
113.22918,23.13167,113.22918,23.13167
113.31026,23.13159,113.31026,23.13159
113.25413,23.11378,113.29112,23.14113
113.23377,23.11372,113.23331,23.12869
113.26682,23.13918,113.27069,23.16108
113.2372,23.0651,113.2372,23.0651
113.31175,23.27934,113.31175,23.27934
113.26742,23.12924,113.28041,23.13841
113.25686,23.12839,113.25686,23.12839
113.35472,23.11309,113.35472,23.11309
113.27887,23.09553,113.27887,23.09553
113.22059,23.19994,113.23161,23.16814
113.318,23.1658,113.3206,23.1295
113.33335,23.2261,113.3099,23.21575
113.26091,22.98952,113.26203,22.98801
113.43849,23.13636,113.43849,23.13636
113.26658,23.06933,113.26658,23.06933
113.28201,23.1289,113.31695,23.12218
113.29912,23.13721,113.25266,23.11154
113.2513,23.2146,113.2513,23.2146
113.273,23.2075,113.273,23.2075
113.24868,23.15576,113.21988,23.18831
113.2833,23.2197,113.2718,23.1996
113.2751,23.1339,113.3193,23.1437
113.25793,23.19827,113.25808,23.19946
113.27753,23.10794,113.27753,23.10794
113.31697,23.02134,113.31252,23.14839
113.344,23.12798,113.344,23.12798
113.2958,23.38921,113.25098,23.16138
113.26742,23.1225,113.32191,23.12987
113.33031,23.16813,113.37945,23.17069
113.26209,22.98779,113.3197,23.1222
113.23911,23.12008,113.24882,23.13533
113.26181,23.15446,113.32358,23.12999
113.27893,23.13374,113.26558,23.18
113.33368,23.12014,113.32374,23.0692
113.30975,23.13708,113.28752,23.12296
113.2774,23.1015,113.2779,23.1007
113.3473,23.255,113.3473,23.2548
113.3675,23.0773,113.3675,23.0773
113.3662,23.0776,113.3662,23.0776
113.25799,23.15918,113.25799,23.15918
113.4072,23.1179,113.4072,23.1179
113.2263,23.2081,113.3426,23.1474
113.299,23.233,113.2553,23.2321
113.3106,23.0603,113.3106,23.0603
113.4055,23.1474,113.4055,23.1474
113.2963,23.072,113.2963,23.072
113.3433,23.17538,113.3433,23.17538
113.3325,23.1258,113.3325,23.1258
113.2975,23.0712,113.2975,23.0712
113.2892,23.0515,113.2892,23.0515
113.3099,23.1172,113.3153,23.1483
113.3098,23.1259,113.2271,23.142
113.23009,23.1281,113.26115,23.16135
113.24089,23.11152,113.20471,23.11813
113.20885,23.16104,113.22489,23.13119
113.4492,23.1041,113.45,23.1044
113.4068,23.1459,113.4068,23.1459
113.34508,23.17895,113.34508,23.17895
113.3638,23.15,113.3794,23.1533
113.3625,23.1959,113.3366,23.1782
113.41019,23.67171,113.41019,23.67171
113.2876,23.1556,113.2723,23.142
113.2687,23.0993,113.253,23.113
113.28739,23.35803,113.28631,23.346
113.2518,23.1455,113.2518,23.1444
113.26347,23.19455,113.28042,23.22482
113.4035,23.112,113.4035,23.112
113.30148,23.16134,113.26437,23.16146
113.2619,22.9883,113.2617,22.9899
113.3974,23.16985,113.41167,23.12423
113.28424,23.21181,113.32298,23.14628
113.3331,23.2262,113.3331,23.2262
113.2889,23.145,113.253,23.1645
113.2277,23.1026,113.315,23.1305
113.2853,23.1381,113.3136,23.1266
113.3195,23.1487,113.2794,23.1582
113.2536,23.1705,113.2674,23.1963
113.315,23.1167,113.32,23.1512
113.34048,23.17577,113.32874,23.28769
113.32329,23.21272,113.32329,23.21272
113.35715,23.18876,113.361,23.20571
113.27919,23.10493,113.32023,23.15173
113.2686,23.1336,113.2741,23.1185
113.2329,23.10036,113.2331,23.10046
113.2777,23.2129,113.2694,23.2622
113.39163,23.12695,113.37675,23.16689
113.24228,23.1434,113.24226,23.13457
113.28466,23.1466,113.34088,23.24329
113.25017,23.25009,113.25476,23.18905
113.27723,23.20582,113.26721,23.20761
113.40986,23.11791,113.40986,23.11791
113.3257,23.12976,113.25743,23.11474
113.33815,23.12897,113.25522,23.09124
113.32281,23.13241,113.24818,23.11595
113.27405,23.13384,113.2633,23.15188
113.43187,23.11606,113.43187,23.11606
113.37813,23.13296,113.37813,23.13296
113.249,23.1273,113.3094,23.1405
113.30956,23.12428,113.30956,23.12428
113.38073,23.1341,113.38073,23.1341
113.37144,23.13368,113.37142,23.13369
113.2699,23.2114,113.2699,23.2114
113.37527,23.13477,113.37508,23.13492
113.3762,23.1348,113.3762,23.1348
113.2792,23.1209,113.1873,23.1476
113.30117,23.26481,113.29867,23.2379
113.28708,23.26232,113.23518,23.11615
113.26835,23.14521,113.21838,23.15058
113.25077,23.20758,113.25123,23.20166
113.3488,23.2682,113.2975,23.2308
113.33733,23.11893,113.38638,23.12502
113.36745,23.07739,113.36768,23.0772
113.4048,23.1322,113.4116,23.121
113.26152,22.9887,113.26152,22.9887
113.2656,23.1932,113.2656,23.1932
113.2248,23.1279,113.2568,23.1207
113.328,23.2279,113.328,23.2279
113.3204,23.1515,113.345,23.1473
113.3642,23.2006,113.3642,23.2005
113.2382,23.1143,113.2301,23.1147
113.2758,23.2103,113.2759,23.2088
113.23619,23.09691,113.26273,23.14597
113.25425,23.20645,113.27316,23.12763
113.25635,23.16235,113.25635,23.16235
113.2295,23.1414,113.3253,23.1295
113.3353,23.2391,113.3355,23.239
113.3385,23.1482,113.248,23.1505
113.2874,23.2106,113.2786,23.1963
113.4002,23.1333,113.4773,23.0946
113.3157,23.0804,113.2753,22.9923
113.3105,22.9811,113.3598,23.0132
113.305,23.1486,113.3279,23.1289
113.282,23.1289,113.2826,23.1286
113.2873,23.2203,113.2873,23.2204
113.3763,23.1708,113.3763,23.1708
113.331,23.1861,113.331,23.1861
113.24819,23.15048,113.30676,23.1417
113.2545,23.1754,113.2493,23.1333
113.28969,23.12649,113.30873,23.1487
113.30456,23.25227,113.31353,23.259
113.2748,23.2105,113.275,23.2106
113.3167,23.1639,113.2805,23.139
113.25428,23.13554,113.25428,23.13554
113.3224,23.1171,113.3361,23.1289
113.2963,23.393,113.2959,23.3911
113.2741,23.2094,113.2741,23.2094
113.2811,23.1572,113.3073,23.1225
113.27972,23.1579,113.3106,23.13679
113.3238,23.017,113.3238,23.017
113.32041,23.08179,113.24468,23.07817
113.27335,23.2073,113.2644,23.20581
113.3103,23.0932,113.3162,23.1261
113.28784,23.09476,113.26964,23.14233
113.27038,23.23448,113.2521,23.19059
113.4104,23.12592,113.32923,23.12945
113.27529,23.07011,113.27529,23.07011
113.34042,22.98948,113.34042,22.98948
113.23572,23.23753,113.23572,23.23753
113.25641,23.12799,113.29264,23.13391
113.32518,23.11996,113.32208,23.09264
113.27046,23.1591,113.32017,23.12993
113.27616,23.14103,113.26027,23.17965
113.28539,23.23404,113.30855,23.24693
113.25603,23.16676,113.21803,23.12784
113.28582,23.13349,113.25357,23.15003
113.2997,23.0712,113.3055,23.0719
113.36865,23.12135,113.37942,23.13419
113.29845,23.15696,113.32996,23.15073
113.27443,23.11697,113.32874,23.13486
113.28331,23.2254,113.28361,23.22436
113.30895,23.1224,113.37599,23.12208
113.26225,23.19543,113.25721,23.15537
113.27795,23.07172,113.27586,23.13459
113.32294,23.19583,113.32294,23.19583
113.32147,23.1619,113.27313,23.12782
113.25547,23.2515,113.25547,23.2515
113.29482,23.144,113.2694,23.16406
113.30538,23.12254,113.28952,23.14827
113.1963,23.16624,113.20843,23.15472
113.31033,23.13583,113.31033,23.13583
113.35609,23.13651,113.26637,23.13604
113.21034,23.10957,113.21034,23.10957
113.2533,23.143,113.2696,23.1228
113.26296,23.15219,113.26296,23.15219
113.3011,23.4074,113.3011,23.4074
113.2764,23.2095,113.2764,23.2095
113.275,23.2167,113.275,23.2167
113.25865,23.21472,113.30107,23.40707
113.3758,23.1348,113.3759,23.1348
113.2791,23.1046,113.2788,23.1038
113.24385,23.14902,113.27091,23.14223
113.2432,23.1284,113.257,23.1007
113.2733,23.2096,113.2733,23.2096
113.30865,23.15589,113.31858,23.21119
113.25092,23.21056,113.25107,23.21048
113.256,23.1386,113.29,23.0849
113.4014,23.1144,113.4014,23.1144
113.4533,23.1292,113.4532,23.1292
113.32246,23.21225,113.32233,23.21238
113.3701,23.1211,113.4105,23.1084
113.2568,23.1283,113.2454,23.1458
113.339,23.2397,113.339,23.2397
113.2511,23.1428,113.2285,23.0961
113.3227,23.1367,113.3225,23.1358
113.30157,23.40702,113.30156,23.40701
113.27055,23.07491,113.25164,23.14933
113.31497,23.14356,113.30205,23.15873
113.30016,23.24713,113.30016,23.24713
113.26303,23.1514,113.26937,23.14225
113.24853,23.13548,113.28641,23.06812
113.33025,23.02554,113.32618,23.03753
113.3849,23.19188,113.3849,23.19188
113.2647,23.2315,113.2648,23.2314
113.25919,23.12311,113.32018,23.15143
113.27783,23.09912,113.24756,23.12108
113.25384,23.24827,113.25784,23.20621
113.22825,23.11715,113.22825,23.11715
113.34988,23.13964,113.34911,23.14006
113.37592,23.13387,113.37592,23.13387
113.26241,23.15166,113.26156,23.15232
113.22711,23.09635,113.22711,23.09635
113.24521,23.17943,113.26253,23.15162
113.44197,23.10523,113.41391,23.11995
113.23624,23.40022,113.23624,23.40022
113.3023,23.134,113.32066,23.12976
113.23328,23.24182,113.23328,23.24182
113.25792,23.16009,113.28424,23.22523
113.28635,23.13788,113.24533,23.13595
113.30212,23.4073,113.29572,23.38954
113.27006,23.12188,113.31908,23.15129
113.27016,23.13815,113.30969,23.12193
