-73.91594 40.743473 -73.968876 40.76911
-73.923816 40.749559 -73.964177 40.763667
-73.966833 40.777711 -73.9934 40.760585
-74.01508 40.716917 -73.993182 40.752553
-73.966678 40.758859 -74.000606 40.721815
-73.99245 40.762397 -73.996783 40.728866
-73.951755 40.716328 -73.925656 40.746639
-73.958193 40.782839 -73.987199 40.761948
-73.990724 40.755954 -73.96007 40.760808
-73.970217 40.774082 -73.99629 40.75298
-73.992207 40.72482 -73.975788 40.751895
-73.95056 40.784205 -73.986848 40.761707
-73.977924 40.760583 -73.961094 40.784413
-73.974737 40.767331 -73.997882 40.722126
-73.978949 40.765927 -74.008012 40.714123
-73.997413 40.767233 -73.969835 40.801212
-73.969987 40.775449 -73.936561 40.805882
-73.956758 40.807388 -73.979309 40.766205
-73.983655 40.712815 -73.977885 40.754516
-73.967054 40.754549 -73.988326 40.724492
-73.941845 40.771352 -73.981793 40.760755
-73.959545 40.778783 -73.98888 40.756132
-73.989248 40.751435 -74.01454 40.729407
-73.94202 40.799435 -73.958892 40.767825
-73.952512 40.78658 -73.977038 40.757537
-73.920733 40.741506 -73.965566 40.760322
-73.990307 40.738348 -73.975083 40.768294
-74.00758 40.73898 -73.980014 40.759577
-73.99061 40.721591 -73.964088 40.767395
-73.938536 40.799735 -73.954254 40.778558
-73.998104 40.736431 -73.978376 40.758832
-73.932011 40.795745 -73.983995 40.736694
-73.948286 40.778911 -73.979389 40.754642
-74.002723 40.706037 -73.974461 40.751802
-73.955796 40.78279 -73.982282 40.765653
-73.956973 40.768729 -73.988948 40.747646
-73.936898 40.795693 -73.994874 40.745411
-73.974033 40.743751 -74.013878 40.712311
-73.962618 40.760369 -73.995419 40.738154
-73.923983 40.7527 -73.960673 40.728233
-73.995915 40.765177 -74.01095 40.716635
-73.990445 40.737112 -73.987442 40.762196
-73.935648 40.80263 -73.954374 40.770543
-73.942832 40.757055 -73.979367 40.751006
-73.937751 40.791517 -73.996644 40.749249
-73.926173 40.779632 -73.965768 40.783433
-74.001489 40.71892 -73.997571 40.751978
-73.94075 40.770475 -73.989866 40.763476
-73.951036 40.782737 -73.975035 40.767092
-73.980285 40.768028 -74.005309 40.713717
-74.006818 40.763558 -73.957633 40.787566
-73.971516 40.770781 -73.990812 40.753107
-73.939482 40.801077 -73.959207 40.77635
-73.976267 40.776092 -73.939895 40.806761
-73.942926 40.769792 -73.988239 40.768627
-73.981265 40.764177 -73.963373 40.791178
-73.957989 40.775017 -73.998755 40.759333
-73.998872 40.720608 -73.97935 40.753585
-73.983302 40.753291 -73.956737 40.771259
-73.91644 40.741034 -73.955626 40.763409
-73.951036 40.749657 -73.939086 40.795141
-73.980234 40.762163 -73.970523 40.800369
-73.964433 40.755619 -74.008092 40.711178
-73.967226 40.753068 -73.946306 40.781657
-73.996408 40.734354 -73.969914 40.772949
-73.948466 40.714383 -73.925657 40.746169
-73.984457 40.735079 -73.961773 40.774401
-74.002101 40.766592 -73.975759 40.793315
-73.980495 40.712049 -74.011108 40.708251
-73.977388 40.785324 -73.935083 40.790335
-73.972691 40.790426 -73.997986 40.757006
-73.999469 40.732089 -73.961265 40.760097
-73.945577 40.777281 -73.978501 40.751263
-73.959339 40.786995 -73.985653 40.76548
-73.947033 40.803101 -73.983492 40.76377
-73.987635 40.706589 -74.001546 40.742182
-73.957231 40.802109 -73.986143 40.752819
-73.924424 40.758987 -73.957366 40.725237
-73.999294 40.732007 -73.963805 40.762227
-73.979314 40.718317 -73.996757 40.742746
-73.981958 40.7399 -73.97498 40.783717
-74.009886 40.715102 -73.992726 40.747238
-73.932765 40.763588 -73.988602 40.74061
-73.993263 40.70054 -73.970165 40.757951
-74.015003 40.718633 -74.002879 40.755049
-73.977428 40.772522 -73.962056 40.801749
-73.960358 40.76216 -73.98497 40.756744
-73.991204 40.746939 -73.97034 40.76449
-73.940211 40.793002 -73.987934 40.774881
-73.952122 40.786199 -73.977541 40.762742
-73.973643 40.750107 -73.953182 40.775457
-73.922067 40.763194 -73.994703 40.721345
-73.955139 40.77114 -73.994546 40.749027
-73.976175 40.715566 -73.993259 40.747298
-73.942423 40.806774 -73.957191 40.769386
-73.946287 40.768276 -73.982922 40.745204
-74.003681 40.757974 -73.97246 40.786203
-74.013237 40.71705 -74.00633 40.75016
-73.994493 40.776629 -74.006623 40.729516
-73.94428 40.775934 -73.986746 40.752556
-73.958967 40.759135 -73.987657 40.730536
-73.97073 40.757268 -73.993048 40.727969
-73.921569 40.771573 -73.950235 40.745606
-73.927601 40.789026 -73.984428 40.736241
-73.980209 40.710556 -74.012447 40.705665
-73.918177 40.753916 -73.956747 40.722089
-73.925733 40.788389 -73.967785 40.785173
-73.96507 40.741126 -73.952508 40.781154
-73.923326 40.739956 -73.982096 40.764432
-73.995919 40.712863 -73.972883 40.747027
-74.008634 40.737061 -73.989918 40.708113
-73.928268 40.770609 -73.994948 40.72229
-73.973568 40.785171 -73.995725 40.750558
-73.948808 40.753653 -73.942932 40.795987
-74.005617 40.718428 -73.992233 40.7673
-73.961341 40.774742 -73.991434 40.748969
-74.004452 40.762651 -73.97652 40.78101
-73.987223 40.701068 -74.005314 40.742551
-73.964052 40.797083 -73.992168 40.760635
-73.98162 40.70574 -74.004237 40.746106
-73.946692 40.770259 -73.972921 40.755708
-73.951964 40.773675 -73.977961 40.758413
-74.001097 40.713274 -73.959074 40.704165
-73.995462 40.741082 -74.012882 40.718513
-73.994261 40.754247 -74.010516 40.717353
-73.97517 40.765578 -73.95171 40.792332
-74.004652 40.761546 -74.015929 40.718899
-73.955653 40.777555 -74.00666 40.713826
-73.920042 40.760016 -73.991093 40.728844
-73.921589 40.746251 -73.967134 40.764843
-73.975821 40.76886 -73.997408 40.720527
-74.018013 40.724952 -73.975047 40.753082
-73.974274 40.742436 -73.956363 40.766884
-74.001925 40.764331 -73.977306 40.781567
-73.977119 40.747961 -74.000268 40.70149
-73.952118 40.773786 -73.994831 40.759207
-73.964523 40.768512 -74.0133 40.70138
-73.993631 40.73925 -73.979399 40.759746
-73.959817 40.764142 -74.016872 40.70875
-73.99961 40.708148 -73.979365 40.755171
-73.945032 40.772316 -73.975548 40.754072
-74.008339 40.747181 -73.968866 40.768325
-73.978466 40.766868 -73.990324 40.725885
-73.937386 40.758124 -73.978703 40.756022
-73.974496 40.754035 -74.006442 40.708871
-73.917962 40.753606 -73.959948 40.725242
-73.958538 40.769191 -73.982076 40.745154
-73.931795 40.795483 -73.988287 40.730464
-73.948163 40.78348 -73.963386 40.746841
-73.977297 40.753486 -74.014436 40.711049
-73.932385 40.755788 -73.999059 40.71698
-74.009413 40.704619 -74.007374 40.754382
-73.973431 40.744319 -74.015026 40.710045
-73.927807 40.768305 -73.967898 40.765486
-74.004131 40.768688 -74.015403 40.713411
-74.007484 40.727286 -73.973008 40.724171
-73.918828 40.764152 -73.991467 40.725316
-73.918555 40.741915 -73.966436 40.751431
-73.990221 40.750776 -74.005554 40.708413
-73.957663 40.764111 -74.017946 40.719621
-73.989523 40.763448 -73.957179 40.788898
-73.953194 40.775731 -74.002807 40.700627
-73.99319 40.70821 -73.970382 40.755309
-73.99966 40.710973 -73.973961 40.750769
-73.944835 40.78441 -73.975201 40.751199
-74.001326 40.727728 -73.992234 40.767076
-73.95958 40.746622 -73.981265 40.74124
-74.017587 40.728765 -73.993178 40.746533
-73.9188 40.776827 -73.965126 40.762673
-73.994612 40.71038 -73.995083 40.759107
-73.974561 40.756576 -74.003052 40.714173
-73.93409 40.787298 -73.968617 40.784067
-73.976046 40.734335 -74.015799 40.712307
-73.95197 40.787189 -73.974572 40.769302
-73.960809 40.777383 -73.989594 40.741963
-73.936347 40.769961 -73.969119 40.754752
-74.008351 40.752676 -73.99 40.780525
-73.944776 40.77237 -73.967786 40.752178
-73.982403 40.736723 -73.95341 40.781835
-73.954228 40.770387 -73.987564 40.730657
-73.95285 40.804069 -73.988547 40.76437
-74.004358 40.711966 -73.980919 40.76885
-73.960839 40.781725 -74.00705 40.707891
-73.943849 40.78991 -73.971562 40.763525
-73.961643 40.772215 -73.985185 40.770796
-73.992122 40.738721 -73.974771 40.766678
-73.966234 40.793936 -74.009638 40.729238
-73.960716 40.762001 -73.989181 40.741836
-73.998325 40.746708 -73.964883 40.764085
-73.992856 40.743152 -73.972578 40.775127
-73.992992 40.712156 -73.963904 40.712275
-73.952988 40.772563 -74.009847 40.702958
-73.979915 40.766753 -73.965451 40.790408
-74.007231 40.764127 -74.01086 40.710644
-73.975934 40.711294 -73.995395 40.740869
-73.978737 40.71688 -74.005051 40.7067
-73.941121 40.753639 -73.973011 40.750738
-73.953954 40.782141 -73.979344 40.758924
-73.994708 40.733762 -73.986701 40.706007
-74.006187 40.732639 -73.988346 40.764914
-73.996582 40.762206 -73.998283 40.717224
-73.971859 40.798107 -73.949285 40.771528
-73.976802 40.784946 -73.98957 40.758642
-73.954638 40.77752 -73.985691 40.757316
-74.00169 40.73373 -73.971994 40.751581
-73.963407 40.767963 -73.997933 40.742611
-74.007655 40.714414 -73.953555 40.70769
-73.945703 40.783658 -73.963095 40.751917
-73.977413 40.796522 -73.945 40.776228
-73.944317 40.775638 -73.945866 40.723058
-74.009547 40.702911 -73.977446 40.754188
-73.950738 40.787925 -73.996306 40.754747
-74.009574 40.711165 -73.984328 40.752277
-74.017773 40.703135 -73.997319 40.739971
-73.929542 40.795416 -73.984626 40.73337
-73.980018 40.742742 -74.017685 40.711224
-73.996209 40.741612 -73.974178 40.774704
-74.005192 40.738909 -73.972316 40.7552
-73.952585 40.76433 -73.982108 40.737428
-73.970873 40.755066 -73.975759 40.791218
-73.950435 40.776447 -73.992242 40.748083
-73.955391 40.756304 -73.957819 40.782714
-73.917896 40.76198 -73.9982 40.728538
-74.002115 40.73555 -73.970184 40.751113
-73.969212 40.766404 -74.000812 40.704739
-73.924876 40.743004 -73.963611 40.765938
-73.920255 40.770995 -73.949558 40.743796
-73.996803 40.728264 -73.949483 40.77478
-73.998513 40.738355 -73.936289 40.777446
-73.961912 40.794473 -73.980795 40.761937
-73.975941 40.767019 -73.967698 40.804144
-74.000488 40.728591 -73.983789 40.746971
-73.932698 40.770848 -73.990298 40.725182
-73.939124 40.80469 -73.961153 40.765252
-74.010772 40.704311 -73.982361 40.736053
-73.964217 40.750821 -73.92708 40.745186
-73.923964 40.761017 -73.997776 40.725817
-73.983005 40.729715 -73.961761 40.761589
-73.935628 40.793769 -73.990896 40.739914
-73.96319 40.765331 -73.971896 40.792784
-73.993248 40.745708 -73.958326 40.76285
-73.961042 40.774459 -73.948541 40.800689
-73.919983 40.745593 -73.955582 40.768375
-73.989632 40.769019 -73.9588 40.787256
-74.001636 40.70475 -73.980894 40.746643
-73.951054 40.787191 -73.990793 40.734096
-73.979147 40.752256 -74.012918 40.704951
-73.988577 40.760239 -73.961791 40.783083
-73.972172 40.744418 -74.017637 40.706989
-73.933273 40.762295 -73.95875 40.741768
-73.946603 40.779021 -73.981813 40.7412
-73.926424 40.783866 -73.968134 40.788648
-73.940409 40.770115 -73.989977 40.760208
-73.964268 40.780658 -73.997979 40.76693
-73.95 40.774628 -73.978576 40.753214
-73.992414 40.704997 -73.965542 40.752222
-73.966195 40.75318 -73.936059 40.80052
-73.989989 40.75 -74.006976 40.71966
-73.943266 40.709841 -73.967449 40.755188
-73.978897 40.744275 -74.001941 40.728261
-73.977641 40.756018 -74.003975 40.729288
-73.975281 40.757707 -74.011671 40.714217
-73.918646 40.772028 -73.952321 40.748067
-73.932554 40.784217 -73.96463 40.786152
-73.975831 40.749674 -74.001315 40.752255
-73.982257 40.780742 -73.957072 40.803498
-73.977515 40.765881 -74.002505 40.758076
-73.974242 40.741667 -74.016977 40.704958
-73.938622 40.755296 -73.947149 40.784559
-73.969259 40.781098 -73.998157 40.7534
-73.996024 40.749596 -73.962009 40.764629
-73.950301 40.774116 -73.9978 40.74443
-74.000862 40.734332 -73.989776 40.75028
-73.995733 40.775487 -74.003232 40.727722
-74.003448 40.732675 -73.987489 40.767801
-73.955973 40.740947 -73.983439 40.749122
-73.965046 40.776319 -73.991117 40.763717
-73.967055 40.750319 -73.983917 40.727064
-73.924387 40.755853 -73.958063 40.72452
-74.003432 40.765769 -73.975742 40.736423
-73.9794 40.765902 -73.971437 40.795079
-73.97941 40.775909 -74.002493 40.761772
-73.970909 40.778155 -73.998913 40.755994
-74.006249 40.731808 -74.017779 40.704901
-74.011111 40.716779 -73.98097 40.748249
-73.982633 40.755752 -73.955151 40.770275
-74.010794 40.728033 -73.999347 40.745388
-73.995257 40.729702 -73.961713 40.760175
-73.940692 40.708354 -73.968482 40.758439
-73.989301 40.705507 -74.008485 40.746446
-74.010944 40.721201 -73.983498 40.755677
-73.970168 40.79484 -73.985526 40.758923
-73.97648 40.74099 -74.002972 40.717631
-73.96645 40.792166 -73.980394 40.761783
-73.990402 40.7296 -73.985401 40.751699
-73.974877 40.742945 -74.003205 40.726362
-73.934337 40.783127 -73.968791 40.786475
-73.982413 40.76772 -74.000303 40.740794
-73.952108 40.771938 -73.972341 40.758062
-73.974723 40.795231 -73.993908 40.752399
-73.947888 40.773397 -73.991305 40.746444
-73.948211 40.784658 -73.997134 40.725966
-73.942154 40.794789 -73.978239 40.734494
-74.013715 40.727325 -73.972424 40.750602
-73.980526 40.792407 -73.997622 40.769285
-73.964276 40.798478 -73.995537 40.753121
-73.991909 40.742664 -73.970218 40.765762
-74.002561 40.711947 -73.989933 40.748005
-73.975059 40.760344 -74.002609 40.757622
-73.95847 40.771035 -73.981969 40.744033
-73.969063 40.77599 -73.995416 40.736159
-73.983644 40.727814 -74.006671 40.709433
-73.998865 40.730842 -73.964351 40.766548
-73.985286 40.763096 -73.974265 40.789455
-73.976104 40.749353 -74.001328 40.715037
-74.007826 40.764573 -73.967382 40.766076
-73.923942 40.759335 -73.954291 40.725186
-73.952018 40.773746 -73.985843 40.766646
-73.938483 40.800829 -73.964172 40.760967
-73.977135 40.726805 -73.964831 40.768694
-73.978694 40.742093 -74.013307 40.701707
-73.938078 40.802724 -73.958167 40.767283
-73.990173 40.762526 -73.942315 40.743904
-73.954554 40.784926 -74.01091 40.70105
-73.975766 40.742573 -74.006163 40.722956
-73.971238 40.789638 -73.972901 40.75053
-73.955605 40.773488 -73.98411 40.778933
-73.960551 40.77494 -73.936031 40.807145
-73.983759 40.766564 -73.960951 40.787489
-74.018108 40.710285 -73.988144 40.737657
-73.930315 40.777204 -73.996626 40.725459
-73.918005 40.745468 -73.986319 40.740462
-73.999978 40.734177 -73.979117 40.761342
-73.946709 40.783378 -73.990059 40.735795
-73.999516 40.717766 -73.962935 40.75665
-73.93606 40.757585 -73.979814 40.752297
-73.945793 40.773001 -73.988149 40.767072
-74.006393 40.737494 -73.981017 40.773388
-73.945423 40.797827 -73.975808 40.769944
-73.993813 40.741037 -74.016726 40.705883
-74.000226 40.732 -73.97063 40.755229
-73.959601 40.786393 -73.978117 40.756198
-73.9918 40.775955 -74.000378 40.72029
-73.918429 40.773369 -73.970599 40.763487
-73.921176 40.766359 -73.991204 40.728725
-73.997663 40.749501 -74.013209 40.712854
-73.97654 40.7904 -73.987041 40.750991
-73.922522 40.772332 -73.950471 40.745932
-74.014621 40.728029 -73.997733 40.74306
-73.950745 40.777191 -74.01064 40.708362
-73.944085 40.710636 -73.932266 40.742195
-73.99615 40.758652 -73.960409 40.774588
-73.945646 40.768033 -74.006208 40.700663
-73.937419 40.758045 -73.945121 40.785878
-73.996311 40.743014 -74.010424 40.716293
-73.922527 40.747672 -73.989755 40.761483
-73.999283 40.732813 -73.954568 40.764644
-73.95685 40.768551 -73.935032 40.804706
-73.918785 40.756755 -73.961449 40.720594
-73.927144 40.761353 -73.965534 40.767855
-73.993659 40.705139 -73.967337 40.751548
-73.990003 40.779065 -73.993304 40.748202
-74.011875 40.713184 -73.999833 40.755122
-73.962894 40.782828 -74.006276 40.753237
-73.977551 40.781748 -73.942075 40.79845
-74.004255 40.730733 -73.975087 40.749696
-74.01032 40.71547 -74.005342 40.754216
-74.015047 40.726801 -73.986303 40.751888
-73.986822 40.765513 -74.01011 40.712975
-73.993639 40.766847 -73.959978 40.772485
-73.996012 40.758307 -74.009974 40.713856
-73.999562 40.729977 -74.014389 40.717891
-73.995192 40.748842 -73.94943 40.772448
-73.989696 40.732763 -73.966084 40.761758
-73.918844 40.775706 -73.947007 40.740044
-73.970612 40.770461 -73.951883 40.807167
-73.959164 40.756908 -73.953945 40.784952
-73.933386 40.78065 -73.969911 40.788391
-73.958562 40.785799 -73.986513 40.759122
-73.977729 40.75024 -74.002024 40.717226
-73.918305 40.739938 -73.966323 40.765988
-74.011696 40.711398 -73.982518 40.754917
-73.970154 40.774678 -73.938297 40.806178
-73.953708 40.772402 -73.994989 40.77208
-74.015676 40.702674 -73.9848 40.740224
-73.947102 40.785624 -73.979303 40.761966
-73.987025 40.743007 -74.003249 40.70045
-73.989593 40.738967 -73.953541 40.767322
-73.955382 40.774197 -73.995882 40.756717
-73.933444 40.759549 -73.958018 40.74324
-73.999258 40.717332 -73.975093 40.742326
-73.920001 40.751568 -73.960603 40.725671
-73.968843 40.758154 -73.986909 40.728527
-74.007969 40.726025 -73.981913 40.757343
-74.010106 40.70617 -74.004948 40.743752
-73.919952 40.743767 -73.98476 40.741169
-73.971366 40.759937 -73.985968 40.734465
-74.017823 40.70943 -73.975953 40.734084
-73.973721 40.774766 -73.943397 40.803859
-73.99652 40.741732 -74.017169 40.707514
-74.006331 40.761699 -74.016961 40.718778
-73.972693 40.740494 -74.014069 40.709194
-73.938388 40.754999 -73.974021 40.755453
-74.017184 40.719666 -73.979315 40.758021
-73.991596 40.701747 -73.964738 40.754004
-73.978606 40.784496 -73.993881 40.745998
-73.971832 40.749757 -73.9547 40.783409
-73.926906 40.791083 -73.986145 40.729963
-73.990473 40.702724 -73.965473 40.749783
-73.997822 40.716659 -73.973957 40.747474
-73.96692 40.778563 -73.991205 40.736166
-73.923767 40.751242 -73.954173 40.727446
-73.976778 40.712032 -73.924866 40.797939
-73.940665 40.751192 -73.976305 40.754907
-73.943034 40.752012 -73.977585 40.755386
-73.973837 40.776849 -73.95801 40.80281
-74.002741 40.761047 -73.977414 40.733224
-73.947626 40.76242 -73.977114 40.741016
-73.9611 40.755987 -73.99324 40.741755
-73.954846 40.800971 -73.991788 40.739378
-74.002663 40.73853 -73.989993 40.755735
-74.013599 40.728351 -73.979726 40.754736
-73.932139 40.78629 -73.968654 40.786759
-73.974911 40.761535 -73.995714 40.739431
-73.917805 40.741576 -73.965625 40.765094
-73.982425 40.748686 -73.955238 40.78013
-73.916407 40.776203 -73.970736 40.762887
-73.995105 40.725028 -73.971778 40.756561
-73.938238 40.798317 -73.975455 40.734195
-73.951884 40.71409 -73.93241 40.740282
-74.007834 40.733216 -73.980498 40.75474
-74.013953 40.715183 -74.000982 40.746852
-73.983107 40.757796 -73.991565 40.711389
-74.017459 40.729332 -73.97398 40.757394
-74.006406 40.70289 -73.975145 40.749702
-73.950223 40.794991 -73.985898 40.779039
-73.960233 40.780881 -73.999928 40.741893
-73.937885 40.709399 -73.963899 40.7511
-74.008795 40.767453 -73.978633 40.785723
-73.973832 40.768572 -73.997163 40.724946
-73.975509 40.780023 -73.997067 40.749219
-73.991173 40.733342 -73.986543 40.708334
-73.998695 40.740752 -74.017592 40.718323
-73.957493 40.77181 -73.937164 40.801536
-73.969411 40.764977 -73.949718 40.798655
-73.953199 40.765138 -74.014119 40.702355
-73.959765 40.788993 -74.002028 40.740906
-73.965844 40.774342 -73.986139 40.756845
-73.981946 40.706315 -73.966806 40.770497
-73.9904 40.735445 -73.976419 40.75977
-73.950475 40.774475 -73.949935 40.721378
-73.956399 40.773107 -73.979072 40.740351
-73.989881 40.755206 -73.980786 40.797203
-74.004594 40.739437 -73.98358 40.765087
-73.991731 40.749987 -74.010735 40.710119
-73.946535 40.772846 -73.986902 40.749144
-73.953039 40.76963 -74.015234 40.711788
-74.003494 40.705988 -73.954508 40.763136
-74.013795 40.718817 -73.977054 40.756931
-73.944678 40.779041 -73.952475 40.720902
-73.995806 40.761938 -73.990547 40.716818
-73.991629 40.747167 -73.947029 40.807392
-73.923081 40.763478 -73.991982 40.725854
-73.964681 40.766125 -74.002607 40.710301
-73.988308 40.709349 -73.968603 40.778579
-73.919091 40.757021 -73.958957 40.723934
-73.92386 40.751877 -73.956165 40.72862
-73.932256 40.769877 -73.992786 40.728164
-73.974721 40.76679 -73.953212 40.783439
-73.973202 40.760979 -73.949626 40.719095
-73.99356 40.728414 -73.954644 40.726028
-73.951883 40.772014 -73.969097 40.752385
-73.966699 40.760154 -73.940643 40.797594
-73.966296 40.764136 -73.986884 40.747591
-73.963453 40.754505 -73.99493 40.736853
-74.00886 40.707004 -73.974176 40.758707
-73.981681 40.72729 -73.965533 40.754006
-73.997063 40.761613 -73.955589 40.781167
-73.990339 40.766638 -73.95371 40.779979
-73.973489 40.742703 -74.012528 40.718539
-74.003086 40.712614 -73.997122 40.757144
-73.966766 40.754517 -73.988665 40.738533
-73.957587 40.77997 -73.990755 40.755638
-73.992446 40.72265 -73.968634 40.765496
-73.92722 40.776051 -73.997552 40.722726
-73.980312 40.753299 -74.001715 40.703551
-73.97827 40.736703 -73.961004 40.769075
-73.993546 40.740959 -73.966812 40.761006
-74.004232 40.70183 -73.993612 40.753674
-73.950563 40.794491 -73.970309 40.76787
-73.992994 40.764785 -73.994707 40.71416
-73.929086 40.778718 -73.991258 40.720267
-73.97794 40.744153 -74.006289 40.726113
-73.963526 40.776512 -73.940516 40.805352
-73.953123 40.76954 -74.003541 40.752908
-73.949386 40.796953 -73.985801 40.76963
-73.971653 40.75932 -74.013248 40.701394
-73.995228 40.765871 -73.962395 40.781691
-73.990543 40.755925 -73.953858 40.783569
-74.001861 40.74038 -73.945273 40.806142
-73.963387 40.759092 -73.955216 40.782823
-73.981921 40.745455 -73.93894 40.799373
-73.932029 40.768214 -73.98732 40.743503
-73.974792 40.738392 -74.015787 40.703537
-73.993965 40.734066 -73.981168 40.709637
-73.971707 40.768638 -73.995264 40.737019
-73.948729 40.777846 -74.006093 40.740316
-73.988672 40.755764 -74.007889 40.71128
-74.003992 40.70953 -73.953252 40.765898
-73.992279 40.702013 -73.970831 40.750593
-73.987999 40.703446 -73.999796 40.747686
-74.007987 40.71666 -74.006086 40.753006
-73.997174 40.750301 -73.959068 40.764929
-73.993763 40.713375 -73.975092 40.747464
-73.97235 40.742888 -74.010536 40.713666
-73.943211 40.707818 -73.965491 40.750147
-73.935169 40.71016 -73.963198 40.7516
-73.988094 40.743934 -73.958938 40.775139
-74.009823 40.701235 -73.991006 40.746285
-73.956067 40.788891 -73.972488 40.741409
-73.99424 40.73671 -74.010016 40.707079
-74.006671 40.769171 -73.964392 40.759493
-73.993204 40.752614 -74.008466 40.719528
-74.009024 40.71205 -74.004433 40.756755
-73.995117 40.741757 -73.974086 40.785021
-73.932734 40.792769 -73.985319 40.73753
-73.992334 40.742809 -73.999772 40.716343
-73.961275 40.768698 -73.994878 40.764129
-73.955147 40.799935 -73.978587 40.754023
-73.978706 40.763095 -73.9635 40.789403
-73.988413 40.761703 -74.006013 40.742621
-73.963713 40.805249 -73.981073 40.767427
-74.012334 40.713033 -73.997365 40.755204
-73.948798 40.771379 -73.987687 40.749514
-73.991421 40.73983 -73.985381 40.770865
-74.000319 40.703946 -73.978187 40.752812
-73.935784 40.807918 -73.960282 40.77466
-73.977064 40.763922 -74.015633 40.710965
-73.972946 40.762989 -74.013933 40.709341
-74.015903 40.709026 -73.992167 40.735051
-73.945436 40.806866 -73.988692 40.777959
-73.961316 40.771838 -74.003608 40.746769
-74.003654 40.714395 -73.987275 40.757533
-73.945736 40.773848 -74.016178 40.706276
-74.003339 40.731225 -74.011222 40.709829
-73.991336 40.753773 -73.959527 40.762267
-73.992432 40.752449 -73.977309 40.772509
-73.983752 40.754974 -74.015656 40.702672
-73.943935 40.781262 -73.983125 40.763805
-74.013614 40.717395 -74.000082 40.753124
-73.951396 40.769443 -73.976889 40.758422
-73.976641 40.718886 -74.014852 40.701656
-73.948788 40.771108 -73.971657 40.745986
-73.929464 40.784358 -73.968773 40.782991
-74.001152 40.705697 -73.982399 40.752851
-73.996585 40.743253 -74.007445 40.713018
-73.978914 40.754378 -74.01321 40.709433
-73.966021 40.755995 -74.001679 40.702204
-74.006329 40.730761 -73.975934 40.753704
-74.005539 40.733121 -73.972668 40.750173
-73.96626 40.778118 -73.994472 40.750798
-73.964412 40.778989 -73.99366 40.73161
-73.983677 40.760806 -74.017769 40.71843
-73.969343 40.808592 -73.985438 40.77036
-73.996867 40.717317 -73.976665 40.746702
-73.937196 40.751251 -73.94594 40.784922
-73.977307 40.7251 -73.957843 40.766748
-73.957002 40.77187 -74.005913 40.757677
-73.932904 40.7813 -73.967262 40.788438
-73.978956 40.763186 -74.014664 40.714977
-73.957044 40.774639 -73.986958 40.743051
-73.987512 40.764625 -74.005141 40.720583
-73.976066 40.771659 -73.992478 40.740337
-73.964443 40.78326 -73.992735 40.750382
-73.976516 40.712199 -74.004356 40.700994
-73.975556 40.792382 -73.988041 40.76108
-73.953528 40.785116 -73.978441 40.755526
-73.981644 40.772953 -73.940111 40.802122
-73.97854 40.747777 -74.006183 40.720112
-73.978486 40.796084 -73.990564 40.758865
-73.964844 40.766317 -73.987869 40.723114
-73.997393 40.752396 -73.956162 40.771419
-73.940956 40.798893 -73.971654 40.765699
-73.987821 40.732412 -73.971892 40.767464
-74.018167 40.728583 -73.976543 40.756667
-73.938578 40.776347 -73.967522 40.757249
-73.967863 40.796122 -73.987419 40.759026
-73.949526 40.710896 -73.931421 40.746351
-74.005166 40.765709 -73.980868 40.782698
-73.964945 40.775218 -73.986506 40.756461
-73.916924 40.748888 -73.988796 40.759682
-73.991354 40.737952 -73.982711 40.766942
-73.992313 40.772258 -74.003694 40.720348
-74.017155 40.716944 -73.988273 40.770036
-73.98087 40.768023 -73.995284 40.725581
-73.967204 40.747157 -73.949805 40.788465
-73.969049 40.80533 -73.965008 40.755634
-73.978357 40.719163 -74.005101 40.706916
-73.991895 40.744453 -73.956785 40.714945
-73.997568 40.750594 -74.009661 40.718116
