-74.002955 40.72813 -73.997494 40.763599
-73.987462 40.713862 -73.949413 40.707324
-73.983846 40.74655 -74.015045 40.719866
-73.990186 40.74262 -73.979441 40.774
-73.975066 40.713631 -74.004663 40.70249
-73.946996 40.773763 -73.993424 40.751478
-73.947068 40.787028 -73.994277 40.739449
-73.949739 40.785575 -74.011449 40.703176
-73.968845 40.768611 -74.002953 40.735043
-73.93452 40.750914 -73.950042 40.780339
-73.976697 40.757578 -74.008571 40.714484
-73.998135 40.704249 -73.967769 40.753388
-73.989619 40.774852 -73.970472 40.80059
-73.996813 40.726079 -73.946861 40.769384
-73.997384 40.74013 -74.008841 40.706669
-73.992719 40.724206 -73.979762 40.752288
-73.929624 40.771015 -73.997222 40.72677
-73.980254 40.743906 -74.005447 40.720326
-73.979875 40.747455 -74.013525 40.72009
-73.961764 40.768343 -73.937367 40.798969
-73.958573 40.790887 -73.980842 40.761656
-73.998301 40.743035 -74.012139 40.717034
-74.008785 40.702495 -73.97967 40.758761
-73.956175 40.766616 -73.973634 40.797754
-73.970643 40.75622 -74.004736 40.706403
-73.985651 40.74765 -74.016362 40.70411
-73.955406 40.771821 -73.99595 40.739715
-73.960743 40.776377 -74.000511 40.755804
-73.95671 40.746795 -73.982929 40.74253
-73.988518 40.701663 -74.000567 40.740792
-73.97499 40.787918 -73.990536 40.740492
-73.989647 40.71256 -73.952368 40.706187
-73.961845 40.798784 -73.983426 40.763957
-73.930331 40.791948 -73.98938 40.730246
-73.984761 40.736504 -74.005878 40.703517
-73.934994 40.789337 -73.996188 40.746075
-73.995903 40.711232 -73.977852 40.764222
-73.946284 40.750052 -73.941737 40.797939
-73.97245 40.750751 -74.01263 40.716405
-73.956054 40.778139 -73.937982 40.803333
-73.991801 40.71306 -73.985781 40.744711
-73.991506 40.748002 -73.975508 40.778804
-73.940936 40.799423 -73.962107 40.786222
-74.004976 40.726959 -73.991889 40.755194
-74.006606 40.735808 -73.98374 40.767706
-73.958008 40.775596 -73.990476 40.754945
-73.998843 40.753857 -74.009824 40.713641
-73.972046 40.71502 -74.003768 40.703466
-73.994627 40.710054 -73.96725 40.755247
-74.00227 40.714299 -73.955207 40.70989
-73.949412 40.713134 -73.929476 40.740437
-73.99643 40.702875 -73.968371 40.752173
-73.975171 40.786642 -74.017315 40.710343
-73.929137 40.786097 -73.965366 40.786863
-73.929328 40.783642 -73.967258 40.787648
-73.980083 40.78453 -73.978573 40.756046
-73.951074 40.782624 -73.996228 40.76911
-73.999634 40.739716 -73.987048 40.766077
-73.986418 40.738829 -73.947387 40.77612
-73.929212 40.782769 -73.965738 40.786513
-74.01252 40.727199 -73.981955 40.752532
-73.99774 40.730882 -74.012962 40.708109
-73.954828 40.758701 -74.011336 40.707395
-73.988023 40.77928 -73.957224 40.767032
-73.955673 40.745788 -73.986624 40.748427
-73.997083 40.75796 -74.002369 40.721616
-73.980526 40.751227 -74.013997 40.701731
-73.957387 40.77358 -73.999152 40.761415
-73.964273 40.778356 -73.991366 40.726023
-73.991958 40.712619 -73.973759 40.74745
-74.016617 40.711464 -73.998872 40.742761
-73.972558 40.721714 -74.006432 40.714474
-73.985344 40.739204 -73.960909 40.76182
-73.993637 40.728508 -74.005877 40.751999
-73.996413 40.701095 -73.966595 40.758035
-73.996933 40.734546 -73.978716 40.766573
-73.927719 40.769924 -73.995111 40.729846
-73.988469 40.769734 -73.956046 40.800978
-73.94038 40.801255 -73.953753 40.76073
-73.956689 40.761559 -73.981126 40.770409
-73.963229 40.793448 -73.998591 40.754112
-74.014744 40.71626 -73.984481 40.757559
-73.989568 40.72113 -73.965801 40.752109
-74.011874 40.71382 -73.977795 40.753019
-74.003846 40.754501 -73.98867 40.711856
-73.956919 40.761129 -74.015011 40.709081
-74.005888 40.735805 -73.978836 40.76578
-73.980781 40.752173 -73.960351 40.78567
-73.955294 40.771475 -73.994039 40.7411
-73.954679 40.768242 -73.985784 40.74897
-73.986497 40.738811 -73.964496 40.762422
-73.971821 40.785821 -73.995386 40.748448
-73.958942 40.766343 -73.996887 40.715282
-73.991734 40.714086 -73.995095 40.752218
-73.990347 40.771631 -74.008724 40.72211
-73.996636 40.72371 -73.977277 40.75462
-74.00527 40.719229 -73.972959 40.754407
-73.96202 40.771103 -73.940549 40.801161
-73.963172 40.767131 -73.988064 40.758797
-73.929899 40.771262 -73.991677 40.72487
-73.945609 40.797641 -73.967056 40.768892
-73.955397 40.756167 -73.945511 40.720754
-73.918659 40.740347 -73.963524 40.760976
-73.977702 40.773456 -74.004242 40.759622
-73.981953 40.762148 -74.004779 40.728078
-73.984692 40.714029 -73.970468 40.75556
-73.998216 40.701117 -73.963754 40.751711
-74.002406 40.732296 -73.973299 40.768847
-73.95482 40.753227 -73.989955 40.738366
-73.963355 40.750254 -73.959611 40.799621
-73.992656 40.733326 -74.013378 40.710409
-73.991024 40.713713 -73.99655 40.75205
-74.015507 40.702128 -73.98036 40.758903
-73.995789 40.752917 -73.957713 40.764637
-73.935907 40.750748 -73.952881 40.787449
-73.954078 40.787689 -74.007064 40.704718
-73.982399 40.733271 -73.970595 40.763132
-73.929531 40.753117 -73.99598 40.717449
-73.971752 40.748148 -74.009239 40.725213
-73.974867 40.747619 -74.009093 40.725147
-73.993497 40.712783 -73.967455 40.710861
-73.991995 40.756147 -74.006324 40.718705
-73.991937 40.709793 -73.962587 40.75011
-73.934211 40.775347 -73.993302 40.726538
-73.989146 40.712084 -73.952862 40.702201
-73.94464 40.800912 -73.982917 40.776317
-73.96119 40.76981 -74.007011 40.703612
-73.956268 40.766536 -73.994249 40.73124
-73.97952 40.715704 -74.011937 40.708567
-74.003088 40.748607 -73.980455 40.78604
-73.995042 40.732895 -73.970099 40.754245
-73.999818 40.736881 -73.975537 40.763429
-73.971542 40.779084 -73.999494 40.751938
-73.953756 40.761601 -74.017349 40.70798
-73.927189 40.793879 -73.984996 40.739002
-74.014924 40.709447 -73.990389 40.739979
-74.016524 40.702691 -73.993682 40.740546
-73.935558 40.755099 -73.974389 40.752072
-73.931208 40.779173 -73.967933 40.786513
-73.980448 40.730386 -74.016677 40.706131
-73.979597 40.732799 -74.018125 40.703013
-73.967408 40.80457 -73.97568 40.768545
-73.978295 40.775682 -73.989892 40.749015
-73.974276 40.777773 -73.992364 40.745734
-73.963629 40.760508 -73.984087 40.729655
-73.985572 40.706747 -74.008669 40.740306
-73.946056 40.786169 -73.984161 40.788451
-73.982289 40.746076 -73.954898 40.771173
-73.998087 40.768181 -73.966587 40.792172
-73.975793 40.759418 -73.994844 40.722026
-73.930211 40.750879 -73.992012 40.713204
-73.94857 40.789669 -73.98239 40.771739
-73.926707 40.797295 -73.989034 40.738892
-73.987825 40.722884 -73.94382 40.7103
-73.944731 40.802248 -73.983614 40.764962
-73.944871 40.801274 -73.984227 40.770672
-73.968837 40.79519 -73.98957 40.76647
-73.945792 40.779677 -73.969677 40.758398
-74.008319 40.763024 -74.016111 40.710643
-73.999401 40.737311 -74.017237 40.702522
-73.995644 40.765059 -73.953551 40.766068
-73.999339 40.731308 -73.955324 40.761192
-73.99411 40.72956 -73.955172 40.760495
-73.996352 40.71182 -73.999445 40.756346
-73.976676 40.746244 -73.999998 40.729363
-73.964364 40.7948 -73.979773 40.75989
-73.94936 40.776753 -73.980337 40.743005
-73.969281 40.781872 -73.980823 40.758789
-73.956968 40.753357 -73.995327 40.741153
-73.998421 40.73363 -73.973825 40.762029
-74.004503 40.716462 -73.978418 40.756825
-74.007356 40.732499 -73.977984 40.761936
-73.992215 40.760038 -73.99208 40.722973
-73.980076 40.726145 -74.00831 40.702786
-73.993575 40.774799 -74.004213 40.729576
-73.947282 40.787176 -73.974639 40.761398
-73.944396 40.779718 -74.004938 40.703905
-74.001548 40.716626 -73.976819 40.760875
-73.986692 40.705792 -74.008466 40.741594
-73.993374 40.775044 -74.009335 40.720158
-73.949965 40.78283 -74.002751 40.70615
-73.933273 40.791276 -73.982883 40.730862
-73.99872 40.747732 -73.967528 40.766171
-73.967396 40.793854 -73.990588 40.741334
-73.997129 40.750067 -74.002248 40.714149
-73.925301 40.798151 -73.981584 40.733058
-74.005009 40.722706 -73.976873 40.726126
-73.936614 40.757557 -73.943834 40.78156
-73.958592 40.787869 -73.973062 40.756726
-73.988787 40.721029 -74.013836 40.708553
-73.979516 40.750884 -74.001419 40.70965
-73.990976 40.761432 -73.97281 40.732557
-73.990343 40.732652 -74.013011 40.712648
-73.969567 40.792814 -73.969237 40.767531
-73.972512 40.738431 -73.957239 40.788205
-73.987013 40.750175 -74.005554 40.724784
-73.998347 40.744964 -73.980794 40.771993
-73.917175 40.768879 -73.990578 40.723295
-73.99672 40.742175 -74.011928 40.71252
-73.970964 40.807569 -73.981995 40.772269
-73.978651 40.734917 -74.005686 40.708431
-74.000272 40.720763 -73.983495 40.758954
-73.995597 40.71065 -73.955228 40.71625
-73.939631 40.751207 -73.977508 40.75015
-73.953335 40.776716 -73.943801 40.805811
-73.992934 40.753189 -74.013149 40.714731
-73.989248 40.755965 -73.991342 40.720907
-74.016062 40.719369 -74.0071 40.757744
-73.96746 40.783429 -73.922115 40.790144
-73.995175 40.753473 -73.947863 40.78476
-73.954133 40.765781 -73.984749 40.777214
-73.999733 40.768175 -73.973965 40.780839
-73.997961 40.719196 -73.974257 40.746397
-73.988213 40.736645 -73.967799 40.753589
-74.017894 40.719701 -74.002116 40.754349
-73.989073 40.704359 -74.000404 40.742381
-73.983563 40.756461 -74.017098 40.719923
-73.989206 40.758184 -74.017299 40.729074
-73.983181 40.707134 -73.969756 40.773312
-73.986376 40.746833 -73.970862 40.778974
-73.996157 40.744991 -74.0156 40.718192
-73.935441 40.798409 -74.004444 40.702499
-73.945729 40.77335 -73.97405 40.744554
-74.003558 40.714217 -73.982094 40.75366
-74.011881 40.721043 -73.992417 40.756533
-73.997327 40.756504 -73.957849 40.788852
-73.961089 40.754662 -73.992649 40.740558
-73.967919 40.761212 -73.990239 40.740462
-73.998001 40.759841 -73.966441 40.796521
-73.977052 40.729617 -74.006281 40.703809
-73.98604 40.704603 -73.970512 40.776111
-73.96284 40.80504 -73.978743 40.761013
-73.988881 40.762549 -74.013268 40.714938
-73.984208 40.705562 -73.96947 40.773951
-73.942385 40.773141 -73.968814 40.759102
-73.956152 40.778337 -74.017615 40.713571
-73.99385 40.72693 -74.00196 40.752202
-73.982539 40.750249 -74.014591 40.70824
-73.94987 40.779855 -73.97831 40.75928
-73.951231 40.787178 -73.973366 40.758703
-73.963005 40.763081 -73.962225 40.804107
-74.005798 40.7118 -73.989579 40.751215
-73.99793 40.723026 -73.974948 40.758831
-73.980791 40.740619 -74.006378 40.723515
-73.959053 40.793754 -73.983441 40.762427
-73.98667 40.746897 -74.00144 40.721387
-73.944746 40.770382 -73.996939 40.746839
-73.990118 40.75286 -74.010603 40.709592
-73.965015 40.75571 -73.998057 40.738445
-73.987564 40.749765 -74.016147 40.719087
-73.920891 40.765554 -73.990867 40.728464
-73.981115 40.752235 -73.978954 40.79426
-74.008866 40.714069 -73.991292 40.750063
-74.008119 40.747865 -74.003517 40.706786
-73.963905 40.763921 -74.006528 40.716812
-73.980909 40.75099 -73.995871 40.727426
-73.988959 40.767803 -74.003037 40.728568
-73.929917 40.797007 -73.990231 40.730266
-73.950778 40.785247 -73.97424 40.76212
-73.946711 40.716197 -73.933628 40.747951
-73.940184 40.702891 -73.966593 40.753396
-73.974595 40.733788 -73.957766 40.777893
-73.977824 40.758684 -73.999979 40.702179
-73.980253 40.74951 -74.010195 40.717509
-73.99056 40.753618 -73.960776 40.778753
-73.980544 40.721074 -73.963481 40.768724
-73.953851 40.76336 -73.978146 40.718572
-74.010989 40.710531 -73.974802 40.753128
-74.00914 40.701723 -73.981316 40.743392
-73.964065 40.77563 -73.999114 40.756082
-73.973879 40.743025 -73.93697 40.743669
-73.972144 40.742329 -74.007832 40.711954
-73.947205 40.796065 -73.962841 40.760903
-73.981208 40.726942 -74.005706 40.752758
-73.952807 40.782007 -73.966789 40.757212
-73.952434 40.792617 -73.972467 40.769361
-73.996784 40.755223 -74.005544 40.722653
-73.97267 40.786136 -73.955978 40.805823
-73.982591 40.722762 -73.95894 40.761332
-73.999947 40.748372 -74.010814 40.715247
-73.992264 40.771823 -74.011838 40.729823
-73.973112 40.7408 -74.016997 40.701748
-73.983078 40.743225 -74.006649 40.714669
-73.944084 40.761943 -73.985882 40.744062
-74.015982 40.708551 -73.993887 40.736649
-73.989406 40.759575 -74.009436 40.72596
-73.926256 40.773102 -73.991251 40.721303
-73.998974 40.734153 -73.978063 40.76361
-73.957306 40.787459 -73.978073 40.757308
-73.994215 40.733184 -74.009081 40.704445
-73.954731 40.798407 -73.96471 40.761948
-73.942889 40.803378 -73.960063 40.769681
-73.991914 40.702578 -73.964465 40.758652
-73.977514 40.772644 -74.007067 40.741177
-73.945759 40.777637 -73.996093 40.742866
-73.940532 40.77352 -73.970672 40.757746
-73.977596 40.773596 -73.938284 40.802946
-73.918454 40.76267 -73.998212 40.724032
-73.998013 40.766905 -73.95064 40.782504
-73.992975 40.757196 -74.005557 40.701057
-73.990706 40.72352 -73.953704 40.722438
-73.978116 40.785196 -73.993038 40.741204
-73.993032 40.762684 -74.015125 40.717014
-73.948539 40.808248 -73.987641 40.777017
-73.997936 40.733777 -73.975726 40.760231
-73.971275 40.794434 -73.975109 40.759422
-73.963439 40.776336 -73.936415 40.801762
-73.975035 40.74764 -74.010456 40.713465
-73.984811 40.771347 -73.957958 40.807555
-73.951994 40.767355 -74.003629 40.701286
-73.979084 40.762865 -73.95759 40.787907
-73.956005 40.807345 -73.974047 40.753388
-73.99893 40.755263 -74.015097 40.711334
-73.947914 40.710744 -73.927325 40.745003
-73.978444 40.786616 -73.956672 40.806952
-74.008325 40.709387 -73.976657 40.752244
-73.948114 40.710493 -73.930384 40.740077
-73.981597 40.78619 -73.997529 40.744523
-73.97987 40.745111 -74.004212 40.708385
-73.969611 40.768906 -73.994026 40.740384
-73.997786 40.716106 -73.985916 40.741557
-73.973611 40.779443 -73.994234 40.749133
-73.977291 40.742834 -74.009743 40.715365
-74.009985 40.704323 -73.973586 40.750559
-73.992903 40.757903 -73.997365 40.716829
-73.981042 40.742608 -73.964856 40.773953
-73.967616 40.794501 -73.976558 40.732316
-73.983609 40.788917 -73.962169 40.805676
-73.957562 40.754316 -73.956471 40.783884
-74.006902 40.746008 -74.015709 40.718513
-73.978702 40.774584 -74.007988 40.76349
-73.964779 40.765117 -74.000199 40.716462
-73.995341 40.75401 -74.016934 40.712386
-73.951385 40.771769 -73.97504 40.719688
-74.006222 40.733534 -73.979541 40.75589
-74.00818 40.718739 -73.984312 40.758752
-74.007285 40.702759 -73.996318 40.739875
-73.929108 40.772145 -73.991595 40.721345
-73.991996 40.701536 -73.970176 40.755619
-73.946217 40.789374 -73.989054 40.773553
-73.973045 40.735846 -74.013497 40.701715
-73.959495 40.784089 -73.991586 40.762496
-73.995752 40.721757 -73.974711 40.751902
-73.962476 40.755986 -74.014311 40.712959
-74.005917 40.745515 -73.970479 40.761381
-73.998455 40.763477 -73.956557 40.780533
-73.939379 40.774871 -73.969307 40.751654
-73.957833 40.75052 -73.983226 40.731513
-73.998872 40.734595 -73.978405 40.767426
-73.930303 40.749999 -73.998205 40.714324
-74.01775 40.721728 -73.979415 40.757152
-73.980574 40.755225 -73.961852 40.775078
-74.006505 40.72685 -73.97217 40.724062
-74.006081 40.710274 -73.97723 40.753374
-74.013268 40.714245 -73.988368 40.731159
-73.994097 40.752431 -73.978762 40.782323
-73.989426 40.749451 -73.97134 40.769807
-73.935057 40.801714 -73.96236 40.762417
-73.992051 40.72283 -73.962231 40.723511
-73.965109 40.807334 -73.987013 40.772014
-74.007424 40.711526 -73.971924 40.76844
-73.943783 40.790483 -74.000497 40.707685
-73.980394 40.742125 -73.945427 40.77751
-73.994426 40.750861 -74.011545 40.716833
-73.944332 40.808478 -73.983321 40.769768
-73.930958 40.778195 -73.990481 40.729444
-73.966292 40.760869 -73.974479 40.735284
-73.944919 40.788109 -74.010009 40.708645
-73.927486 40.785992 -73.969869 40.786787
-73.995401 40.751856 -74.014171 40.709154
-73.997136 40.716932 -73.984024 40.742212
-73.960117 40.774485 -73.990456 40.756914
-74.011362 40.717645 -73.984572 40.784205
-73.983561 40.744941 -74.013503 40.704302
-73.941919 40.801263 -73.97099 40.760475
-73.94547 40.779374 -73.976927 40.751262
-73.988131 40.734704 -73.96792 40.764842
-73.99088 40.702132 -73.96421 40.754178
-73.996555 40.734348 -73.986771 40.704476
-73.987159 40.73976 -74.004676 40.70399
-73.960666 40.742105 -73.99003 40.741454
-73.951138 40.792893 -73.974317 40.774612
-73.980349 40.751034 -74.009673 40.704124
-73.968252 40.753579 -73.98526 40.724366
-73.979494 40.788442 -73.974865 40.754419
-73.962816 40.746218 -73.944859 40.786623
-73.954158 40.767986 -73.998033 40.762762
-73.947396 40.775443 -73.986759 40.742247
-74.006657 40.745919 -74.015635 40.719297
-73.976655 40.77911 -73.988621 40.74782
-74.012849 40.709261 -73.975487 40.755235
-73.923941 40.746024 -73.967891 40.763553
-73.991375 40.750281 -73.993829 40.712573
-73.96238 40.786928 -73.973817 40.745106
-74.014278 40.701915 -73.982445 40.753662
-74.000674 40.728344 -73.998389 40.752009
-74.01629 40.720927 -73.974749 40.753956
-73.980016 40.751659 -74.008868 40.748529
-73.978896 40.719281 -73.990691 40.745716
-73.959855 40.749986 -74.012978 40.70499
-74.011032 40.703228 -73.978274 40.743097
-74.00601 40.762204 -73.971914 40.784638
-73.997207 40.70199 -73.971679 40.75682
-73.948645 40.782613 -73.969028 40.752186
-73.938658 40.750349 -73.978696 40.750107
-73.994273 40.750773 -74.01654 40.712232
-74.003884 40.711079 -73.978098 40.756877
-73.982825 40.785228 -73.981797 40.739597
-73.950309 40.776921 -74.017512 40.711571
-73.975583 40.747025 -73.946404 40.779741
-73.993878 40.732644 -73.956486 40.76347
-73.957057 40.785022 -73.984044 40.767913
-73.997831 40.739612 -73.981368 40.761486
-73.932221 40.798265 -73.984716 40.736531
-73.948681 40.785785 -73.970932 40.742793
-74.005429 40.727073 -73.97842 40.748948
-73.967665 40.75525 -73.99231 40.730204
-73.975711 40.747109 -74.011849 40.701623
-73.954827 40.757812 -73.986708 40.731926
-74.001483 40.740928 -74.009582 40.717241
-73.983781 40.772711 -73.995146 40.74827
-73.993186 40.721236 -73.959869 40.762323
-73.999743 40.7496 -74.010811 40.717522
-73.972012 40.769575 -73.994988 40.742098
-73.985124 40.769051 -74.001676 40.727067
-73.952085 40.779401 -73.973598 40.759105
-73.975704 40.742418 -74.012589 40.713437
-73.947769 40.783236 -73.972214 40.756224
-73.963098 40.763384 -73.951541 40.790485
-73.945671 40.787304 -73.988488 40.739615
-73.953125 40.776849 -74.012731 40.701165
-73.956758 40.758298 -74.009319 40.701127
-73.973401 40.74094 -73.951392 40.770567
-73.963892 40.783757 -73.988742 40.753948
-73.978656 40.71117 -74.001499 40.705981
-73.982523 40.742781 -74.014947 40.703905
-73.946838 40.796261 -73.982701 40.771249
-73.991456 40.752172 -74.007163 40.714404
-73.997247 40.750504 -73.961347 40.776266
-73.964505 40.764387 -73.988338 40.732052
-73.979333 40.738156 -74.007928 40.741502
-73.938246 40.800281 -73.953921 40.78213
-74.012586 40.721372 -73.992804 40.743549
-73.990312 40.757138 -73.995836 40.720906
-73.993588 40.72441 -73.966255 40.770951
-73.961411 40.776348 -73.990901 40.753689
-73.930417 40.786798 -73.970453 40.788925
-73.978076 40.788197 -73.991603 40.757482
-74.017022 40.701721 -73.995927 40.737318
-73.980984 40.756275 -74.000639 40.713373
-73.995465 40.754141 -74.002074 40.710967
-73.979959 40.774852 -74.007487 40.74236
-73.950778 40.783342 -73.964598 40.751087
-73.963089 40.760694 -74.00708 40.710056
-73.975158 40.749157 -73.992494 40.720904
-73.978093 40.735728 -74.013264 40.709935
-74.000693 40.745266 -73.965104 40.787948
-73.997453 40.750065 -74.017913 40.712156
-74.007297 40.724256 -73.962748 40.750467
-74.005727 40.748272 -73.963756 40.768165
-73.946815 40.802537 -73.982828 40.774821
-73.970652 40.778178 -73.997757 40.757149
-73.98542 40.744314 -73.961069 40.77272
-73.985155 40.74617 -74.000623 40.703804
-73.918908 40.752533 -73.958013 40.729674
-73.986587 40.704172 -74.001208 40.744013
-73.992915 40.765648 -73.969258 40.804881
-73.969904 40.763658 -73.972192 40.792845
-73.989268 40.768813 -73.956346 40.788643
-73.98206 40.747755 -73.95786 40.76583
-73.978429 40.796025 -73.992973 40.762628
-73.932798 40.775504 -73.994775 40.724017
-73.953994 40.794663 -73.977198 40.762759
-73.980508 40.778666 -73.999928 40.763601
-74.00206 40.71285 -73.993888 40.757544
-73.961586 40.766667 -74.010686 40.707272
-73.949536 40.793403 -73.966283 40.762202
-73.983869 40.731407 -73.959221 40.762821
-73.983697 40.76391 -74.006678 40.72828
-73.947534 40.782381 -73.996727 40.723771
-74.008358 40.733842 -73.972417 40.752542
-73.968525 40.782957 -73.992663 40.760391
-73.977296 40.736609 -74.011318 40.738377
-73.966396 40.792505 -73.99512 40.751664
-73.978368 40.739955 -74.012769 40.719366
-74.011237 40.714661 -74.002933 40.753283
-73.952036 40.780464 -73.991 40.726393
-73.952794 40.781216 -73.962821 40.754645
-73.947505 40.783526 -73.97977 40.754162
-73.965097 40.777671 -73.994583 40.754518
-73.989872 40.747821 -74.016978 40.707437
-73.95794 40.766678 -73.990575 40.739742
-74.017702 40.717641 -73.987714 40.748025
-73.964036 40.771593 -73.998438 40.739463
-73.988996 40.75762 -74.0171 40.709948
-73.994908 40.733448 -73.989613 40.764887
-73.981002 40.701951 -74.003245 40.747792
-73.998247 40.773525 -74.016391 40.724655
-73.942453 40.808003 -73.96024 40.76665
-73.966422 40.769793 -73.992313 40.764941
-73.973907 40.738962 -74.013989 40.725308
-73.965297 40.798468 -74.004118 40.721221
-73.997586 40.735178 -74.009011 40.703219
-73.935268 40.808 -73.961704 40.761348
-73.976261 40.781434 -73.993625 40.740454
-73.978416 40.755498 -74.001451 40.713354
-73.945318 40.776754 -73.974156 40.72168
-73.986912 40.721844 -73.972061 40.754482
-73.97105 40.765188 -74.000027 40.726747
-73.977663 40.746299 -74.010368 40.709363
-73.982816 40.745979 -74.008049 40.708029
-73.936183 40.77043 -73.988319 40.767091
-74.006471 40.75613 -73.981781 40.71843
-73.99365 40.758803 -73.994827 40.721326
-74.017626 40.710345 -73.990815 40.744939
-73.949694 40.766574 -73.98442 40.735242
-73.995128 40.741415 -74.011054 40.714702
-73.94417 40.801856 -73.98289 40.765995
-73.994988 40.728242 -73.973967 40.752175
-73.976765 40.753945 -74.002416 40.701485
-73.952034 40.779057 -74.017358 40.710455
-73.954315 40.793187 -73.994464 40.740322
-73.927354 40.780073 -73.967587 40.78075
-73.980698 40.778805 -73.954081 40.80751
-73.975676 40.745968 -74.004183 40.705507
-73.965864 40.791031 -73.989226 40.762959
-73.970078 40.759505 -73.989161 40.733284
-73.94653 40.770764 -73.997238 40.758287
-73.944275 40.769077 -73.979208 40.747635
-73.979311 40.744262 -74.008344 40.727226
-73.979711 40.741365 -74.015171 40.707846
-73.99132 40.71698 -73.970733 40.75871
-74.013031 40.712196 -73.988891 40.749198
-74.008903 40.717003 -74.000166 40.752982
-73.959008 40.786165 -73.96601 40.756523
-74.007314 40.742102 -73.980872 40.766058
-73.980174 40.741848 -73.98551 40.77275
-73.929074 40.78026 -73.969545 40.786919
-73.987212 40.750605 -74.013576 40.711708
-73.984019 40.773486 -73.964201 40.808664
-73.935057 40.701817 -73.965732 40.750716
-73.961972 40.789404 -73.979797 40.761679
-74.013612 40.729674 -73.991809 40.748162
-73.983774 40.765704 -74.006085 40.721735
-73.998598 40.745406 -74.011173 40.7009
-74.016663 40.704389 -73.994024 40.746782
-73.991283 40.745676 -73.970037 40.759687
-73.955706 40.795135 -73.967174 40.763026
-73.965074 40.760856 -73.988383 40.743115
-73.939846 40.799538 -73.967721 40.765161
-73.982414 40.7443 -74.01532 40.702345
-73.966922 40.79366 -73.987391 40.762115
-73.930796 40.780123 -73.962973 40.786991
-73.970912 40.763407 -73.966634 40.802528
-73.971318 40.784384 -73.978771 40.755646
-73.978058 40.746133 -74.013436 40.720925
-73.994199 40.737796 -73.921911 40.769766
-73.972507 40.724018 -73.958587 40.768924
-73.964945 40.785539 -73.922737 40.795217
-73.947407 40.78783 -74.014197 40.706871
-73.984139 40.747404 -74.017286 40.719795
-73.992497 40.706789 -73.969019 40.759384
-74.007221 40.734241 -73.97318 40.751406
-73.985026 40.714585 -73.947868 40.713615
-74.009126 40.718029 -73.981346 40.757717
-73.943872 40.780707 -73.997562 40.725769
-73.962812 40.7845 -74.0048 40.759404
-73.971884 40.744484 -74.010105 40.719839
-73.918823 40.744533 -73.966221 40.766328
-73.969338 40.794764 -73.988407 40.753047
-74.016501 40.716916 -73.982934 40.762799
-74.007437 40.717877 -73.984347 40.738221
-73.969964 40.76167 -73.985076 40.724708
-73.93264 40.782041 -73.971248 40.784053
-73.919846 40.767123 -73.991065 40.7276
-73.9406 40.795894 -73.993061 40.746229
-74.01643 40.70796 -73.978315 40.755502
-73.999211 40.737479 -73.976429 40.759674
-73.993953 40.746207 -73.968039 40.767052
-73.944129 40.771306 -73.976658 40.791563
-73.995815 40.718321 -73.955884 40.717868
-73.976775 40.754844 -74.001091 40.740164
-73.930436 40.788002 -73.963543 40.783996
-73.981724 40.737184 -74.00788 40.701191
-73.948816 40.773596 -73.998292 40.756949
-73.956786 40.77103 -73.997722 40.731175
-73.962022 40.770245 -73.988327 40.777913
-74.010949 40.703989 -73.983664 40.717491
-73.990784 40.758599 -74.016408 40.709556
-73.981167 40.772038 -73.994019 40.732125
-73.979227 40.742176 -74.003759 40.704544
-73.989793 40.766432 -74.002547 40.722042
-73.99416 40.755979 -73.95651 40.785598
-73.946814 40.789958 -73.965914 40.766968
-73.964246 40.740047 -73.958782 40.783398
-73.985813 40.766131 -73.958436 40.788588
-73.987806 40.783372 -73.96096 40.796021
-73.936467 40.771462 -73.965514 40.757368
-74.011865 40.722803 -73.992633 40.758501
-73.93324 40.750637 -73.992082 40.71034
