-73.989735 40.741201 -73.948817 40.790568
-73.972572 40.712603 -73.994031 40.740866
-73.955021 40.767335 -74.010588 40.702385
-74.004213 40.744078 -73.962912 40.767695
-73.965249 40.739807 -73.957088 40.783323
-73.981982 40.746883 -74.009597 40.715064
-73.977483 40.763906 -73.999413 40.726477
-73.995643 40.742688 -73.962557 40.762492
-73.959033 40.772893 -73.994988 40.756002
-74.005336 40.764101 -73.9747 40.796467
-73.967084 40.779594 -73.923421 40.797795
-73.986303 40.785189 -73.953939 40.793212
-73.982581 40.700947 -73.963444 40.773639
-73.977361 40.729702 -73.960359 40.763534
-73.951754 40.80409 -73.982808 40.760702
-73.988125 40.721434 -74.01766 40.705695
-73.995807 40.774321 -74.004311 40.728652
-73.949868 40.75748 -73.938285 40.793776
-73.989851 40.75991 -74.007496 40.724091
-74.006141 40.717049 -73.988842 40.749338
-73.988143 40.75152 -74.008473 40.711521
-73.946748 40.784232 -73.9857 40.723478
-73.984049 40.713237 -73.971045 40.75863
-73.979763 40.756754 -73.995087 40.723007
-73.938973 40.777845 -73.967529 40.759321
-73.961117 40.760993 -73.993956 40.730189
-73.97344 40.723228 -73.995225 40.754122
-73.959824 40.75632 -73.945251 40.722042
-73.962991 40.783167 -73.973015 40.75066
-73.929613 40.753015 -73.99352 40.712464
-73.97833 40.774177 -73.985462 40.740982
-73.973032 40.796883 -74.015534 40.716457
-73.989062 40.745694 -73.965267 40.777775
-73.962141 40.763523 -73.986448 40.746273
-73.954439 40.777209 -73.992024 40.756069
-73.955764 40.76668 -73.975787 40.795602
-73.935882 40.709681 -73.965187 40.759266
-73.991585 40.706563 -73.968688 40.757773
-73.948077 40.776264 -73.977473 40.751777
-73.972187 40.751773 -74.005081 40.716212
-73.986041 40.773116 -73.960668 40.80139
-73.986686 40.747301 -73.971197 40.774361
-73.937277 40.777928 -73.968559 40.754668
-73.983186 40.742754 -74.011812 40.719568
-73.926651 40.756173 -73.991964 40.711063
-73.988099 40.724647 -74.00834 40.709329
-73.919129 40.746018 -73.967189 40.767747
-73.991765 40.724831 -73.975951 40.759161
-73.996961 40.725266 -73.989204 40.770473
-73.995865 40.754561 -73.972036 40.781871
-73.951073 40.770548 -73.966536 40.74166
-73.997844 40.700871 -73.965054 40.754781
-73.985111 40.731792 -73.961387 40.777947
-73.964007 40.74017 -74.005384 40.709285
-73.999556 40.730939 -74.016285 40.707425
-73.929333 40.796915 -73.985512 40.734945
-74.003585 40.768573 -73.979074 40.732153
-73.993434 40.743139 -73.962535 40.751266
-73.979375 40.756257 -73.999836 40.711082
-73.96888 40.751856 -74.011408 40.702322
-73.918418 40.75563 -73.961177 40.729567
-73.993537 40.751574 -73.966146 40.763157
-73.926939 40.792291 -73.98742 40.732814
-73.941863 40.792708 -73.976007 40.736798
-73.938477 40.806221 -73.959953 40.783128
-74.008405 40.751779 -74.011405 40.713291
-73.975653 40.770186 -73.991888 40.741971
-74.006896 40.730205 -74.016387 40.705098
-73.978847 40.721756 -73.947936 40.774601
-73.969209 40.770573 -73.99774 40.769038
-73.937803 40.707828 -73.968542 40.755815
-73.950709 40.758761 -73.935616 40.79568
-73.966081 40.740346 -74.001084 40.70883
-73.931253 40.793939 -73.986271 40.737107
-73.953673 40.792911 -73.997411 40.744805
-73.936987 40.776337 -73.964846 40.755852
-73.988075 40.753728 -73.958689 40.784618
-73.961086 40.793949 -73.968047 40.760033
-73.994965 40.700778 -73.967171 40.759285
-73.966546 40.794853 -73.979237 40.765754
-73.975414 40.796341 -73.984402 40.763381
-73.988123 40.73271 -73.947336 40.762216
-73.986123 40.723259 -74.013704 40.709969
-74.008211 40.764141 -73.95871 40.781025
-73.987883 40.764765 -73.958905 40.782014
-73.959864 40.760508 -74.016949 40.700897
-73.9522 40.781373 -73.986357 40.766363
-73.950365 40.772329 -73.97453 40.725087
-73.989364 40.727243 -73.960781 40.763423
-73.956042 40.746915 -73.982705 40.7496
-73.97001 40.756675 -74.002673 40.722568
-73.99551 40.715934 -73.993979 40.753575
-74.007941 40.735233 -73.947461 40.780524
-73.936093 40.793331 -73.979077 40.785556
-73.992195 40.775153 -74.001256 40.720677
-73.92366 40.773293 -73.970705 40.766376
-73.985505 40.74856 -74.009015 40.708873
-73.960693 40.789731 -73.980344 40.769095
-73.949572 40.772496 -73.990626 40.751894
-73.961453 40.751135 -73.98932 40.734833
-73.945949 40.785904 -73.97978 40.747751
-73.996981 40.703824 -73.966958 40.755873
-73.998302 40.754153 -73.995082 40.722228
-73.966166 40.798839 -73.98174 40.751833
-73.948463 40.774531 -73.998838 40.741295
-73.987263 40.780034 -73.997965 40.749535
-73.97366 40.741829 -74.016877 40.702787
-73.978009 40.761464 -73.946395 40.792518
-73.985274 40.727658 -74.013478 40.705571
-73.94741 40.771819 -73.970762 40.747483
-73.997567 40.707127 -73.966909 40.749851
-73.933445 40.795103 -73.988243 40.736452
-73.995863 40.742094 -74.013098 40.717908
-73.990909 40.744027 -73.956754 40.71621
-73.951952 40.802724 -73.986896 40.777538
-73.969228 40.770405 -73.993981 40.751543
-73.922168 40.746879 -73.962869 40.768655
-73.999625 40.723836 -73.970455 40.755765
-73.918232 40.758286 -73.955334 40.728897
-73.929522 40.796061 -73.98329 40.735149
-73.986615 40.752446 -74.013083 40.714208
-73.939322 40.795287 -73.973641 40.780366
-74.016853 40.702814 -73.973475 40.748918
-73.994402 40.755905 -73.966362 40.765886
-73.980131 40.725157 -73.953073 40.769451
-73.984314 40.745155 -74.01167 40.718639
-73.989655 40.726843 -73.955231 40.76706
-74.003196 40.728847 -73.985603 40.755676
-73.977839 40.759338 -74.000994 40.729677
-73.940034 40.70734 -73.966683 40.75247
-73.953645 40.763642 -73.990203 40.742908
-73.921039 40.756347 -73.955101 40.724799
-73.962074 40.77433 -73.937692 40.806268
-73.957008 40.803945 -73.993182 40.735024
-73.961102 40.767759 -74.016954 40.709988
-73.958538 40.775588 -74.013719 40.707887
-73.965063 40.747908 -74.000516 40.709995
-73.948192 40.79862 -73.971411 40.760069
-73.939478 40.707745 -73.96562 40.753449
-73.982289 40.739804 -74.013156 40.702226
-73.981071 40.758785 -74.011207 40.702922
-74.008666 40.748121 -73.944055 40.807875
-73.965171 40.755763 -73.947779 40.78793
-74.008781 40.762157 -73.958757 40.780098
-73.983451 40.738854 -74.017727 40.710034
-74.007024 40.768499 -73.976828 40.736998
-73.994057 40.757958 -73.966238 40.767357
-73.952082 40.756464 -73.939918 40.798225
-73.951007 40.770596 -73.978837 40.756576
-73.983136 40.707216 -74.006922 40.7414
-73.972181 40.760255 -73.957457 40.8021
-73.990148 40.777951 -73.948892 40.79522
-73.938493 40.794016 -73.976483 40.734203
-73.959001 40.775021 -73.971593 40.803114
-73.983675 40.751376 -73.997095 40.715873
-73.952884 40.789429 -73.978346 40.774761
-73.994488 40.753551 -73.972994 40.787452
-74.000104 40.720332 -73.971038 40.712731
-73.981767 40.741492 -73.959397 40.772756
-73.991678 40.729607 -73.956876 40.766993
-73.934001 40.759392 -73.991641 40.714291
-73.972674 40.727127 -73.964783 40.759801
-73.980696 40.753694 -74.005366 40.713173
-74.005094 40.748281 -73.950203 40.801192
-73.920811 40.754724 -73.953769 40.724793
-73.937374 40.770973 -73.962434 40.758459
-73.946391 40.784409 -73.980112 40.75506
-73.989492 40.724273 -73.955884 40.767695
-73.937454 40.703824 -73.962453 40.754007
-73.958772 40.805978 -73.972456 40.751157
-73.930457 40.792544 -73.984809 40.736964
-73.986688 40.745356 -74.001271 40.711339
-73.92247 40.743591 -73.957048 40.76131
-73.986805 40.749768 -74.00134 40.714615
-73.97741 40.779979 -74.00704 40.721623
-73.96472 40.767427 -73.989035 40.737738
-73.994107 40.737584 -73.964338 40.768802
-73.98362 40.741528 -73.945222 40.77785
-73.92817 40.795024 -73.989651 40.731333
-73.959385 40.759966 -73.986516 40.743406
-73.937463 40.790552 -73.979633 40.786359
-73.983151 40.756172 -73.995427 40.719963
-73.978255 40.735794 -73.957391 40.760205
-73.999804 40.729366 -73.978196 40.72652
-73.947372 40.770653 -73.969736 40.801428
-73.99943 40.753869 -74.010419 40.709139
-73.988117 40.720634 -73.964503 40.759271
-73.939757 40.708636 -73.963007 40.750356
-73.993081 40.721975 -73.978949 40.755244
-73.941669 40.769987 -73.963487 40.75939
-73.969131 40.759268 -74.00162 40.708964
-73.99802 40.738254 -73.960291 40.764936
-73.931255 40.780456 -73.967125 40.785879
-73.99945 40.750735 -73.962456 40.764627
-73.95606 40.764567 -74.012048 40.716137
-73.96687 40.800257 -73.985979 40.763126
-73.989118 40.756824 -74.012152 40.708646
-73.990202 40.745461 -74.010521 40.704902
-73.975725 40.781125 -73.981973 40.755554
-73.966925 40.788963 -73.987179 40.755654
-74.000674 40.732011 -73.952627 40.787224
-73.977535 40.742684 -74.00536 40.703973
-73.99881 40.711789 -73.992843 40.75079
-73.974083 40.750974 -74.008246 40.746876
-74.006826 40.725962 -73.981105 40.753525
-73.999519 40.737418 -74.015455 40.715139
-73.972969 40.726144 -73.946474 40.77751
-73.965534 40.752746 -74.012807 40.716955
-73.942621 40.805764 -73.96126 40.77945
-73.967139 40.776247 -73.935642 40.803591
-73.958572 40.803852 -73.989815 40.769248
-73.996945 40.749851 -74.015835 40.715466
-73.959246 40.74354 -73.986845 40.740461
-73.990921 40.709033 -73.965235 40.755865
-73.933752 40.765889 -73.966993 40.769168
-73.983578 40.735934 -73.966034 40.768045
-73.984352 40.758537 -74.014458 40.717655
-73.982879 40.714094 -73.948382 40.70566
-73.998903 40.75862 -73.961034 40.800481
-73.956137 40.77758 -73.997355 40.778546
-74.003345 40.723701 -73.987164 40.760178
-74.008163 40.746269 -74.00575 40.71009
-73.999343 40.749755 -73.967982 40.76911
-73.98013 40.788108 -73.959826 40.799036
-73.922343 40.752987 -73.9582 40.727392
-74.007376 40.763781 -74.013398 40.719838
-73.979129 40.78785 -73.992277 40.740439
-73.918129 40.746026 -73.971283 40.761818
-74.007907 40.769009 -74.010506 40.715254
-73.996575 40.714051 -73.975745 40.766193
-73.962075 40.746528 -73.98789 40.74388
-73.924787 40.746911 -73.957302 40.761266
-73.983802 40.748079 -74.00898 40.703117
-73.99105 40.716363 -73.996059 40.751957
-73.975227 40.742998 -74.014131 40.71999
-74.005177 40.713906 -73.976768 40.749465
-73.986286 40.753259 -74.00927 40.70833
-73.988283 40.743668 -74.01507 40.714313
-73.991002 40.754245 -73.956714 40.808018
-73.932154 40.767421 -73.98359 40.747199
-73.98692 40.756661 -74.001097 40.729122
-73.94514 40.751053 -73.938875 40.790207
-73.954879 40.802284 -73.985801 40.751298
-73.990916 40.74441 -73.945977 40.776571
-73.995693 40.763005 -73.951299 40.784574
-73.968171 40.771635 -73.991153 40.758125
-73.952478 40.77501 -73.971051 40.747489
-73.976681 40.756378 -74.016103 40.714863
-73.989296 40.759246 -74.00403 40.713113
-73.945829 40.782827 -73.989283 40.727189
-73.941048 40.800067 -73.962229 40.788933
-73.929933 40.798396 -73.98247 40.733293
-73.976868 40.781573 -73.997812 40.751634
-73.98359 40.749899 -74.013818 40.70733
-73.959459 40.808564 -73.98864 40.759882
-73.96819 40.749356 -73.962355 40.787815
-73.992957 40.757415 -74.010364 40.717515
-73.958988 40.762508 -73.988156 40.739978
-74.007909 40.743212 -73.972424 40.767682
-73.998679 40.755955 -73.966044 40.761045
-73.954753 40.773459 -73.973719 40.747353
-73.976095 40.744183 -74.012521 40.702656
-73.974953 40.797208 -74.000307 40.76005
-73.97835 40.783432 -73.990844 40.741532
-73.938996 40.775042 -73.967714 40.75504
-73.953445 40.771913 -73.999217 40.758503
-73.957492 40.773005 -74.018051 40.719273
-74.007739 40.737563 -73.973343 40.768593
-73.946573 40.799139 -73.990174 40.777222
-74.01163 40.721802 -73.97683 40.75945
-73.953136 40.761671 -73.98187 40.745021
-73.95569 40.757442 -74.009755 40.701929
-73.989195 40.742055 -73.960491 40.786371
-73.962317 40.793044 -73.973961 40.758919
-73.985705 40.779077 -73.975312 40.747478
-74.000864 40.766802 -74.016125 40.711873
-74.001486 40.755304 -73.974855 40.780155
-73.979426 40.758557 -74.002999 40.749166
-73.989662 40.72705 -74.017131 40.703634
-73.956789 40.801078 -73.958909 40.770166
-73.97116 40.771251 -73.992323 40.766885
-73.965232 40.78155 -73.99352 40.765197
-73.987053 40.743135 -73.953929 40.764199
-73.950513 40.771255 -73.983482 40.740337
-73.984945 40.767659 -74.00679 40.743825
-73.939616 40.799315 -73.967933 40.768149
-74.008236 40.713151 -73.983413 40.755661
-73.930372 40.751088 -73.997832 40.715541
-73.988366 40.74355 -74.0002 40.71369
-73.98103 40.729916 -74.008428 40.760102
-73.981901 40.759268 -74.005225 40.713056
-73.957438 40.756197 -73.990743 40.738493
-73.98997 40.755194 -74.014498 40.70165
-73.987653 40.780658 -73.95669 40.789698
-73.938953 40.774957 -73.985093 40.759941
-73.975396 40.76273 -74.017751 40.704503
-73.93191 40.789832 -73.986091 40.736605
-73.973676 40.72636 -74.001107 40.704561
-73.991675 40.717974 -74.002053 40.758326
-73.981858 40.736706 -73.957233 40.7507
-73.959406 40.788707 -73.992331 40.754207
-73.996213 40.732542 -73.960958 40.780384
-73.962141 40.761715 -73.997026 40.719476
-73.993566 40.700483 -73.967778 40.754254
-73.976139 40.755662 -74.011044 40.705637
-73.96438 40.795674 -73.968157 40.766483
-74.001136 40.733108 -73.97925 40.762845
-73.971295 40.753822 -74.005805 40.727446
-73.984703 40.734652 -73.953986 40.765002
-73.981281 40.769119 -73.96706 40.79735
-73.979955 40.780746 -74.014081 40.714309
-74.016881 40.702881 -73.972244 40.75368
-73.970932 40.788866 -73.993667 40.76603
-73.971258 40.751653 -73.994417 40.755031
-73.986347 40.745337 -74.013799 40.710388
-73.965521 40.772685 -73.992879 40.756877
-73.91779 40.743709 -73.963285 40.75305
-73.937551 40.708537 -73.971468 40.755363
-73.983676 40.710618 -73.95119 40.702898
-73.981685 40.743526 -73.962717 40.774723
-73.939112 40.808147 -73.962102 40.769198
-73.926851 40.784425 -73.969208 40.787202
-73.920514 40.751086 -73.955437 40.720625
-73.948515 40.802262 -73.983896 40.777287
-73.981004 40.753579 -74.012466 40.700906
-73.977847 40.794653 -73.982089 40.765811
-74.009862 40.728235 -73.978634 40.759074
-73.985988 40.758428 -73.996397 40.729512
-73.983454 40.740205 -73.954899 40.763478
-73.96619 40.753613 -73.927118 40.767284
-73.985916 40.741618 -73.958093 40.77851
-73.927943 40.750272 -73.999333 40.71924
-73.984677 40.743093 -73.953663 40.776234
-73.955064 40.777569 -73.981288 40.758143
-73.935055 40.771858 -73.966576 40.751694
-73.991033 40.72952 -73.989321 40.749676
-73.983749 40.759711 -74.000137 40.742361
-73.988888 40.7305 -73.9653 40.763585
-74.007416 40.749276 -74.0098 40.713235
-73.922705 40.768945 -73.99384 40.728201
-74.000376 40.726728 -73.973327 40.740907
-74.004617 40.762391 -73.964459 40.806418
-74.007937 40.738414 -73.979649 40.757128
-73.97129 40.772086 -73.987448 40.75544
-73.928667 40.75162 -73.991341 40.716441
-73.931964 40.791484 -73.981162 40.735065
-73.939489 40.801399 -73.95794 40.771217
-73.958812 40.767287 -73.990415 40.737777
-73.93466 40.707808 -73.963826 40.756355
-73.930427 40.775742 -73.994119 40.721142
-73.925037 40.77855 -73.94958 40.745443
-73.964889 40.740237 -73.944926 40.783573
-73.996734 40.762856 -73.955082 40.804419
-73.952692 40.758739 -73.939641 40.796295
-73.998309 40.759808 -73.944479 40.77541
-73.975244 40.790411 -73.990388 40.75378
-73.991135 40.762829 -73.937665 40.793836
-73.990447 40.768453 -73.94748 40.780441
-73.981348 40.754231 -74.014446 40.710188
-73.925159 40.754055 -73.959075 40.723729
-73.994093 40.757648 -74.004774 40.710037
-73.991804 40.741883 -73.966609 40.753118
-73.985316 40.734718 -73.953681 40.751885
-73.966956 40.754766 -73.990691 40.729262
-73.935227 40.772195 -73.965079 40.749757
-73.915947 40.74944 -73.967102 40.765359
-74.008243 40.766499 -73.97894 40.786245
-73.973085 40.747915 -74.01101 40.710624
-73.991957 40.773251 -74.008066 40.720261
-73.950341 40.760751 -73.98182 40.723598
-73.94733 40.75936 -73.942244 40.792294
-73.986761 40.763257 -74.004108 40.720434
-73.944785 40.806034 -73.986096 40.76045
-74.002432 40.717473 -73.999782 40.751707
-73.917085 40.744899 -73.981309 40.764105
-73.952652 40.778809 -74.004407 40.708822
-73.939683 40.798573 -73.973608 40.736752
-73.970903 40.789837 -73.978117 40.762234
-73.986882 40.734704 -73.962111 40.762229
-73.974753 40.753079 -74.017372 40.717423
-73.965259 40.787513 -73.972023 40.758173
-73.943505 40.707644 -73.968175 40.758207
-73.961387 40.787977 -73.972426 40.749026
-73.954289 40.803841 -73.979973 40.762006
-74.004548 40.736726 -73.979387 40.750203
-73.993678 40.774451 -74.001965 40.724205
-73.972303 40.715063 -73.923373 40.791261
-73.987196 40.774962 -74.000211 40.749311
-73.999765 40.748649 -73.981664 40.775654
-73.983241 40.748954 -73.972752 40.770493
-73.964691 40.778903 -73.999521 40.757349
-73.96794 40.786511 -73.988351 40.750091
-73.961367 40.787137 -74.011691 40.70263
-73.990935 40.758354 -73.992063 40.721638
-73.972946 40.73291 -74.007485 40.746999
-73.956059 40.795846 -73.978723 40.767006
-73.920421 40.767251 -73.993663 40.724909
-74.003259 40.732044 -73.976948 40.743475
-73.991241 40.775063 -74.004646 40.725277
-73.954673 40.776794 -73.939369 40.801324
-73.99456 40.753818 -74.015242 40.715057
-73.995349 40.721175 -73.96265 40.766701
-73.973859 40.771561 -73.93976 40.804696
-74.009744 40.702017 -73.97344 40.745124
-74.016743 40.712159 -73.999313 40.749262
-73.994027 40.743034 -74.017161 40.719654
-73.92356 40.756874 -73.95816 40.726816
-73.993444 40.74706 -73.967827 40.762867
-73.943777 40.769355 -73.967625 40.750203
-73.938087 40.773847 -73.982917 40.768548
-73.988797 40.767614 -74.017631 40.71041
-73.981664 40.756818 -74.001888 40.726511
-73.941807 40.77659 -73.968467 40.756844
-73.973599 40.752482 -73.99961 40.72483
-73.997468 40.721209 -73.980023 40.750128
-73.979301 40.740448 -73.955059 40.775818
-73.944843 40.774073 -73.989216 40.728758
-73.99166 40.737349 -74.00934 40.720029
-73.939568 40.801186 -73.961922 40.763291
-73.983536 40.756043 -74.000391 40.719231
-73.924877 40.75324 -73.956451 40.729584
-74.006263 40.719159 -73.999047 40.749644
-73.97498 40.786236 -73.984655 40.752412
-74.000748 40.7614 -74.017574 40.716537
-73.961199 40.801412 -73.946762 40.777216
-73.915961 40.74934 -73.971259 40.767772
-73.967582 40.739888 -73.957284 40.783847
-73.954672 40.787252 -73.973008 40.749689
-73.981094 40.771711 -73.96241 40.797816
-73.974879 40.751897 -73.998333 40.724744
-73.997532 40.742074 -74.010481 40.712477
-73.978887 40.77963 -73.948779 40.807753
-73.927543 40.791943 -73.986318 40.73564
-73.934882 40.700552 -73.965203 40.754362
-74.001851 40.725344 -73.979584 40.753128
-73.968408 40.750665 -73.99717 40.715115
-73.999469 40.769285 -73.969847 40.806177
-73.946285 40.794774 -73.987979 40.774321
-73.947556 40.77195 -73.984202 40.774078
-73.956254 40.799814 -73.987711 40.75846
-73.96433 40.765841 -74.000008 40.707094
-73.991935 40.777947 -74.00729 40.726723
-73.978278 40.753384 -74.015284 40.701777
-73.989116 40.765718 -74.017635 40.721192
-73.960275 40.759961 -74.017409 40.705061
-73.985259 40.73419 -74.004131 40.708252
-73.972927 40.780526 -73.997598 40.747718
-73.974814 40.779174 -73.992915 40.750514
-74.00815 40.725471 -73.964487 40.713606
-73.984924 40.742227 -73.965092 40.775864
-73.99117 40.742521 -73.957613 40.71102
-73.99053 40.777998 -74.000411 40.720118
-73.966635 40.783941 -73.987348 40.75763
-73.961675 40.76513 -73.998267 40.751393
-73.94551 40.792471 -73.978182 40.777576
-73.974277 40.789566 -73.93659 40.795724
-73.949069 40.778708 -73.972221 40.755662
-73.973563 40.75073 -74.003442 40.748285
-73.958924 40.795302 -73.997951 40.745392
-73.977183 40.785029 -73.995397 40.742754
-73.996166 40.750749 -73.971741 40.784385
-73.944181 40.773065 -73.981836 40.740716
-73.952833 40.752045 -73.936962 40.797379
-74.001572 40.764018 -74.009089 40.716078
-73.928057 40.754723 -73.998486 40.718594
-73.999916 40.725736 -73.987982 40.753865
-73.998228 40.750639 -74.009409 40.710429
-73.927157 40.750358 -73.997628 40.716248
-73.995544 40.757233 -73.944723 40.781809
-74.006469 40.761468 -73.978583 40.781904
-73.9534 40.741856 -73.988161 40.743937
-73.942656 40.769412 -73.967326 40.749843
-73.979925 40.781549 -73.950294 40.774501
-73.967274 40.745597 -73.95064 40.786999
-73.921628 40.747263 -73.955249 40.765193
-73.938811 40.798514 -73.985014 40.779047
-73.956325 40.787617 -74.009437 40.709753
-73.989333 40.758438 -74.010998 40.708172
-73.956483 40.768824 -73.984767 40.74778
-73.987568 40.706959 -74.00643 40.744189
-73.998198 40.73945 -73.97896 40.766077
-73.958842 40.782364 -73.976353 40.74625
-73.975252 40.769737 -74.00432 40.762293
-73.981806 40.748214 -74.014913 40.714212
-74.007419 40.729434 -73.989883 40.756876
-73.955312 40.744088 -73.986863 40.745496
-73.956887 40.762036 -73.992324 40.754882
-73.975368 40.78658 -73.994633 40.754724
-73.928861 40.789068 -73.985439 40.733187
-73.932498 40.7784 -73.998535 40.720914
-73.968324 40.752898 -73.938698 40.808356
-73.948358 40.757629 -73.93744 40.795644
-74.00822 40.730004 -74.012696 40.70149
-73.926893 40.752981 -73.998951 40.715753
-73.934892 40.804751 -73.955212 40.771879
-73.942245 40.789416 -74.002105 40.701601
-73.965892 40.75084 -74.003685 40.703338
-74.004657 40.753569 -73.989108 40.780021
-73.986159 40.727933 -74.017487 40.705155
-73.952444 40.769749 -73.977972 40.774778
-73.986957 40.70657 -73.968954 40.776969
-73.987875 40.724288 -73.977917 40.751611
-73.972621 40.788493 -74.001665 40.750411
-73.922142 40.768859 -73.998106 40.726507
-73.93153 40.775149 -73.994124 40.722598
-73.959399 40.771968 -73.986801 40.749233
-73.948727 40.788237 -73.971985 40.754825
-73.983003 40.767947 -73.953797 40.786937
-73.916855 40.768436 -73.998584 40.720844
-73.936671 40.779032 -73.966974 40.757078
-73.955321 40.780424 -73.974476 40.753122
-73.996169 40.711192 -73.985801 40.742845
-73.977285 40.756279 -74.007639 40.714341
-73.955011 40.772589 -73.969827 40.805518
-73.980612 40.754058 -74.012688 40.709527
-73.975946 40.760068 -74.005471 40.747687
-73.95442 40.751875 -73.996075 40.746021
-74.004714 40.748111 -73.999929 40.7019
-73.931636 40.789065 -73.981755 40.739228
-73.952759 40.772492 -73.972621 40.754833
-73.996337 40.758173 -73.966967 40.764662
-74.007579 40.73662 -73.976436 40.770084
-73.930469 40.792878 -73.981124 40.734206
-74.005377 40.728658 -73.981893 40.756704
-74.009962 40.720526 -73.977307 40.757946
-73.962482 40.739981 -73.949764 40.78394
-73.961247 40.805294 -73.973295 40.761742
-73.98346 40.740773 -73.978607 40.775217
-73.992558 40.750175 -73.95075 40.783306
-73.945439 40.760569 -74.010097 40.729763
-73.934207 40.795271 -73.982769 40.734217
-73.967958 40.757627 -73.99755 40.726214
-73.981282 40.743164 -74.004165 40.710516
-73.961073 40.747706 -73.982184 40.741223
-73.921109 40.777007 -73.964032 40.766033
-73.964226 40.807371 -73.986571 40.775184
-73.984885 40.707565 -74.003472 40.744148
-74.005052 40.729755 -73.978958 40.745965
-73.939747 40.701633 -73.969769 40.755501
-73.959739 40.77836 -73.987998 40.769455
-74.008071 40.749452 -73.965396 40.765608
-73.962272 40.794114 -73.976037 40.764329
-73.995799 40.774455 -74.001345 40.726761
-73.975086 40.793241 -73.941553 40.78738
-73.993758 40.720676 -73.980679 40.755789
-73.968026 40.780838 -73.994936 40.755191
-73.978169 40.754341 -74.009639 40.712246
-73.966758 40.792616 -73.957674 40.762474
-73.949223 40.765885 -73.973029 40.741846
-73.981021 40.738365 -74.012997 40.706747
-73.994191 40.757824 -74.011625 40.712683
-73.920588 40.750458 -73.958874 40.72978
-73.975661 40.725086 -73.955201 40.762824
-73.981427 40.745928 -74.017628 40.705181
-73.995708 40.749706 -74.01385 40.700959
-73.974934 40.741531 -74.004543 40.717897
-73.988462 40.713175 -73.949048 40.70461
-73.919249 40.747597 -73.970793 40.754354
-73.959128 40.766076 -74.009675 40.70988
-73.960276 40.767297 -74.015726 40.701416
-73.979527 40.753903 -73.953643 40.785635
-74.013582 40.714418 -73.994235 40.739842
-73.982356 40.76001 -73.937251 40.740483
-74.004044 40.736585 -73.964713 40.753579
-73.929029 40.776857 -73.997319 40.726226
-73.999914 40.74803 -74.014983 40.717982
-73.950572 40.758274 -73.93808 40.791494
-73.971447 40.78872 -73.986965 40.769107
-73.943525 40.808603 -73.958134 40.768277
-73.978926 40.74528 -73.96065 40.774007
-73.939247 40.704088 -73.964552 40.754325
-73.982556 40.754104 -74.015162 40.703687
-73.964246 40.743022 -73.943883 40.781308
-73.995165 40.754685 -74.016628 40.717235
-73.941404 40.701224 -73.968376 40.756119
-73.966376 40.784624 -74.001131 40.750385
-73.964492 40.772497 -73.996343 40.756797
-73.988962 40.774409 -73.97895 40.747962
-73.980099 40.728097 -74.004741 40.714294
-73.941535 40.792455 -73.976637 40.732717
-73.957205 40.779981 -74.003706 40.741919
-73.925 40.768631 -73.997296 40.727755
-73.953317 40.764338 -73.992552 40.756621
-73.964604 40.786148 -74.002971 40.750395
-73.979936 40.755661 -74.01459 40.703197
-73.980041 40.769049 -73.956401 40.781831
-73.986371 40.746199 -73.955168 40.777572
-74.01503 40.704756 -73.997038 40.759547
-73.969305 40.776025 -73.988514 40.737808
-73.969078 40.767682 -74.011769 40.707247
-73.990466 40.721817 -73.988765 40.77726
-73.929374 40.795156 -73.989823 40.736263
-73.925525 40.796728 -73.98394 40.734397
-73.975371 40.744382 -74.003901 40.717976
-73.940571 40.804427 -73.970323 40.767202
-73.922089 40.757082 -73.958136 40.724862
-73.945398 40.795983 -73.978422 40.774628
-73.981701 40.773729 -73.993551 40.731621
-73.943128 40.702692 -73.966734 40.755598
-73.980271 40.783816 -73.940789 40.792156
