-74.002259 40.737493 -73.962838 40.743587
-73.973938 40.790064 -73.935593 40.803978
-73.97504 40.766414 -73.997745 40.718537
-73.941273 40.708036 -73.970189 40.753067
-73.961807 40.764441 -74.007344 40.70317
-73.986935 40.760791 -74.00576 40.740804
-74.013639 40.708644 -73.975187 40.740046
-73.920545 40.769379 -73.966496 40.762988
-73.950083 40.788168 -73.983727 40.785692
-73.963879 40.77442 -73.950686 40.803693
-74.00085 40.733689 -73.988398 40.763978
-73.947775 40.77076 -73.966774 40.756894
-73.968461 40.752502 -73.954275 40.804577
-73.991399 40.700821 -73.967968 40.753892
-73.973952 40.743469 -74.010337 40.7084
-73.99401 40.758014 -74.006334 40.712283
-73.92892 40.771716 -73.997386 40.72606
-73.927331 40.782209 -73.966606 40.781869
-73.956522 40.764737 -73.981226 40.769503
-73.944443 40.767786 -73.974946 40.741087
-74.009003 40.718952 -73.979417 40.740518
-73.963766 40.745224 -73.959343 40.780413
-73.999417 40.705089 -73.968171 40.749986
-73.918986 40.739924 -73.987894 40.768142
-73.95846 40.772305 -73.974519 40.755693
-73.990765 40.750064 -73.978373 40.785054
-73.967406 40.786564 -74.006957 40.752566
-73.983738 40.754075 -73.993854 40.728397
-74.008692 40.734904 -73.977953 40.764632
-73.979307 40.757602 -74.012722 40.708205
-73.991028 40.757547 -73.946918 40.781906
-74.014499 40.710149 -73.974007 40.753797
-74.002954 40.707649 -73.97699 40.755396
-73.929176 40.79634 -73.986371 40.732761
-73.982766 40.764951 -73.971252 40.79022
-74.001088 40.734322 -73.974764 40.751574
-73.918651 40.772784 -73.944734 40.749139
-73.998075 40.736404 -74.010812 40.704913
-74.009488 40.70057 -74.002279 40.743754
-73.997892 40.747979 -73.965654 40.754644
-74.001843 40.734956 -73.98616 40.764165
-74.003605 40.739449 -73.976699 40.76694
-73.996167 40.758807 -74.010604 40.712973
-73.96232 40.740465 -73.985041 40.74765
-73.98981 40.777947 -73.979584 40.749609
-73.988956 40.772307 -74.007301 40.71393
-73.942172 40.799955 -73.971497 40.768954
-73.970735 40.753018 -73.951497 40.78022
-73.963385 40.767417 -74.005453 40.708273
-74.00715 40.747689 -73.973178 40.713398
-73.936942 40.756809 -73.972962 40.758196
-73.99656 40.758703 -73.959315 40.805437
-73.938934 40.752206 -73.98036 40.758802
-73.969718 40.780387 -74.002221 40.75668
-73.978966 40.76731 -73.969113 40.800721
-73.941094 40.774653 -73.963471 40.757704
-73.944914 40.780354 -73.988159 40.722064
-74.011454 40.720169 -73.975047 40.755536
-74.006936 40.742228 -74.014921 40.703887
-74.005562 40.724974 -73.974424 40.722923
-73.919098 40.743007 -73.961956 40.765911
-73.955945 40.747936 -73.981204 40.742664
-73.991007 40.739314 -73.963862 40.765663
-73.963641 40.757207 -74.012037 40.70297
-73.946744 40.786055 -73.967212 40.752996
-73.934353 40.791238 -73.984605 40.738682
-73.920609 40.754841 -73.962163 40.721915
-73.9609 40.762025 -73.929928 40.79285
-73.946871 40.787273 -73.981665 40.76721
-73.920912 40.750442 -73.953205 40.726114
-73.974718 40.722347 -73.961248 40.764973
-73.963777 40.752286 -73.982629 40.724235
-73.978709 40.742484 -74.011263 40.70966
-73.979963 40.712672 -73.995997 40.7409
-73.984 40.740319 -74.000763 40.715794
-73.995584 40.750231 -73.994893 40.727862
-73.990505 40.729368 -73.987641 40.758914
-73.976915 40.740643 -74.003407 40.720508
-74.007205 40.762835 -74.017829 40.711555
-73.950246 40.775242 -73.943596 40.800794
-73.949938 40.779488 -73.979406 40.760385
-73.987061 40.703068 -74.008403 40.745309
-73.972413 40.762115 -73.96784 40.79643
-73.977301 40.785729 -73.99096 40.756853
-73.992336 40.750457 -74.013934 40.705913
-73.96228 40.776406 -73.990549 40.755477
-73.973354 40.798198 -73.939819 40.80175
-73.965633 40.788017 -73.996212 40.764207
-73.971218 40.778054 -73.998494 40.767828
-74.000824 40.752856 -74.011768 40.715435
-73.996534 40.734301 -73.985005 40.765206
-73.960076 40.747728 -73.981442 40.741288
-73.992425 40.750244 -74.011583 40.717206
-73.986463 40.722134 -73.953464 40.764929
-73.961015 40.774224 -73.990918 40.7498
-74.008116 40.733266 -73.977713 40.751392
-73.993948 40.759014 -74.014547 40.716779
-73.941515 40.772369 -73.96337 40.749889
-73.96678 40.757729 -73.955763 40.803488
-73.992927 40.733528 -73.986003 40.766534
-73.970463 40.797594 -74.000238 40.739864
-73.952855 40.794827 -73.985688 40.770546
-73.966884 40.752488 -74.0123 40.707452
-73.984736 40.768587 -73.939777 40.799298
-73.924637 40.750356 -73.96094 40.726612
-73.920538 40.746168 -73.98234 40.762175
-73.987618 40.750237 -74.015856 40.703469
-73.9942 40.77021 -74.001223 40.726936
-73.959887 40.747124 -73.988537 40.740763
-73.955374 40.769714 -73.976911 40.73442
-73.992935 40.706691 -73.97082 40.756329
-74.003491 40.7427 -73.946901 40.807611
-73.956416 40.791877 -73.978735 40.76552
-73.935149 40.799043 -73.956203 40.782288
-73.991232 40.753767 -73.969538 40.772914
-73.954844 40.782949 -73.984735 40.768126
-73.974938 40.756664 -74.000286 40.709211
-73.921072 40.759334 -73.956033 40.7266
-73.975141 40.741661 -74.017408 40.707665
-73.98301 40.703628 -73.999808 40.74615
-73.968761 40.761406 -73.984347 40.753039
-73.989351 40.763667 -73.96395 40.79405
-74.000249 40.720445 -73.973618 40.758371
-73.975891 40.740271 -74.004972 40.710238
-73.965134 40.787089 -73.920971 40.789273
-73.94459 40.772761 -73.994028 40.742273
-73.985264 40.770537 -73.962606 40.798462
-73.96593 40.77308 -73.993666 40.75605
-73.976027 40.797554 -74.015427 40.719299
-73.930688 40.769279 -73.985553 40.745145
-73.936559 40.709662 -73.962467 40.750443
-73.951435 40.71554 -73.928108 40.748019
-73.948129 40.783631 -73.98331 40.740642
-73.996527 40.739647 -73.955191 40.760259
-73.986678 40.720625 -74.00011 40.759087
-73.994323 40.752835 -73.958342 40.806028
-74.01658 40.710872 -73.973533 40.757665
-74.013594 40.710154 -73.992034 40.733715
-73.926451 40.78378 -73.963434 40.783086
-73.937437 40.756472 -73.974181 40.759267
-74.005536 40.714375 -73.972686 40.754997
-73.96831 40.767235 -74.008449 40.713105
-73.955325 40.778092 -73.977873 40.756757
-73.989107 40.752133 -74.010252 40.70901
-73.972116 40.720796 -73.966243 40.759621
-73.976779 40.784749 -73.992466 40.750663
-73.975408 40.746075 -73.996916 40.709588
-73.974381 40.741014 -74.006994 40.712104
-73.973825 40.762371 -74.001038 40.715161
-73.998979 40.776988 -74.014008 40.72235
-73.978312 40.796547 -73.938706 40.800171
-73.933013 40.780526 -73.967291 40.78273
-73.968311 40.758153 -74.007068 40.702516
-73.992743 40.758476 -74.014439 40.708123
-73.954617 40.767545 -73.985762 40.757058
-73.949776 40.762742 -74.007865 40.706525
-74.006097 40.736692 -73.980704 40.763482
-73.974515 40.748477 -73.960507 40.766837
-73.993302 40.724807 -73.975716 40.767147
-73.953969 40.766112 -73.986748 40.776525
-73.926754 40.794707 -73.982596 40.736286
-73.952655 40.712903 -73.930068 40.740131
-73.998773 40.723719 -73.976411 40.759235
-73.974553 40.767514 -73.968445 40.802265
-73.953407 40.76283 -74.012187 40.707128
-73.975505 40.76948 -74.001705 40.744442
-73.997547 40.708542 -73.969368 40.755794
-74.000005 40.743947 -73.953066 40.805159
-73.931952 40.757639 -73.994978 40.71295
-73.93689 40.706328 -73.965846 40.750965
-73.984695 40.76547 -73.961489 40.807153
-73.927925 40.755827 -73.994169 40.717079
-74.008574 40.757993 -73.973996 40.788182
-73.991271 40.73325 -74.015376 40.704855
-73.99779 40.73108 -73.987873 40.762285
-73.945256 40.779855 -74.004755 40.708299
-73.921712 40.756856 -73.961996 40.720965
-73.996366 40.767784 -73.951806 40.786336
-73.970057 40.779597 -73.982687 40.751008
-73.919798 40.758612 -73.958607 40.721604
-73.974604 40.761094 -73.958488 40.78828
-73.972436 40.752309 -73.986435 40.722122
-74.008013 40.707634 -73.998652 40.737937
-74.008226 40.733498 -73.978069 40.756165
-73.945508 40.782694 -73.975816 40.769625
-73.945084 40.711202 -73.925423 40.748669
-73.976523 40.754537 -74.004814 40.711321
-73.983938 40.760788 -74.01239 40.711479
-74.003344 40.73894 -73.979297 40.753983
-73.966589 40.748764 -74.007545 40.704933
-73.976291 40.746228 -74.010866 40.705516
-74.005219 40.751807 -73.989404 40.786287
-73.933151 40.751147 -73.997552 40.718921
-74.015558 40.71631 -73.993826 40.742912
-73.944316 40.773054 -73.979508 40.758526
-73.921154 40.754035 -73.958446 40.725322
-73.995296 40.756854 -73.957637 40.763795
-73.959911 40.741577 -73.988984 40.740656
-73.985571 40.702465 -74.001154 40.748282
-73.917011 40.757839 -73.957056 40.727895
-73.962469 40.762477 -73.989435 40.751108
-73.974513 40.765823 -73.966945 40.804964
-73.972314 40.789295 -74.012043 40.712013
-73.934294 40.75893 -73.993203 40.711633
-73.955298 40.77204 -73.93951 40.808094
-73.989889 40.75173 -74.008302 40.713185
-73.979191 40.752448 -73.948197 40.789128
-74.010618 40.71499 -73.992708 40.759038
-73.923866 40.767624 -73.996999 40.728253
-73.984081 40.721312 -73.970354 40.752103
-73.986681 40.768701 -73.95398 40.785097
-73.993468 40.742519 -74.006819 40.716368
-73.986473 40.729066 -74.004921 40.755088
-73.976127 40.759906 -74.003616 40.730107
-73.986041 40.720619 -73.962298 40.773499
-73.961353 40.807694 -73.949932 40.776758
-73.972424 40.759599 -73.951305 40.783202
-73.92345 40.75873 -73.960051 40.721479
-73.94145 40.753642 -73.977031 40.755923
-73.935732 40.706847 -73.971284 40.749845
-73.958533 40.752881 -73.997311 40.747265
-73.953365 40.742082 -73.98909 40.748949
-73.954823 40.764331 -74.013157 40.701156
-73.930408 40.786235 -73.962567 40.787978
-73.958058 40.774315 -74.012834 40.713126
-73.994991 40.734592 -73.975733 40.762069
-73.96181 40.763798 -73.974818 40.794135
-73.994585 40.737232 -73.970316 40.755744
-73.988353 40.776769 -73.9386 40.806026
-73.982892 40.727036 -74.012263 40.70161
-73.927326 40.783379 -73.967153 40.780676
-73.960801 40.765801 -74.006129 40.707105
-74.009262 40.708682 -73.995774 40.74553
-73.953626 40.743419 -73.98958 40.741217
-73.995755 40.7523 -74.016701 40.711194
-73.96112 40.79113 -73.978642 40.764016
-74.011574 40.707032 -74.002343 40.741814
-73.98026 40.787978 -73.998263 40.756595
-73.962482 40.760288 -73.977679 40.733951
-74.011411 40.705918 -73.966253 40.752277
-73.985009 40.726028 -74.01767 40.704752
-73.97444 40.759402 -73.955485 40.787058
-73.953174 40.769475 -73.992266 40.753882
-73.996231 40.722142 -73.964556 40.761003
-73.996563 40.757046 -74.014056 40.709852
-73.962156 40.763783 -73.92549 40.790762
-73.962269 40.764322 -74.01303 40.70487
-73.987731 40.764254 -74.017418 40.700552
-73.95713 40.802512 -73.946817 40.777005
-73.954461 40.778354 -74.007355 40.761318
-73.985908 40.754642 -74.010751 40.718592
-74.002505 40.752077 -74.000785 40.70167
-73.985229 40.744406 -74.011725 40.715648
-73.97501 40.754853 -74.007619 40.718295
-73.978498 40.74299 -74.016192 40.727184
-73.993523 40.747671 -74.002882 40.702087
-73.977135 40.779065 -73.993938 40.747389
-73.926404 40.786128 -73.966371 40.784999
-73.959592 40.776681 -73.992124 40.733818
-73.961845 40.767278 -73.981219 40.741576
-73.927896 40.797511 -73.982528 40.736651
-73.951122 40.794025 -73.974049 40.772517
-73.944117 40.788131 -73.971968 40.770935
-73.975519 40.745326 -73.956646 40.788449
-74.003159 40.719182 -73.970431 40.749673
-73.932144 40.789164 -73.987228 40.732192
-73.996462 40.750201 -74.006583 40.718386
-73.946096 40.778427 -73.998366 40.742078
-73.963145 40.755578 -73.95353 40.806626
-73.938246 40.710019 -73.966734 40.752834
-73.991039 40.711159 -73.978975 40.746081
-73.953839 40.741873 -73.987393 40.743901
-73.999236 40.717791 -73.967705 40.751432
-73.990291 40.777245 -73.94492 40.780006
-74.000089 40.707255 -73.962171 40.710858
-73.956433 40.762203 -74.017229 40.727813
-73.959034 40.748074 -73.985751 40.741143
-74.009874 40.706999 -73.991889 40.759284
-73.943412 40.702198 -73.965873 40.756791
-73.975289 40.746518 -74.015253 40.701833
-73.978878 40.717667 -74.017707 40.707465
-73.96503 40.754634 -74.013683 40.703494
-73.931359 40.797992 -73.984316 40.731077
-73.99811 40.752625 -74.009344 40.713127
-74.004782 40.749671 -73.984156 40.712971
-74.003422 40.736083 -73.974963 40.754744
-73.989083 40.746827 -73.959757 40.765189
-73.995782 40.77846 -74.016384 40.723661
-73.959624 40.763935 -73.991426 40.748075
-74.008924 40.704306 -73.999008 40.739355
-73.941575 40.792367 -73.979282 40.780995
-73.972138 40.759775 -74.006104 40.759044
-74.01293 40.702784 -73.990823 40.768895
-73.96361 40.808485 -73.98751 40.766098
-73.980327 40.741762 -73.996369 40.716947
-73.975626 40.765389 -74.003263 40.756443
-73.944001 40.783391 -73.973874 40.769011
-74.01617 40.708311 -73.977728 40.746286
-73.982785 40.764114 -74.01537 40.706951
-73.929295 40.788264 -73.965814 40.787853
-73.973866 40.757238 -73.987959 40.719925
-73.985977 40.717578 -73.945723 40.71639
-73.993612 40.758097 -74.003257 40.715198
-73.933276 40.779174 -73.962548 40.78803
-74.006426 40.737894 -73.986386 40.763923
-73.919911 40.75336 -73.957159 40.723266
-73.992605 40.755271 -73.983577 40.725587
-73.950817 40.756181 -73.937031 40.795737
-73.973393 40.794859 -73.980899 40.76131
-73.977872 40.72863 -73.997269 40.751387
-73.966472 40.803829 -73.986652 40.758739
-73.965267 40.74445 -74.008115 40.702087
-73.997859 40.768324 -74.014412 40.710966
-73.962499 40.800722 -73.986561 40.778833
-73.966165 40.751478 -74.002547 40.705331
-73.971474 40.740864 -74.003225 40.703903
-74.001942 40.733642 -73.980586 40.75093
-74.000907 40.708427 -73.972211 40.74524
-73.939106 40.771784 -73.963789 40.750819
-73.931696 40.79601 -73.982486 40.735278
-73.976087 40.750082 -73.95336 40.773767
-73.986418 40.762572 -74.016358 40.701924
-73.954348 40.784486 -73.980292 40.764271
-73.971175 40.785427 -73.97917 40.749901
-73.980498 40.747855 -73.934884 40.744599
-73.990275 40.757785 -73.954476 40.765425
-74.014389 40.705234 -73.98845 40.716595
-73.993399 40.741725 -73.97258 40.788692
-73.97416 40.762122 -74.001957 40.728812
-73.956206 40.764791 -73.981832 40.714837
-73.961822 40.753021 -73.994285 40.738223
-73.96134 40.773256 -73.989863 40.743162
-73.943953 40.719172 -73.931603 40.745112
-73.970386 40.791291 -73.986793 40.760879
-73.931502 40.786421 -73.968865 40.781453
-73.963015 40.759499 -74.006351 40.701763
-73.97709 40.757469 -74.004282 40.737608
-74.015936 40.702998 -73.978834 40.750863
-73.967051 40.769206 -74.016983 40.71773
-73.96587 40.768222 -74.007723 40.700998
-74.012979 40.717394 -74.008308 40.75165
-73.980905 40.790954 -73.988383 40.754809
-74.009022 40.702075 -74.002788 40.746392
-74.017996 40.723469 -73.99037 40.754475
-73.989007 40.784577 -73.961741 40.805627
-73.97933 40.767631 -74.002956 40.74429
-73.981552 40.726513 -74.001771 40.755349
-73.946031 40.784999 -73.989796 40.724599
-73.993382 40.708051 -73.967176 40.750836
-73.948366 40.780154 -73.973307 40.751282
-73.970241 40.808218 -73.988016 40.761865
-73.950425 40.719473 -73.932755 40.743925
-74.005588 40.7491 -73.987061 40.761814
-73.963902 40.805432 -73.984865 40.775381
-73.929115 40.785917 -73.963649 40.779443
-73.943563 40.805344 -73.95654 40.776158
-74.008427 40.718326 -73.990438 40.756202
-73.952834 40.769473 -73.968684 40.754001
-74.012642 40.7171 -73.996407 40.750827
-73.942899 40.777426 -73.964504 40.751456
-74.001011 40.735874 -73.977224 40.750947
-73.996266 40.716049 -73.974688 40.747246
-73.987587 40.771019 -74.00386 40.71367
-73.921559 40.742789 -73.964529 40.753248
-73.955346 40.767164 -73.994828 40.753433
-74.018122 40.715739 -74.002107 40.756916
-74.004069 40.755551 -73.973797 40.788941
-73.959662 40.799387 -73.975917 40.757093
-73.970754 40.779779 -73.982905 40.765589
-73.936049 40.776791 -73.966369 40.758138
-73.921333 40.750324 -73.962246 40.722424
-73.965429 40.759335 -74.018026 40.708428
-73.978302 40.75672 -74.016436 40.710674
-73.995992 40.732094 -73.955178 40.759632
-73.962052 40.742498 -73.986517 40.744455
-73.937948 40.773882 -73.970618 40.754494
-73.979986 40.798042 -73.995528 40.75862
-73.973286 40.757908 -74.004599 40.701856
-73.994261 40.754529 -73.978008 40.787682
-73.978233 40.745051 -74.013444 40.701404
-73.970972 40.791936 -73.982887 40.764407
-73.989782 40.706442 -73.964073 40.778622
-73.958537 40.749983 -73.985032 40.732293
-73.960956 40.804468 -73.958139 40.771406
-73.976437 40.745243 -74.011923 40.708895
-73.966837 40.756824 -73.964799 40.790949
-74.003325 40.73666 -74.017049 40.708566
-74.000354 40.757791 -73.986827 40.780684
-73.941233 40.753927 -73.947555 40.780052
-74.006048 40.750741 -74.017271 40.703135
-73.992409 40.766663 -73.971604 40.805781
-73.973299 40.766805 -74.006744 40.741268
-73.940857 40.703578 -73.970708 40.751958
-73.925384 40.768152 -73.972301 40.749847
-73.924969 40.742316 -73.986042 40.76917
-73.964072 40.756702 -73.998925 40.71883
-74.003086 40.746319 -73.967322 40.777402
-73.977733 40.764833 -73.950628 40.713895
-73.946442 40.796612 -73.987055 40.776394
-73.998409 40.741231 -74.010779 40.703575
-74.007157 40.703553 -73.954159 40.765846
-73.989798 40.704802 -73.966583 40.77223
-73.932064 40.782867 -73.96753 40.783796
-74.010167 40.713504 -73.972246 40.77923
-73.949036 40.753527 -73.936816 40.790931
-73.978558 40.750758 -73.952249 40.794046
-73.943848 40.711552 -73.931236 40.740699
-74.013414 40.710515 -73.996073 40.748698
-73.98153 40.764837 -74.004005 40.722628
-73.933022 40.761781 -73.975863 40.75131
-73.946142 40.791835 -73.963834 40.763278
-73.962775 40.774688 -73.987488 40.751013
-73.922034 40.748761 -73.970013 40.764254
-73.9526 40.771625 -73.980457 40.750873
-73.942739 40.705933 -73.966363 40.758333
-73.997285 40.763349 -73.997294 40.738816
-74.007144 40.737214 -73.989481 40.764456
-73.974608 40.751129 -74.008017 40.709406
-73.978437 40.777177 -73.993137 40.74682
-74.00063 40.742587 -73.945285 40.801225
-74.007845 40.734024 -73.975712 40.754445
-73.934453 40.779455 -73.970386 40.785504
-73.983315 40.752209 -73.994812 40.727222
-73.933344 40.794567 -73.987491 40.731342
-74.000968 40.765999 -74.010539 40.712722
-73.983418 40.747003 -74.017082 40.72733
-73.954664 40.76651 -73.981501 40.770495
-73.953855 40.786866 -73.976358 40.739796
-73.941553 40.756507 -73.973306 40.755104
-73.990033 40.735956 -73.96322 40.763237
-73.921918 40.773879 -73.944747 40.748097
-73.977111 40.764796 -74.005437 40.749798
-73.954808 40.766049 -74.011724 40.713339
-74.008396 40.730585 -73.98091 40.760718
-73.967251 40.758929 -74.006261 40.704017
-73.942909 40.806866 -73.970116 40.76511
-74.011218 40.71014 -73.986701 40.744207
-73.920736 40.740892 -73.965527 40.761475
-73.980061 40.768717 -74.007252 40.754558
-73.941015 40.753251 -73.971757 40.753389
-73.960593 40.765586 -73.979762 40.713542
-74.007344 40.731889 -73.981371 40.768308
-74.010525 40.702176 -73.97266 40.74371
-73.964287 40.76231 -73.955353 40.801666
-73.934511 40.755398 -73.993297 40.714542
-73.954317 40.746487 -73.985098 40.742722
-73.924355 40.743294 -73.964008 40.765589
-73.974841 40.792975 -73.998585 40.759268
-74.002974 40.758493 -73.982639 40.711518
-73.955394 40.795681 -73.977693 40.756121
-73.966933 40.764474 -73.974185 40.737878
-73.994855 40.740917 -73.954914 40.742619
-73.960397 40.805692 -73.978737 40.761725
-73.988459 40.764173 -74.003491 40.729915
-73.990353 40.73371 -73.975046 40.768234
-73.948441 40.782421 -73.975522 40.760954
-73.943064 40.70421 -73.964492 40.759196
-73.987364 40.750522 -73.957622 40.807916
-73.996665 40.72532 -73.98036 40.750552
-73.921504 40.760444 -73.993857 40.728588
-73.993172 40.715162 -73.977646 40.742621
-73.991437 40.757228 -73.958626 40.807159
-73.965512 40.749983 -74.007174 40.70424
-73.970256 40.750321 -74.012537 40.717104
-73.975699 40.747422 -73.999577 40.707421
-73.917457 40.750989 -73.957812 40.729894
-73.967176 40.758357 -73.990934 40.73493
-74.012253 40.719255 -73.9939 40.733152
-73.954876 40.761123 -73.986614 40.776134
-73.972175 40.784785 -73.994681 40.743449
-73.933019 40.774122 -73.995115 40.72412
-73.969307 40.762616 -73.981892 40.75212
-73.974375 40.756552 -74.006243 40.700749
-73.942358 40.808542 -73.957775 40.765022
-73.969924 40.767713 -73.981323 40.743894
-73.974646 40.713345 -74.006851 40.707552
-74.004538 40.73459 -73.978258 40.760233
-73.959265 40.797752 -73.975895 40.762561
-73.954767 40.793716 -73.987093 40.762331
-73.977035 40.740562 -73.922513 40.768202
-73.98675 40.781804 -73.991258 40.750325
-73.972529 40.755472 -74.008899 40.703798
-73.919884 40.757451 -73.959512 40.72567
-73.996862 40.776224 -74.013251 40.727579
-73.979389 40.745219 -74.006754 40.701246
-73.987503 40.743902 -74.016314 40.718761
-73.977374 40.755232 -74.007833 40.714431
-73.965684 40.78223 -74.003237 40.749745
-73.985903 40.709818 -74.005579 40.740891
-73.972935 40.759864 -74.010474 40.710423
-73.971804 40.792488 -73.933561 40.78943
-73.947896 40.774754 -74.004262 40.714285
-74.001606 40.709878 -73.980938 40.757856
-73.933549 40.797678 -73.989273 40.73008
-73.953522 40.745779 -73.988246 40.746652
-73.98818 40.720469 -74.014985 40.707948
-73.964738 40.777498 -73.995287 40.761866
-74.001838 40.762086 -73.977846 40.785812
-73.969783 40.763725 -73.941362 40.794953
-73.965095 40.760618 -73.957596 40.807818
-73.94519 40.711016 -73.925817 40.744901
-73.993885 40.726569 -73.980177 40.754525
-73.983859 40.728715 -73.959576 40.768738
-73.984103 40.762772 -73.996719 40.728523
-73.932806 40.782171 -73.964648 40.780181
-73.95882 40.765601 -74.014222 40.700934
-74.0029 40.764168 -73.968717 40.765245
-73.978363 40.735208 -73.945821 40.782142
-73.932804 40.760344 -73.960966 40.740994
-73.992286 40.712661 -73.98706 40.74085
-73.965583 40.789447 -74.006731 40.746219
-73.939781 40.70524 -73.967256 40.752088
-73.975152 40.75626 -73.953593 40.786596
-73.99941 40.707583 -73.965426 40.755236
-73.919301 40.742478 -73.982556 40.760535
-74.01616 40.712099 -73.971968 40.780214
-74.015417 40.704976 -73.993855 40.767457
-73.961437 40.747204 -73.989893 40.743832
-73.997191 40.747335 -73.969399 40.765831
-73.97838 40.713903 -74.001456 40.701059
-73.928372 40.781815 -73.965086 40.782852
-73.944749 40.759432 -73.939736 40.794397
-73.975713 40.789467 -73.929835 40.794382
-73.945131 40.795587 -73.981141 40.777919
-74.011698 40.705981 -73.977023 40.74105
-73.966755 40.79354 -73.989198 40.750281
-73.947215 40.788077 -73.986193 40.769116
-73.933374 40.760947 -73.97453 40.754418
-73.982599 40.747841 -73.971069 40.771485
-73.973463 40.761617 -74.007751 40.757581
-73.92658 40.788617 -73.96403 40.784347
-74.002088 40.72037 -73.994979 40.751667
-73.996186 40.714034 -73.975722 40.741435
-73.966511 40.776274 -73.993221 40.764604
-73.976218 40.762932 -73.995432 40.715563
-73.977287 40.741125 -73.956782 40.775992
-73.981366 40.747714 -74.005985 40.710463
-73.93976 40.706085 -73.971619 40.756013
-73.989356 40.752431 -74.008199 40.726783
-73.98063 40.7574 -74.008661 40.709856
-73.977299 40.749326 -74.016614 40.703816
-73.973149 40.746345 -74.004026 40.72424
-74.012191 40.71946 -73.980225 40.757472
-73.995854 40.756978 -74.009972 40.713555
-73.95673 40.760132 -73.989066 40.743366
-73.971744 40.713641 -73.918803 40.793992
-74.005968 40.751683 -74.014806 40.719373
-73.961321 40.80611 -73.981365 40.764342
-73.948105 40.77973 -73.977455 40.761523
-74.018111 40.702357 -73.997905 40.748575
-73.995413 40.735916 -73.955668 40.759865
-73.932912 40.797907 -73.984293 40.738538
-73.982429 40.752839 -73.958071 40.80749
-73.967295 40.801908 -74.006662 40.742329
-73.953288 40.771059 -74.002683 40.713876
-74.001918 40.754775 -74.012156 40.71348
-73.956083 40.80219 -73.983436 40.77524
-73.981314 40.779925 -73.966643 40.75322
-73.986961 40.771444 -73.953491 40.802257
-73.999928 40.72125 -73.968275 40.751506
-74.010134 40.725759 -73.993722 40.751793
-73.916071 40.756111 -73.959769 40.726993
-73.935072 40.803738 -73.969229 40.759581
-73.980425 40.740359 -74.01 40.708685
-74.015153 40.713328 -73.993782 40.751588
-73.934399 40.781448 -73.96827 40.78037
-73.970734 40.751776 -73.957679 40.800492
-73.955606 40.75021 -73.98207 40.731027
-73.926267 40.788472 -73.966048 40.784224
-73.948176 40.763689 -73.9741 40.745161
-73.969208 40.7905 -73.9882 40.755266
-73.993797 40.70133 -73.969319 40.758781
-73.916179 40.748975 -73.970051 40.769225
-73.95563 40.766103 -73.989508 40.718363
-73.94215 40.750493 -73.972938 40.757789
-73.960369 40.755814 -73.991212 40.73408
-74.010547 40.718498 -73.99474 40.754575
-73.956375 40.788267 -74.003434 40.701748
-74.005523 40.710334 -73.989612 40.758674
-73.928043 40.761805 -73.979382 40.755724
-73.984929 40.756219 -74.016917 40.718318
-73.933578 40.781999 -73.970974 40.784274
-74.014696 40.707013 -73.979092 40.741491
-73.981339 40.722809 -74.017043 40.705764
-73.972514 40.751691 -74.00247 40.738408
-73.960243 40.793995 -73.988681 40.767282
-73.991822 40.742671 -74.007607 40.712869
-73.927717 40.793475 -73.984589 40.737139
-73.954421 40.773233 -73.995474 40.750115
-73.928627 40.752688 -73.995678 40.719437
-73.972638 40.719539 -74.013224 40.701515
-74.017901 40.717122 -74.003589 40.757754
-73.98207 40.750225 -74.011947 40.714831
-73.996811 40.759238 -73.965847 40.768927
-73.964807 40.751999 -74.007014 40.726131
-73.991541 40.719485 -73.957519 40.710302
-73.927063 40.789813 -73.985017 40.73159
-73.982676 40.77503 -73.991156 40.74309
-73.990316 40.74414 -73.967504 40.768843
-73.985336 40.731074 -74.017476 40.709427
