-73.974284 40.728971 -74.008687 40.712853
-73.934226 40.754361 -73.992524 40.712622
-73.996677 40.777895 -74.000789 40.728271
-73.961897 40.761411 -73.998143 40.763813
-74.004665 40.730453 -73.98755 40.707948
-74.011136 40.719275 -73.979648 40.751362
-73.953112 40.765346 -73.938373 40.791347
-73.949769 40.773079 -73.979433 40.740087
-73.976151 40.740409 -74.01174 40.705335
-73.958919 40.775262 -73.999179 40.709403
-73.97279 40.764633 -74.015791 40.704024
-73.998637 40.746468 -74.010425 40.715645
-74.014243 40.713887 -73.986805 40.752681
-74.005671 40.706989 -73.996728 40.747658
-73.998211 40.753929 -73.944405 40.797636
-73.984885 40.745404 -74.009577 40.715897
-73.993579 40.770984 -74.006758 40.728315
-74.000786 40.749032 -73.965743 40.773423
-73.955995 40.787517 -73.976175 40.755296
-73.949735 40.783802 -73.968091 40.754082
-73.956236 40.763392 -74.016994 40.70584
-74.005902 40.733541 -73.953172 40.71173
-73.985238 40.763075 -74.010044 40.714777
-74.002555 40.722987 -73.980142 40.740808
-73.992854 40.770111 -74.000546 40.723008
-73.931249 40.753092 -73.9947 40.716939
-73.975599 40.757873 -74.010222 40.705445
-73.951641 40.761763 -73.977488 40.746645
-73.944808 40.757413 -73.942428 40.791694
-73.993002 40.730904 -73.967685 40.75316
-73.932484 40.760113 -73.968833 40.762674
-73.992597 40.734707 -73.976962 40.757452
-73.944968 40.777431 -74.014313 40.707315
-74.007131 40.74023 -73.987276 40.767198
-73.976825 40.765088 -74.007653 40.754738
-73.978502 40.753601 -74.00117 40.720851
-73.996629 40.732431 -73.964441 40.751931
-73.962028 40.779553 -73.974615 40.759101
-73.993944 40.750808 -73.958937 40.760891
-74.006286 40.761447 -73.978761 40.735241
-73.984037 40.768101 -73.937032 40.807783
-73.925788 40.752294 -73.992191 40.715286
-73.950645 40.715519 -73.931382 40.749238
-73.988037 40.731331 -74.01079 40.714953
-74.007503 40.730279 -73.974875 40.769496
-73.967483 40.742675 -73.956384 40.783117
-73.984594 40.750639 -74.001885 40.727974
-73.998828 40.773489 -74.000559 40.721406
-73.976282 40.763514 -74.007364 40.710628
-74.002953 40.747666 -73.981342 40.780553
-73.996297 40.748725 -73.92399 40.740446
-73.973712 40.749228 -74.008182 40.726295
-73.979532 40.789458 -73.940499 40.804126
-73.948814 40.773405 -73.998741 40.745749
-73.945914 40.781718 -73.972059 40.750355
-73.980956 40.743254 -74.003636 40.707313
-73.964361 40.762865 -73.993662 40.745071
-73.971741 40.747461 -73.99818 40.718014
-73.952247 40.765312 -73.976658 40.743155
-73.943924 40.783639 -73.999358 40.728341
-73.957204 40.778585 -73.939699 40.806777
-73.991022 40.745876 -73.970902 40.777187
-73.928798 40.781302 -73.965014 40.787599
-73.996101 40.753197 -74.01572 40.712159
-73.937564 40.706541 -73.969217 40.751235
-73.973726 40.782661 -73.995298 40.745985
-73.977533 40.775985 -73.943612 40.805327
-73.996333 40.703214 -73.966468 40.75514
-73.923263 40.744946 -73.987725 40.742942
-73.986462 40.764064 -74.003375 40.727469
-73.992559 40.764977 -73.96941 40.806476
-73.980273 40.748582 -74.017639 40.708956
-73.947601 40.717259 -73.933336 40.748319
-73.955983 40.743017 -73.98899 40.748072
-73.981313 40.752936 -74.000818 40.725704
-74.008869 40.727096 -73.992456 40.765333
-73.953372 40.742122 -73.98795 40.745753
-73.989292 40.737271 -73.979538 40.762899
-73.992307 40.746014 -74.004375 40.702435
-73.976562 40.76021 -73.949076 40.790228
-73.990884 40.745175 -74.01437 40.712683
-73.986925 40.76458 -73.955242 40.783721
-73.948133 40.77033 -73.981661 40.740715
-73.991851 40.771897 -74.013904 40.723247
-73.960333 40.79664 -73.989632 40.7692
-73.995204 40.77491 -74.007531 40.72982
-74.003445 40.733292 -73.976384 40.757353
-73.930719 40.755191 -73.994807 40.719232
-73.975062 40.735924 -73.988747 40.769437
-73.964485 40.753729 -73.95335 40.784191
-73.981493 40.764437 -73.966846 40.7898
-73.991476 40.756157 -73.963037 40.800665
-73.947068 40.772836 -73.968089 40.744593
-73.983605 40.75845 -74.000746 40.729171
-73.975279 40.735598 -74.015838 40.70793
-73.999491 40.732629 -74.017316 40.702657
-73.92586 40.763621 -73.985786 40.745807
-74.016484 40.700929 -74.005448 40.757293
-73.933115 40.757439 -73.990663 40.718401
-73.92532 40.79648 -73.988625 40.73516
-73.993114 40.744437 -74.006467 40.719734
-73.91746 40.768207 -73.995126 40.723771
-73.941883 40.753378 -73.951524 40.782954
-73.977536 40.710993 -73.92474 40.791922
-73.944047 40.759066 -73.940633 40.793645
-73.938181 40.798548 -73.993634 40.749073
-73.953181 40.754466 -73.954164 40.783147
-73.975724 40.766654 -73.996771 40.72025
-73.992992 40.748333 -73.978487 40.787967
-73.953101 40.777895 -73.999223 40.749327
-73.9439 40.714727 -73.934479 40.740106
-73.968599 40.751613 -73.991692 40.738589
-73.93882 40.797403 -73.976935 40.736173
-73.993486 40.707812 -73.966479 40.754689
-73.973724 40.786211 -73.988999 40.746541
-73.993714 40.772881 -74.009417 40.723267
-74.000861 40.717049 -73.993315 40.753728
-74.002394 40.729842 -73.986418 40.753091
-74.003528 40.727861 -73.986743 40.751737
-73.99638 40.738058 -73.941694 40.773266
-73.947241 40.719181 -73.927993 40.747258
-74.00683 40.722251 -73.979893 40.751918
-73.943239 40.790861 -73.996016 40.740876
-73.99671 40.751302 -74.00575 40.717966
-74.016507 40.702539 -74.002467 40.753357
-73.92731 40.773727 -73.993706 40.726519
-73.999168 40.713995 -73.973303 40.745611
-74.00658 40.758625 -73.97673 40.788658
-73.977246 40.768189 -74.002265 40.728008
-73.960245 40.753027 -73.949805 40.720288
-73.988978 40.749622 -74.017638 40.706248
-73.95662 40.745522 -73.986349 40.7426
-73.945079 40.783472 -73.970823 40.751874
-73.954872 40.781524 -73.976564 40.766167
-73.993276 40.774951 -74.00611 40.727422
-73.996895 40.755431 -73.986892 40.721766
-73.94952 40.794762 -73.978601 40.76934
-73.9582 40.770076 -73.943516 40.803815
-73.94147 40.753256 -73.976555 40.749872
-74.000159 40.767359 -74.010309 40.711385
-73.962878 40.762573 -74.004128 40.726784
-73.973315 40.797812 -73.981441 40.757206
-73.945864 40.766044 -73.981244 40.727737
-74.001235 40.723176 -73.994494 40.763931
-73.985169 40.75304 -73.999899 40.714437
-73.975505 40.761573 -74.002759 40.752584
-73.971397 40.764605 -74.017143 40.714925
-73.983032 40.743414 -73.958454 40.78177
-73.919578 40.741445 -73.970767 40.760771
-74.009479 40.712387 -73.987713 40.756022
-73.972815 40.791722 -73.986591 40.755334
-73.935851 40.774115 -73.965256 40.757049
-73.970683 40.752901 -73.996857 40.710844
-73.989586 40.777762 -73.971049 40.79981
-73.931326 40.7787 -73.999078 40.720647
-74.008008 40.722311 -73.971956 40.75905
-73.972964 40.790498 -73.941213 40.803808
-73.957788 40.76568 -73.986648 40.752621
-73.978353 40.761092 -74.003636 40.728132
-73.957682 40.801619 -73.958282 40.773091
-73.948859 40.776863 -73.972124 40.755148
-74.002815 40.752158 -74.009807 40.71839
-73.953423 40.796841 -73.990179 40.766343
-73.962749 40.765817 -74.003353 40.73039
-73.971106 40.770835 -73.949458 40.80642
-73.95264 40.786261 -73.990459 40.752681
-73.977071 40.740297 -73.988527 40.769677
-73.931797 40.754443 -73.991278 40.711531
-73.996791 40.761779 -73.956931 40.767061
-74.000809 40.752139 -73.958865 40.759954
-73.997838 40.755146 -73.963752 40.762112
-73.985063 40.737088 -73.949493 40.77805
-73.96211 40.760952 -73.940506 40.797505
-73.980017 40.744328 -73.961576 40.774888
-73.916452 40.745425 -73.95663 40.766402
-74.004761 40.736591 -73.975971 40.750656
-73.959288 40.781651 -73.988847 40.765775
-74.008856 40.765833 -73.970378 40.762728
-73.955469 40.778852 -73.973636 40.755586
-73.964394 40.800067 -73.97383 40.766024
-73.996212 40.73854 -74.015176 40.712116
-73.99465 40.72431 -73.982017 40.753949
-73.984688 40.700948 -74.005934 40.745246
-74.000376 40.709252 -73.976933 40.754356
-73.999313 40.705814 -73.970445 40.756661
-73.975182 40.762772 -73.997944 40.718218
-73.939578 40.790957 -73.968306 40.764943
-73.996711 40.73907 -73.958079 40.760776
-73.996346 40.702254 -73.968377 40.752113
-73.999579 40.711025 -73.974725 40.74942
-73.993189 40.749079 -73.964539 40.770317
-74.016925 40.726436 -73.994642 40.756914
-73.983564 40.770305 -73.944839 40.788543
-74.000004 40.747843 -74.014669 40.707491
-74.000586 40.730243 -73.980307 40.750123
-73.994518 40.736025 -74.011614 40.714853
-73.987448 40.751438 -74.011323 40.718947
-73.973064 40.761323 -74.006377 40.709129
-74.013273 40.710612 -73.990054 40.765529
-73.970887 40.803674 -73.998414 40.756718
-73.991697 40.758915 -73.956018 40.784687
-73.984258 40.731952 -73.957554 40.758723
-73.987774 40.730187 -73.958166 40.758845
-73.998784 40.709924 -73.963468 40.758256
-73.994404 40.776266 -74.010865 40.721821
-73.97685 40.763686 -73.95638 40.803684
-73.938864 40.791858 -73.977511 40.73241
-73.965402 40.796609 -73.955551 40.767324
-73.922111 40.772261 -73.944384 40.740281
-73.952269 40.753881 -73.937373 40.7943
-73.978534 40.714354 -74.017005 40.707337
-73.923347 40.765664 -73.990383 40.724527
-73.945983 40.77026 -73.986789 40.762318
-73.971734 40.76247 -74.0049 40.75165
-73.977255 40.744819 -73.994671 40.724924
-73.992461 40.738111 -73.987607 40.767444
-74.00516 40.741057 -73.963254 40.763071
-73.973183 40.764203 -73.941405 40.747686
-73.979834 40.737017 -74.016206 40.719897
-73.994085 40.775253 -74.003381 40.723205
-73.955039 40.772514 -74.007564 40.758249
-73.976518 40.767703 -73.991304 40.725731
-73.989473 40.710809 -73.985589 40.7453
-73.995813 40.708557 -73.968098 40.753579
-73.979348 40.737262 -73.999997 40.704017
-73.997622 40.732443 -73.980937 40.759524
-73.975725 40.748374 -74.012751 40.706129
-73.944054 40.770527 -73.999547 40.740767
-73.980566 40.744148 -74.008979 40.701664
-73.985045 40.740869 -73.955282 40.785319
-73.975922 40.774043 -73.993894 40.743993
-73.983853 40.762606 -74.010594 40.721612
-74.006714 40.747121 -74.006877 40.703111
-73.944201 40.765782 -73.973815 40.741948
-74.016516 40.7054 -73.978992 40.754707
-74.007826 40.769308 -73.961518 40.781809
-73.935447 40.792595 -73.99201 40.745647
-73.971738 40.74429 -74.008384 40.701977
-73.988282 40.782247 -73.971474 40.757561
-73.967542 40.761342 -74.011624 40.711204
-74.001174 40.735146 -73.977086 40.752122
-73.979153 40.744191 -74.010791 40.705155
-74.006382 40.716839 -73.997839 40.746758
-73.974639 40.779537 -73.991387 40.74883
-73.94725 40.774401 -73.985818 40.768381
-74.014875 40.72641 -73.992385 40.756777
-73.992686 40.715962 -74.006716 40.75046
-73.977691 40.775172 -74.003794 40.766599
-73.999059 40.733608 -73.979228 40.768746
-73.981967 40.74368 -73.95919 40.781029
-74.003354 40.738419 -73.976464 40.7586
-73.954193 40.791885 -73.982437 40.764587
-73.947372 40.771806 -73.974933 40.750469
-73.994243 40.750313 -73.961361 40.761891
-73.980959 40.747357 -74.015369 40.715864
-73.984963 40.758235 -74.006575 40.726394
-73.992044 40.708841 -73.962883 40.751421
-73.969952 40.754075 -74.006764 40.709094
-73.990064 40.749921 -73.961798 40.779006
-73.983678 40.774002 -73.96566 40.802535
-73.961193 40.766907 -74.006741 40.70226
-73.962084 40.773236 -73.93961 40.805197
-74.004695 40.725889 -73.974361 40.757047
-73.969109 40.789364 -73.98972 40.757545
-74.002545 40.737985 -73.976228 40.757496
-73.951727 40.781743 -73.980228 40.776071
-73.996383 40.771057 -74.00107 40.722781
-73.980022 40.727853 -73.991035 40.757256
-73.975567 40.756296 -74.011619 40.703024
-73.971283 40.787864 -73.984388 40.753102
-73.991505 40.72242 -73.988143 40.754671
-73.916261 40.77783 -73.966119 40.767043
-73.951597 40.796743 -73.988873 40.773851
-73.947437 40.79076 -73.977629 40.770861
-73.954777 40.805583 -73.985025 40.76886
-73.965514 40.770198 -73.952075 40.80243
-73.979008 40.75038 -74.017179 40.715169
-74.006659 40.735674 -73.976012 40.777508
-74.008592 40.763914 -73.980769 40.796174
-73.97816 40.744648 -74.012596 40.715284
-73.921446 40.749448 -73.962322 40.768833
-74.007359 40.743681 -73.972307 40.759668
-74.004565 40.703715 -73.990779 40.73046
-73.957971 40.762538 -73.982729 40.741305
-73.938846 40.77339 -73.985818 40.764809
-73.99512 40.735409 -73.957772 40.767485
-73.961308 40.763815 -73.989779 40.757965
-73.983431 40.735085 -74.011182 40.709526
-74.005982 40.755018 -73.959951 40.759904
-73.97405 40.780099 -73.955207 40.80329
-73.974862 40.761275 -73.994559 40.713318
-73.953614 40.769118 -73.98466 40.744261
-73.977957 40.759557 -73.998896 40.719121
-73.979481 40.787314 -73.945515 40.778452
-73.945659 40.774805 -73.976861 40.743347
-73.943952 40.718475 -73.931706 40.741146
-73.973248 40.7427 -74.004721 40.708761
-73.978755 40.789614 -73.995941 40.769063
-73.953579 40.77392 -73.992844 40.751628
-73.998582 40.752989 -73.993719 40.715566
-73.993864 40.773377 -74.002748 40.728783
-73.954033 40.768705 -74.013506 40.708373
-73.960641 40.802877 -73.945181 40.778783
-73.949472 40.771353 -73.987393 40.763013
-73.949815 40.806697 -73.989956 40.777116
-73.990417 40.734466 -73.976819 40.760511
-73.982101 40.76439 -74.018124 40.716976
-73.97251 40.731458 -74.014114 40.710613
-73.981028 40.741217 -74.004445 40.708552
-73.97617 40.785136 -73.995026 40.758275
-73.976536 40.786207 -73.991552 40.759177
-73.932762 40.751393 -73.995883 40.719671
-73.981959 40.742064 -73.953212 40.779213
-73.937318 40.777644 -73.969345 40.75051
-74.000591 40.744863 -73.96669 40.765283
-74.005019 40.753063 -74.00892 40.704718
-73.984267 40.766408 -74.010477 40.702493
-73.961852 40.808404 -73.979604 40.754168
-73.949316 40.710995 -73.92983 40.746254
-73.967929 40.795426 -73.99313 40.75829
-73.989094 40.746776 -74.012492 40.707641
-73.991983 40.772405 -74.006697 40.724963
-73.955988 40.782007 -73.987792 40.756046
-73.999305 40.748728 -74.012889 40.717839
-73.982415 40.706335 -74.00219 40.742636
-73.973477 40.759718 -73.971597 40.801671
-73.921833 40.748116 -73.968676 40.7648
-73.964579 40.758731 -73.979757 40.794368
-73.935447 40.774642 -73.967499 40.752623
-73.97629 40.722527 -73.977184 40.75616
-73.933899 40.751547 -73.998873 40.712423
-73.976962 40.767768 -73.990853 40.719066
-73.93922 40.771025 -73.984742 40.761278
-73.980684 40.741591 -74.002315 40.715369
-73.961302 40.765329 -74.00679 40.701643
-73.973173 40.730231 -74.006954 40.708971
-73.973615 40.754398 -73.99053 40.725689
-73.976492 40.743311 -74.011218 40.70948
-73.927076 40.753032 -73.994383 40.718113
-73.984829 40.766027 -73.978301 40.796574
-73.935357 40.798827 -73.965101 40.766258
-73.920918 40.762392 -73.994948 40.723966
-73.975242 40.760302 -73.968764 40.797699
-73.969423 40.791359 -73.99776 40.755318
-73.945987 40.714155 -73.933903 40.743089
-74.000606 40.735631 -74.013645 40.701181
-73.987777 40.738167 -73.973882 40.764959
-74.003136 40.729211 -73.983599 40.751449
-73.947653 40.710703 -73.933378 40.74611
-73.97069 40.756434 -73.998165 40.735286
-73.947418 40.801016 -73.986335 40.761843
-73.932775 40.753644 -73.994951 40.717872
-73.947876 40.772013 -73.968546 40.741674
-73.946246 40.780346 -73.98259 40.770895
-73.967464 40.773169 -73.981237 40.738846
-73.948073 40.77679 -74.006309 40.744863
-73.996142 40.771811 -74.014512 40.725491
-73.982985 40.74695 -74.011742 40.722193
-73.974149 40.753313 -74.017995 40.704728
-73.970009 40.757193 -74.018062 40.70843
-73.988648 40.783559 -74.004199 40.750557
-73.931229 40.789758 -73.984661 40.73795
-74.001434 40.768117 -74.013562 40.717345
-73.978626 40.760379 -74.004343 40.742769
-73.976772 40.74947 -74.001419 40.707107
-74.005742 40.725272 -73.970571 40.711554
-73.973761 40.715549 -74.016997 40.705781
-73.985012 40.766085 -73.96225 40.785684
-73.921751 40.764995 -73.996085 40.724845
-73.971719 40.778231 -74.00565 40.766313
-73.969572 40.755421 -74.008215 40.704306
-73.923413 40.753506 -73.953803 40.72107
-73.971769 40.757793 -74.014826 40.707445
-73.994909 40.753987 -74.008285 40.713488
-73.949037 40.786252 -73.976646 40.757749
-73.955256 40.77923 -73.988371 40.768473
-73.924526 40.768273 -73.997503 40.728487
-73.968065 40.765766 -73.995071 40.74016
-73.954268 40.772312 -73.94327 40.799918
-73.995862 40.706167 -73.969216 40.753222
-73.996027 40.76451 -73.966901 40.808563
-73.916746 40.773806 -73.970233 40.764102
-73.978959 40.759353 -74.010908 40.720094
-73.996783 40.773608 -74.006255 40.72224
-73.96149 40.755603 -73.992666 40.742179
-73.960064 40.753301 -73.947576 40.724661
-73.988912 40.762961 -73.963322 40.798466
-73.966999 40.795194 -73.989536 40.759631
-73.951015 40.713268 -73.92848 40.740463
-73.993903 40.750938 -74.00342 40.714689
-73.957605 40.74353 -73.985318 40.743697
-73.934811 40.807981 -73.968438 40.766036
-73.981329 40.746375 -74.007764 40.720224
-73.952972 40.787338 -73.982034 40.742039
-73.933142 40.776661 -73.991543 40.726598
-73.925004 40.766671 -73.995461 40.728136
-73.988117 40.73731 -73.978465 40.761213
-73.925086 40.758773 -73.955869 40.727904
-74.003192 40.744042 -74.015664 40.705181
-73.983098 40.768647 -74.014197 40.711987
-73.9991 40.765361 -73.955618 40.805959
-74.012899 40.707287 -73.987294 40.712052
-73.959385 40.769609 -73.982453 40.749108
-73.931527 40.781444 -73.968036 40.781428
-73.930656 40.774977 -73.995791 40.720887
-74.004313 40.733468 -73.952473 40.787089
-73.961615 40.755138 -74.017978 40.708721
-73.992064 40.767933 -73.971467 40.79881
-73.993111 40.7417 -74.010278 40.719424
-73.958757 40.767465 -73.982954 40.770222
-73.944383 40.719051 -73.926537 40.745542
-73.98417 40.761655 -73.967452 40.795317
-73.973714 40.761819 -73.951226 40.790216
-73.945372 40.718394 -73.933318 40.748655
-73.989838 40.757957 -73.957279 40.762885
-73.930865 40.793447 -73.989723 40.736734
-73.97306 40.760712 -74.015202 40.716906
-73.994992 40.758953 -73.96092 40.760897
-73.944446 40.77256 -73.978606 40.742899
-73.982462 40.745995 -73.955966 40.78712
-73.998809 40.704136 -73.970845 40.752466
-74.005192 40.766295 -74.01018 40.715633
-74.002871 40.721529 -73.979584 40.725419
-73.974918 40.757829 -74.00254 40.726317
-73.979778 40.732926 -74.001724 40.741188
-73.974459 40.741898 -73.951569 40.776344
-73.988115 40.755495 -73.961823 40.772815
-73.974093 40.745347 -74.010194 40.701879
-73.970139 40.796805 -73.98727 40.764174
-73.994621 40.720912 -73.952985 40.775746
-73.961836 40.8051 -73.990473 40.732708
-73.982924 40.747894 -74.008344 40.7025
-73.991328 40.737433 -73.961393 40.763642
-73.948141 40.771831 -73.973367 40.759247
-74.004221 40.722732 -73.985808 40.749914
-74.016413 40.728504 -73.98983 40.750038
-73.932595 40.761234 -73.980155 40.750311
-73.951841 40.770121 -73.969708 40.752627
-73.965404 40.774602 -73.99266 40.767029
-73.957944 40.763566 -73.997412 40.745437
-73.926224 40.781784 -73.966953 40.781708
-73.955648 40.779166 -74.002263 40.701009
-73.977303 40.740171 -74.01489 40.716955
-73.979364 40.738219 -73.961547 40.763751
-74.006985 40.733574 -74.010845 40.709913
-73.993132 40.70544 -73.96867 40.750611
-73.930651 40.75272 -73.992673 40.714163
-73.928781 40.795286 -73.988337 40.732849
-73.986525 40.759023 -73.994246 40.727574
-74.008422 40.737816 -73.977874 40.752761
-73.976286 40.747493 -74.009926 40.702628
-73.980864 40.76308 -73.949392 40.786532
-73.980304 40.7638 -74.003861 40.711197
-73.99793 40.753961 -73.984112 40.723663
-73.977863 40.792155 -73.973634 40.765654
-73.945679 40.784177 -73.985246 40.771741
-73.946136 40.749868 -73.942756 40.797353
-73.936051 40.756526 -73.947266 40.786562
-73.952432 40.758451 -73.935438 40.789257
-73.978271 40.742366 -74.005792 40.707921
-73.991253 40.774396 -74.014857 40.720303
-73.985646 40.738345 -73.965203 40.762895
-73.991226 40.735029 -73.977711 40.757592
-73.945828 40.771929 -73.985219 40.732535
-73.947799 40.776475 -74.006367 40.706049
-73.977945 40.771104 -73.988462 40.744575
-73.97984 40.722175 -74.002738 40.706072
-73.967619 40.745186 -73.952367 40.781895
-73.933264 40.798763 -73.985543 40.731585
-73.995047 40.75185 -73.979227 40.774637
-73.973111 40.742372 -74.009201 40.705556
-74.016725 40.72142 -73.984671 40.754798
-73.945698 40.77132 -73.997155 40.73273
-73.916418 40.775718 -73.94633 40.745745
-73.994873 40.73011 -74.017749 40.705757
-73.971781 40.749331 -74.012696 40.718054
-73.970163 40.765502 -73.986495 40.746515
-73.99287 40.73803 -73.961008 40.763177
-73.994528 40.734911 -73.959936 40.762636
-73.979134 40.759983 -73.992958 40.718772
-73.989056 40.751794 -74.011007 40.722677
-73.996896 40.768611 -73.961241 40.762714
-73.976596 40.761367 -74.014602 40.717941
-73.975074 40.745349 -74.012279 40.725338
-73.946238 40.78754 -73.976094 40.762679
-73.950648 40.787134 -73.964512 40.750163
-73.990956 40.732257 -73.962647 40.759669
-73.940205 40.755608 -73.980285 40.751264
-73.955239 40.800889 -73.994627 40.730257
-73.932303 40.758775 -73.995438 40.713839
-73.983124 40.728889 -73.945508 40.715406
-74.013945 40.71203 -73.975143 40.776702
-73.946663 40.759423 -73.934877 40.79372
-73.947778 40.782492 -73.979303 40.763048
-73.99088 40.73174 -73.955558 40.762129
-73.956281 40.788484 -73.977093 40.755024
-73.994328 40.712164 -73.953599 40.710382
-73.920669 40.777508 -73.944128 40.746239
-73.992294 40.75326 -74.009816 40.720109
-73.925886 40.784877 -73.966163 40.783611
-74.003244 40.744298 -74.010074 40.709471
-73.935354 40.772089 -73.967742 40.758221
-73.988252 40.717929 -73.974172 40.751981
-73.971755 40.76286 -73.965201 40.801138
-73.984926 40.776877 -73.946905 40.781171
-73.989356 40.755574 -74.017608 40.720051
-73.990339 40.742619 -73.962975 40.759072
-73.957299 40.79997 -73.975711 40.759417
-73.980844 40.723894 -73.999107 40.750008
-73.937718 40.772418 -73.971093 40.751179
-73.963226 40.744895 -73.95972 40.786827
-74.017962 40.701889 -73.992568 40.771252
-73.94342 40.791266 -73.968913 40.769217
-73.963296 40.771431 -73.996806 40.76605
-73.978693 40.747151 -74.000487 40.711453
-73.981196 40.782438 -74.002852 40.750986
-74.008786 40.747176 -73.975057 40.75059
-73.991633 40.771117 -74.012019 40.723528
-73.964583 40.750294 -74.007113 40.704273
-74.005453 40.749532 -74.012796 40.715165
-73.933157 40.796195 -73.98109 40.733356
-73.963156 40.780165 -73.985566 40.764823
-73.9742 40.757707 -74.016027 40.707159
-73.925731 40.767187 -73.975193 40.753261
-73.967491 40.791796 -73.97585 40.766975
-73.944724 40.711545 -73.927842 40.740581
-73.929749 40.796416 -73.988903 40.739783
-73.944599 40.776088 -73.98386 40.725825
-73.976891 40.737384 -73.96002 40.761546
-74.007949 40.725432 -73.993807 40.757753
-73.972967 40.733588 -74.011562 40.712427
-74.002983 40.749586 -73.987898 40.720976
-73.996003 40.737324 -73.9847 40.76009
-73.948723 40.77441 -73.973207 40.751034
-73.940733 40.773161 -73.971038 40.75884
-73.999087 40.716717 -73.969567 40.711457
-73.969062 40.767258 -73.97082 40.798904
-73.980552 40.792686 -73.972981 40.760962
-74.007307 40.725073 -73.965403 40.717259
-73.963745 40.743994 -74.008348 40.702077
-73.980048 40.742488 -74.003225 40.717624
-73.997723 40.744748 -74.012972 40.717865
-73.959529 40.777538 -73.972165 40.756754
-73.94924 40.785976 -73.979245 40.757398
-73.971876 40.732298 -74.010737 40.702548
-73.977549 40.743928 -74.012364 40.714053
-73.922107 40.76535 -73.995473 40.723811
-73.972669 40.740601 -74.009913 40.702442
-73.93627 40.772499 -73.963496 40.753833
-73.989414 40.73711 -73.970453 40.765181
-73.955831 40.784593 -73.993883 40.742643
-73.996345 40.749242 -73.952829 40.800478
-73.936256 40.807482 -73.970575 40.761767
-73.976744 40.786034 -73.952289 40.78807
-73.997712 40.727201 -73.960353 40.728589
-73.948357 40.768662 -74.001116 40.708304
-73.988949 40.715104 -73.950445 40.704233
-74.001583 40.742768 -73.966607 40.779091
-73.94635 40.718987 -73.934237 40.749158
-73.993418 40.714504 -73.981083 40.746305
-73.955 40.785248 -73.973376 40.761355
-73.986954 40.764738 -74.015503 40.717049
-74.004058 40.743644 -74.009986 40.704011
-73.96771 40.763028 -73.948595 40.787238
-73.959538 40.805048 -73.976381 40.760347
-73.988998 40.745551 -74.010363 40.712319
-73.950388 40.756548 -73.943648 40.794448
-73.991268 40.750379 -74.008994 40.71741
-73.950737 40.76793 -73.985748 40.724114
-73.934604 40.749787 -73.946171 40.780061
-73.959428 40.762976 -73.991699 40.736943
-73.998011 40.742501 -73.967866 40.76508
-73.951571 40.751645 -73.935688 40.796596
-73.980593 40.746367 -74.003476 40.722994
-73.955494 40.755355 -73.993209 40.740545
-74.003206 40.742962 -74.01789 40.715102
-73.96271 40.760872 -74.002307 40.702761
-73.982317 40.71233 -73.96632 40.753009
-73.978172 40.78005 -73.99658 40.740137
-73.992946 40.748964 -73.970611 40.76591
-73.963869 40.779551 -73.981842 40.755674
-73.981238 40.787917 -74.005218 40.758711
-73.916111 40.772315 -73.966672 40.764888
-73.968088 40.780481 -73.996612 40.756471
-73.995451 40.742784 -73.968721 40.756623
-74.003587 40.767404 -73.979759 40.794242
-73.960288 40.808166 -73.976191 40.754616
-73.972821 40.760444 -73.996232 40.717608
-73.972315 40.757026 -74.017837 40.701743
-73.922582 40.747156 -73.963723 40.761439
-73.958522 40.774604 -73.998477 40.750575
-73.938843 40.79374 -73.983549 40.770569
-73.98979 40.78209 -73.998305 40.747584
-73.972016 40.740022 -74.010556 40.707131
-73.929474 40.788409 -73.967068 40.784264
-73.992976 40.72907 -73.966053 40.761691
-73.957464 40.770288 -73.939164 40.804995
-73.935888 40.791277 -73.964899 40.767721
-73.919703 40.762463 -73.991251 40.720146
-74.006642 40.753518 -73.987986 40.719617
