-73.917813 40.761441 -73.991645 40.729049
-73.932557 40.753462 -73.999374 40.719863
-73.996971 40.747878 -74.013197 40.71895
-73.941071 40.778366 -73.964525 40.752417
-73.974499 40.757401 -74.005781 40.744676
-73.948507 40.797245 -73.977656 40.774353
-73.991831 40.760299 -73.960124 40.78656
-73.995372 40.758279 -74.00397 40.713052
-73.992555 40.748616 -74.009042 40.712094
-73.918132 40.770813 -73.96278 40.762857
-73.987205 40.764558 -74.015665 40.703317
-73.99838 40.7433 -74.003531 40.71817
-73.978927 40.72474 -73.971535 40.763777
-73.920635 40.764538 -73.999216 40.727064
-73.989342 40.742131 -73.961919 40.764175
-73.919768 40.765781 -73.999109 40.726674
-74.015307 40.71843 -73.993925 40.742077
-73.982396 40.763582 -73.999861 40.722596
-73.975768 40.733728 -74.001156 40.708124
-73.924062 40.770247 -73.964828 40.762896
-73.992834 40.713929 -73.974422 40.740668
-73.953119 40.767155 -73.997606 40.757197
-73.986186 40.754134 -74.000995 40.711517
-74.014114 40.718607 -73.975575 40.752027
-73.964864 40.749406 -73.946813 40.780035
-73.967809 40.787962 -73.996365 40.762602
-73.999219 40.767832 -74.017683 40.719203
-73.985334 40.73033 -74.008827 40.703453
-73.984095 40.745806 -74.013067 40.706586
-73.950691 40.776964 -74.00392 40.70503
-73.999935 40.757059 -74.015298 40.718303
-73.976912 40.754351 -73.990935 40.724025
-73.995215 40.735376 -73.955302 40.759497
-73.981595 40.726873 -74.011648 40.705046
-73.99161 40.724499 -73.975825 40.756502
-73.994916 40.77107 -74.012895 40.729646
-73.963764 40.801994 -73.996549 40.751913
-73.970606 40.789098 -73.994496 40.756129
-73.976562 40.765966 -73.996002 40.729219
-74.012011 40.706899 -74.011334 40.735217
-73.976891 40.784561 -73.975147 40.754157
-73.975891 40.755303 -74.004606 40.71375
-73.985144 40.786451 -73.981496 40.738626
-73.96005 40.802882 -73.982675 40.758241
-74.005448 40.733444 -73.971513 40.759675
-73.9809 40.770085 -74.004152 40.741567
-73.931128 40.765547 -73.982465 40.746531
-73.989674 40.768201 -73.999241 40.7265
-74.014992 40.703562 -73.998815 40.74682
-74.015682 40.700874 -73.99409 40.735007
-73.983658 40.785228 -73.964366 40.753915
-74.004137 40.743826 -73.964231 40.788638
-73.993955 40.754852 -73.957278 40.803396
-73.971789 40.755228 -74.007678 40.725898
-73.972321 40.745365 -73.954909 40.764622
-73.985104 40.71137 -73.967444 40.754736
-74.007132 40.743607 -73.971239 40.7807
-73.949453 40.797846 -73.964988 40.764644
-73.926231 40.797963 -73.98558 40.732519
-73.972802 40.749166 -74.013734 40.704599
-73.99032 40.74785 -73.974958 40.787582
-73.922874 40.778062 -73.949188 40.746895
-73.992978 40.743913 -73.975245 40.783164
-73.948772 40.785459 -73.979272 40.752743
-73.989556 40.768241 -74.016725 40.719238
-73.988986 40.738932 -73.959347 40.7614
-73.965881 40.772568 -73.996456 40.75211
-73.981323 40.788743 -73.954986 40.797324
-73.924112 40.766314 -73.993222 40.723457
-73.964203 40.801966 -73.980808 40.769193
-73.994782 40.774131 -74.009758 40.728369
-73.979938 40.776899 -74.004093 40.748571
-73.940114 40.754793 -73.977688 40.75776
-73.985198 40.764705 -73.959063 40.782867
-73.995169 40.77186 -74.008052 40.725219
-73.982909 40.761488 -74.018062 40.712354
-73.984701 40.750074 -74.00869 40.714784
-73.975892 40.741836 -73.946259 40.789399
-73.988226 40.726515 -74.011077 40.709002
-73.978163 40.739845 -73.998005 40.711132
-73.950437 40.776364 -73.982023 40.768178
-73.98587 40.779185 -73.992174 40.743624
-73.99247 40.707366 -73.968145 40.750662
-73.995031 40.722053 -73.97234 40.75442
-73.95137 40.801834 -73.986535 40.762497
-73.97982 40.762878 -74.006706 40.740229
-73.949449 40.771279 -73.972943 40.795728
-73.944807 40.801022 -73.988077 40.760357
-73.951469 40.783544 -73.972962 40.740455
-73.970415 40.782078 -73.995687 40.768006
-73.96162 40.761483 -73.989356 40.748353
-73.948117 40.766143 -73.989489 40.74335
-73.993118 40.749931 -73.992869 40.725056
-74.011296 40.723664 -73.973297 40.7542
-73.997156 40.754538 -73.950677 40.787007
-73.984652 40.743677 -73.969512 40.775619
-73.944024 40.771467 -73.988542 40.74874
-73.946112 40.803304 -73.982392 40.777538
-73.948601 40.768917 -74.014836 40.727732
-73.9752 40.763515 -73.962315 40.783236
-73.995349 40.759839 -74.012342 40.718426
-73.995904 40.747635 -73.964952 40.753321
-73.92074 40.743559 -73.983041 40.748854
-74.005721 40.700659 -73.981666 40.741155
-73.966514 40.759991 -74.006961 40.760891
-73.93802 40.770723 -73.982212 40.763947
-74.008322 40.733309 -73.983091 40.7005
-73.944151 40.768571 -73.989304 40.743169
-73.971352 40.750618 -74.016323 40.70749
-73.974754 40.751143 -74.01702 40.707207
-73.961207 40.769628 -73.989437 40.737627
-73.959345 40.80549 -73.976718 40.766729
-74.01434 40.708957 -73.972058 40.74379
-73.950174 40.785166 -73.972553 40.755626
-74.014148 40.703332 -74.001299 40.744974
-73.945627 40.759159 -73.936441 40.793121
-73.937987 40.756772 -73.97931 40.757055
-73.922687 40.766233 -73.994233 40.725893
-73.961383 40.760049 -73.95547 40.80573
-73.979874 40.736097 -74.005134 40.742761
-73.982873 40.757965 -74.001209 40.716043
-73.987131 40.733234 -73.979523 40.750799
-73.986814 40.713123 -73.946714 40.716529
-73.925519 40.769386 -73.993701 40.724038
-73.998594 40.715698 -73.984549 40.747732
-73.992493 40.759095 -74.016781 40.713334
-73.981006 40.773021 -74.00166 40.747691
-73.941254 40.777714 -73.969086 40.75631
-73.961907 40.740967 -73.982706 40.740411
-73.961771 40.764181 -74.010639 40.707902
-73.973956 40.795612 -74.009525 40.713302
-73.937091 40.750428 -73.944987 40.786605
-73.941501 40.772113 -73.969026 40.7579
-73.979277 40.753988 -74.01548 40.705538
-74.009097 40.709269 -73.976644 40.752632
-73.986457 40.737388 -73.965995 40.763671
-73.991185 40.728526 -73.963628 40.762575
-73.957045 40.795027 -73.997423 40.744641
-73.993354 40.72662 -73.957214 40.722989
-73.952211 40.751945 -73.943173 40.79169
-73.949182 40.754317 -73.942049 40.793471
-73.976751 40.784612 -74.011534 40.711722
-73.986784 40.767042 -73.94798 40.775693
-73.980528 40.749847 -74.014645 40.709093
-73.990846 40.770241 -74.009818 40.721256
-73.973011 40.745501 -74.005609 40.708763
-73.990192 40.777521 -73.945692 40.783254
-74.00331 40.752419 -74.011973 40.716574
-73.97118 40.796939 -74.008704 40.752825
-73.974533 40.73694 -73.999979 40.710293
-73.998449 40.749563 -73.97634 40.788159
-73.973532 40.770893 -74.008483 40.749574
-73.939011 40.774554 -73.969143 40.755507
-74.000985 40.721686 -73.990675 40.770259
-73.922899 40.761629 -73.996203 40.725342
-74.003496 40.711656 -73.973693 40.756069
-73.95035 40.774212 -73.997945 40.751731
-73.920099 40.742938 -73.965355 40.76089
-73.959836 40.783802 -73.993317 40.765068
-74.003085 40.744628 -73.978829 40.78149
-74.009422 40.702147 -73.976396 40.74128
-74.016237 40.719956 -73.992403 40.760437
-73.928377 40.756385 -73.995569 40.717135
-73.965591 40.746694 -73.948955 40.782409
-73.961044 40.803842 -73.9887 40.769272
-74.00587 40.745171 -73.985156 40.778535
-73.929175 40.762226 -73.981315 40.744603
-73.993149 40.753868 -73.94717 40.783478
-74.009965 40.709228 -73.990032 40.738888
-73.979752 40.759031 -74.015473 40.719186
-73.964444 40.798161 -73.975062 40.73399
-73.997806 40.71791 -73.996385 40.758543
-73.938458 40.751136 -73.976613 40.758675
-73.945706 40.71531 -73.927402 40.748599
-73.932723 40.788301 -73.968939 40.787281
-74.000273 40.743575 -73.979645 40.750293
-73.965209 40.803452 -73.972106 40.758108
-73.977496 40.792855 -73.948994 40.774987
-74.007655 40.73191 -73.96805 40.756622
-74.007954 40.714397 -73.973348 40.761797
-73.945699 40.770496 -73.993694 40.75231
-73.966286 40.773668 -73.951694 40.806153
-73.955102 40.783509 -73.976442 40.749943
-73.936922 40.756012 -73.977005 40.755914
-73.950983 40.795674 -73.978303 40.771704
-74.002485 40.742581 -74.012915 40.70115
-74.001452 40.727551 -73.99737 40.757069
-73.946234 40.770516 -73.970104 40.741107
-73.939711 40.776728 -73.963242 40.753316
-74.001073 40.700865 -73.97824 40.744708
-73.943215 40.750398 -73.950727 40.784737
-73.92627 40.780765 -73.962812 40.786172
-73.919857 40.770484 -73.962735 40.761179
-73.979124 40.740457 -73.996463 40.717335
-73.957301 40.785205 -73.980449 40.756138
-73.960615 40.808534 -73.987432 40.768595
-73.99364 40.77632 -74.012086 40.728202
-73.994515 40.755474 -74.012854 40.718448
-73.997717 40.729371 -73.978904 40.759409
-73.964605 40.801916 -73.975431 40.764678
-73.975674 40.74183 -73.983791 40.773978
-74.015773 40.718829 -73.972222 40.761164
-73.923456 40.748867 -73.9823 40.745529
-73.961543 40.751169 -74.017056 40.708357
-74.002598 40.734617 -73.978115 40.750724
-73.95164 40.786437 -73.984014 40.781087
-73.944528 40.71479 -73.932044 40.744806
-73.964627 40.791726 -74.000723 40.745097
-73.954264 40.784095 -73.976101 40.75557
-74.014274 40.708658 -73.995624 40.742158
-73.983579 40.772607 -73.96423 40.800653
-73.996167 40.75925 -74.011947 40.705876
-73.989008 40.784209 -74.001212 40.75447
-74.002193 40.708658 -73.988448 40.751523
-73.984101 40.770636 -73.952235 40.785589
-73.928403 40.774711 -73.99468 40.726336
-74.00133 40.702268 -73.973043 40.753279
-73.994915 40.730829 -74.016263 40.702373
-73.954348 40.761225 -73.984572 40.748066
-74.01255 40.714188 -73.991102 40.732217
-73.967893 40.799234 -73.983655 40.773699
-73.920511 40.761703 -73.997425 40.724764
-73.948217 40.777988 -73.984223 40.749397
-73.931625 40.782907 -73.971517 40.782102
-73.964583 40.792498 -73.978427 40.760267
-73.94921 40.766005 -74.003988 40.709287
-74.013789 40.728299 -73.993373 40.754915
-73.945959 40.778901 -73.988414 40.771582
-73.993507 40.729579 -73.984946 40.75413
-73.968295 40.757844 -73.926877 40.768201
-73.959846 40.781816 -74.008199 40.749005
-73.975275 40.758257 -74.007796 40.70645
-73.972039 40.73177 -74.013149 40.719161
-74.005735 40.748794 -73.966905 40.787087
-73.933517 40.778524 -73.993316 40.721477
-73.990758 40.721523 -73.964522 40.765945
-73.992746 40.731872 -74.017271 40.712308
-73.998551 40.739398 -74.017037 40.705635
-73.945946 40.769133 -74.00875 40.704242
-73.937294 40.771253 -73.965934 40.754983
-73.956938 40.760818 -73.992639 40.744313
-73.978208 40.746348 -73.954837 40.780694
-74.000606 40.76774 -73.968418 40.803243
-73.960081 40.799954 -73.950155 40.77275
-73.986621 40.748152 -74.014848 40.702879
-74.009795 40.706169 -73.997363 40.76316
-73.95845 40.76606 -73.937082 40.792127
-73.993976 40.748571 -74.002349 40.707578
-73.956833 40.743578 -73.985195 40.748644
-74.01185 40.728993 -73.995951 40.750928
-73.933379 40.758644 -73.991302 40.713553
-74.015443 40.719551 -73.982854 40.787891
-73.984438 40.775012 -73.966914 40.796431
-73.921895 40.758447 -73.953674 40.722037
-74.001514 40.766012 -73.967204 40.763851
-73.976461 40.758578 -74.015111 40.70706
-73.97779 40.742374 -74.014779 40.706318
-73.997363 40.743778 -73.962536 40.773711
-73.992631 40.730102 -73.968531 40.750761
-74.008491 40.747073 -73.988236 40.720817
-73.99953 40.756616 -73.965381 40.801298
-73.969447 40.767023 -74.011421 40.719374
-73.976025 40.742228 -74.007761 40.729047
-74.001489 40.700651 -73.971608 40.77051
-73.925648 40.776721 -73.99325 40.726257
-74.010753 40.705025 -73.991172 40.765903
-73.993675 40.758503 -74.018182 40.704149
-73.991048 40.758222 -74.005179 40.712058
-73.97599 40.748723 -74.017603 40.710131
-73.960371 40.785035 -73.978708 40.750161
-73.988975 40.704184 -74.000136 40.747947
-73.929507 40.75949 -73.963198 40.768197
-73.988688 40.767865 -73.974648 40.798015
-73.916966 40.76005 -73.997187 40.725491
-73.989006 40.712305 -73.948629 40.704081
-73.982766 40.734174 -73.979289 40.762643
-73.986551 40.744215 -73.999946 40.726942
-73.935982 40.753482 -73.946813 40.783114
-73.988388 40.743775 -73.953509 40.776755
-73.969312 40.776385 -73.99576 40.724017
-73.922523 40.776032 -73.946286 40.744926
-73.973406 40.755698 -74.003782 40.705358
-73.953195 40.800036 -73.979352 40.759621
-73.972953 40.731691 -74.008087 40.70074
-73.989454 40.782658 -73.959309 40.769156
-73.942557 40.797611 -73.972089 40.78107
-73.940511 40.758768 -73.945859 40.785046
-73.945305 40.800986 -73.982034 40.769062
-73.97672 40.744216 -74.015192 40.703195
-73.92183 40.764216 -73.992327 40.720456
-73.959185 40.791323 -73.991802 40.748959
-74.007279 40.740947 -74.011594 40.701214
-73.964957 40.785578 -74.001618 40.754657
-73.968642 40.804189 -73.974007 40.759624
-73.987478 40.714225 -73.965948 40.750638
-73.960179 40.762878 -73.984421 40.777987
-73.962087 40.782734 -74.010866 40.715267
-73.977029 40.758182 -74.014935 40.711508
-73.968361 40.791888 -73.970774 40.769007
-73.975408 40.743592 -73.990285 40.774497
-73.946968 40.766757 -74.000682 40.709063
-73.946158 40.711092 -73.927058 40.748726
-73.93151 40.761509 -73.961382 40.747415
-73.947226 40.773412 -73.990606 40.733537
-73.948903 40.804283 -73.988373 40.771135
-73.921808 40.763339 -73.996539 40.725597
-73.987807 40.728618 -74.012589 40.709084
-73.93088 40.793283 -73.981953 40.735964
-73.954912 40.767939 -73.999374 40.753577
-73.99372 40.747688 -73.963574 40.75683
-74.00459 40.721284 -73.995632 40.757295
-74.000154 40.736787 -73.986562 40.760869
-73.95893 40.794242 -73.973667 40.753066
-74.006032 40.745737 -73.964544 40.766423
-73.971853 40.790655 -73.988098 40.766417
-73.98984 40.778146 -73.969298 40.793278
-73.95103 40.775674 -73.980959 40.741696
-74.016964 40.701528 -74.002008 40.750155
-73.984345 40.768978 -73.963632 40.789234
-73.99742 40.739314 -74.015792 40.700573
-74.008069 40.743908 -74.015891 40.716028
-73.977811 40.756215 -74.00418 40.736649
-73.987901 40.706839 -74.00493 40.746117
-73.956126 40.768915 -73.93483 40.802492
-73.955176 40.807961 -73.978587 40.753074
-73.958218 40.804556 -73.983413 40.772847
-74.001421 40.752154 -74.010251 40.706155
-74.004445 40.768507 -73.954183 40.784323
-73.994427 40.756024 -73.963556 40.777218
-74.001132 40.755652 -73.973939 40.78554
-73.961792 40.763253 -73.993098 40.764409
-73.919206 40.749506 -73.963413 40.764532
-73.979819 40.732551 -73.950986 40.782321
-73.951601 40.751271 -73.934789 40.796948
-74.009108 40.729267 -73.949085 40.728194
-73.942393 40.758468 -73.975058 40.758283
-73.938683 40.773435 -73.970109 40.759177
-73.922474 40.775346 -73.963986 40.760241
-73.989281 40.759233 -73.992413 40.722273
-73.989623 40.778283 -73.95033 40.78239
-73.929154 40.755929 -73.992805 40.716395
-73.958918 40.743827 -73.984557 40.743911
-73.959491 40.766404 -74.014696 40.701078
-73.971783 40.776841 -73.982743 40.743899
-73.94158 40.756533 -73.972419 40.75517
-73.978253 40.762557 -74.002646 40.726665
-73.973605 40.784588 -73.994868 40.756075
-73.990847 40.72763 -73.974249 40.751185
-73.918141 40.765707 -73.996035 40.723315
-74.001975 40.725858 -73.986369 40.75522
-74.006902 40.754273 -74.016345 40.711595
-73.980854 40.736426 -73.9467 40.782952
-73.991387 40.735996 -73.959503 40.754
-73.948782 40.777719 -73.970582 40.758066
-73.995624 40.757868 -73.960269 40.773996
-73.937671 40.752881 -73.943946 40.779821
-73.951509 40.762007 -73.983815 40.739507
-73.97317 40.786316 -73.946782 40.77246
-73.994911 40.740484 -74.015159 40.718146
-73.949446 40.772733 -73.994951 40.738415
-73.961536 40.780304 -73.973615 40.750173
-74.004309 40.737699 -73.985094 40.763764
-73.92859 40.764377 -73.972446 40.753644
-74.008043 40.706956 -73.979985 40.755789
-73.985004 40.737855 -73.975828 40.756636
-73.945417 40.773694 -73.986982 40.734989
-73.992793 40.733798 -74.01678 40.702871
-73.998642 40.729839 -73.958854 40.722407
-73.975901 40.753588 -74.004687 40.744338
-73.992548 40.737237 -74.017092 40.706695
-73.958363 40.75997 -73.991397 40.755476
-73.945806 40.780708 -74.008202 40.719599
-73.995786 40.718552 -73.989556 40.744673
-74.002985 40.710096 -73.979977 40.739808
-73.975071 40.741494 -73.950958 40.773469
-74.014861 40.713154 -73.995379 40.751592
-73.96277 40.787624 -73.917323 40.792598
-73.940514 40.777174 -73.96788 40.751422
-74.013865 40.703295 -74.004771 40.741101
-73.960885 40.780845 -73.973386 40.748047
-73.953025 40.788108 -73.981356 40.763564
-73.991738 40.734369 -73.94061 40.770128
-73.993229 40.711761 -73.979964 40.763073
-74.00067 40.713371 -73.97285 40.753917
-73.974853 40.766231 -73.94737 40.716543
-73.931656 40.797932 -73.986286 40.737401
-73.975473 40.757956 -74.015409 40.70541
-73.980641 40.742386 -74.009029 40.717133
-73.916368 40.762722 -73.992291 40.720393
-73.999658 40.731706 -73.982793 40.753579
-73.973581 40.742339 -73.994824 40.716092
-73.955593 40.782131 -73.994398 40.749882
-73.940191 40.750957 -73.977512 40.751452
-73.93679 40.754088 -73.947409 40.784126
-73.979742 40.790043 -73.938477 40.800771
-73.98256 40.746951 -74.008742 40.71208
-73.96004 40.755813 -73.998996 40.731969
-73.980251 40.7751 -73.936353 40.808485
-73.961849 40.745716 -73.987097 40.745655
-73.958078 40.781654 -73.979951 40.754698
-73.935345 40.805749 -73.955858 40.773854
-74.000043 40.766307 -73.977507 40.787015
-73.985587 40.703163 -73.962855 40.776808
-73.97327 40.742251 -74.014071 40.709885
-73.959442 40.784616 -73.984113 40.759886
-73.925588 40.757574 -73.995714 40.713886
-73.97225 40.756994 -74.016152 40.707226
-73.972473 40.742394 -73.984148 40.770145
-73.975304 40.756034 -74.004554 40.705771
-73.94258 40.805536 -73.95657 40.770805
-73.998008 40.737339 -73.989685 40.767409
-73.942711 40.707018 -73.967018 40.753334
-73.980463 40.747771 -74.003288 40.707177
-73.963223 40.747024 -73.958191 40.779498
-73.992634 40.756852 -73.956629 40.78468
-74.004397 40.705534 -73.976823 40.754361
-73.959117 40.767793 -73.995168 40.743717
-73.970826 40.758643 -74.015425 40.719057
-73.942635 40.709076 -73.965277 40.756802
-73.950109 40.71358 -73.934152 40.748956
-73.967124 40.742325 -73.959682 40.785934
-73.975515 40.738513 -74.003483 40.70337
-73.992286 40.771442 -74.009856 40.729927
-73.97691 40.793288 -73.983923 40.757764
-73.961649 40.761207 -74.010901 40.711509
-73.955955 40.791506 -73.994006 40.745128
-73.992794 40.746297 -73.960392 40.715313
-73.950079 40.753977 -73.934919 40.793371
-73.975725 40.739804 -74.00976 40.708974
-74.000986 40.735135 -73.975674 40.75162
-73.954253 40.793115 -73.975783 40.767472
-73.983302 40.700934 -74.005078 40.749602
-73.937593 40.770016 -73.981241 40.760175
-73.925929 40.796708 -73.989233 40.730772
-74.000354 40.758681 -74.010126 40.705914
-73.961616 40.800166 -73.974356 40.753206
-73.955736 40.76805 -73.984382 40.744971
-73.999666 40.723747 -73.974493 40.746467
-73.983274 40.738428 -73.968063 40.76726
-73.917545 40.770598 -73.966015 40.768138
-73.974504 40.747254 -74.011453 40.706404
-73.973533 40.758789 -74.013007 40.700439
-73.992705 40.74173 -73.967415 40.764961
-73.985859 40.748864 -73.958356 40.769685
-73.962705 40.797037 -73.984484 40.762422
-73.916211 40.774291 -73.946302 40.749406
-73.961783 40.742868 -73.982621 40.743208
-73.977544 40.722744 -74.000701 40.717069
-73.929751 40.755695 -73.991649 40.719522
-73.992712 40.726401 -73.978006 40.750022
-73.960714 40.754621 -73.996738 40.732183
-73.950514 40.780951 -73.968137 40.749734
-73.92841 40.792913 -73.989907 40.734626
-73.988707 40.761399 -74.012569 40.713827
-73.958814 40.764562 -73.998603 40.731519
-73.945673 40.785073 -73.969515 40.742151
-73.993499 40.749443 -73.988582 40.776155
-73.944261 40.774319 -74.016925 40.704469
-74.006527 40.717771 -73.974279 40.746697
-73.950877 40.808616 -73.985487 40.769
-73.9465 40.715471 -73.927561 40.748905
-73.958548 40.748384 -73.989335 40.748681
-74.003285 40.759584 -73.980255 40.733808
-74.015141 40.70189 -73.979897 40.757665
-73.98523 40.725426 -73.949712 40.717886
-73.974682 40.77163 -73.942725 40.806185
-73.938302 40.757057 -73.952919 40.781003
-74.009359 40.705513 -73.982525 40.738499
-73.962778 40.801932 -73.996652 40.750523
-73.994526 40.770712 -74.011487 40.725243
-73.946121 40.774574 -74.015779 40.704577
-73.930529 40.765436 -73.980319 40.758812
-73.947335 40.756654 -73.941948 40.79277
-74.010453 40.725974 -73.977646 40.756541
-74.008257 40.733119 -73.977319 40.752307
-73.977378 40.749306 -74.017642 40.709795
-73.99454 40.71717 -73.98831 40.747603
-73.926407 40.766528 -73.980101 40.759023
-73.925176 40.754139 -73.955643 40.721555
-73.923047 40.778588 -73.966391 40.766729
-73.996819 40.707062 -73.969432 40.75337
-73.978952 40.733934 -74.010462 40.710818
-73.982008 40.767759 -73.960097 40.800374
-73.996302 40.725769 -73.951581 40.772007
-73.98598 40.763295 -74.003945 40.747402
-73.983347 40.705367 -73.965942 40.771023
-73.999813 40.745574 -74.012718 40.712027
-74.007227 40.758847 -73.978791 40.782453
-73.968225 40.802747 -73.982582 40.770391
-73.996851 40.735376 -73.955958 40.763084
-73.964597 40.769236 -73.993475 40.741171
-73.969996 40.753 -74.018075 40.701508
-73.987388 40.727121 -73.956427 40.767299
-73.995165 40.741606 -73.981977 40.77883
-73.938611 40.757684 -73.976914 40.757181
-73.982821 40.767466 -73.958132 40.767822
-73.9981 40.72255 -73.972705 40.757887
-73.946299 40.711645 -73.926854 40.741463
-73.977351 40.711074 -74.016711 40.707842
-73.99283 40.747907 -74.013287 40.714408
-73.999886 40.74659 -74.017964 40.710953
-73.935335 40.792654 -73.988161 40.769989
-73.972588 40.772595 -73.994996 40.748418
-73.936486 40.752609 -73.977448 40.750833
-73.968938 40.769288 -73.993268 40.74886
-73.986934 40.761625 -74.010591 40.714268
-73.982559 40.745266 -73.959683 40.769564
-73.932107 40.755298 -73.995381 40.711657
-73.987389 40.756933 -74.016451 40.727339
-73.945025 40.755489 -73.940303 40.792843
-73.958232 40.749721 -73.949455 40.726216
-73.991846 40.743439 -73.966137 40.763106
-73.97519 40.740503 -74.006189 40.707474
-73.953525 40.799192 -73.956567 40.777231
-73.99564 40.748301 -74.011775 40.711675
-73.987847 40.745849 -74.014173 40.706811
-73.988056 40.781087 -73.953958 40.760351
-73.96273 40.789288 -73.955428 40.763313
-73.935757 40.703432 -73.971561 40.759276
-73.99051 40.703366 -73.965228 40.758876
-74.01106 40.70572 -73.979607 40.753459
-73.973478 40.729952 -74.012222 40.719795
-73.997749 40.741202 -73.955796 40.743045
-73.933438 40.762771 -73.953923 40.746278
-74.00117 40.726539 -73.990122 40.758219
-73.985288 40.787424 -73.953689 40.764584
-73.994012 40.706041 -73.968643 40.758157
-74.003943 40.768068 -73.956128 40.783672
-73.915921 40.767713 -73.998257 40.726707
-74.004944 40.726792 -73.976102 40.755997
-73.978188 40.736199 -74.009775 40.700704
-73.921682 40.742705 -73.96071 40.764414
-73.961791 40.784617 -74.004019 40.7015
-73.980841 40.738363 -73.986934 40.773825
-73.992502 40.743797 -73.958438 40.713675
-73.949436 40.752305 -73.936848 40.792869
-73.985881 40.763397 -73.970933 40.798438
-73.981725 40.743914 -74.000712 40.715268
-74.002936 40.738437 -73.972438 40.775881
-73.985828 40.722682 -73.944976 40.771509
-73.999847 40.760988 -74.01588 40.715195
-73.938267 40.756815 -73.944827 40.780494
-73.991492 40.722492 -73.974016 40.751586
-74.001984 40.743591 -74.00955 40.710905
-73.948375 40.765763 -74.015011 40.720966
-73.946331 40.800684 -73.983025 40.761568
-73.983377 40.745844 -74.016286 40.709957
-73.925587 40.77367 -73.991227 40.727912
-73.924737 40.740078 -73.963649 40.76279
-73.940588 40.801016 -73.95817 40.775936
-74.01344 40.703057 -73.996219 40.740007
-73.983926 40.759586 -73.934859 40.741924
-73.945971 40.802895 -73.981071 40.759772
-73.960482 40.762011 -73.990524 40.764826
-73.985569 40.754341 -74.002556 40.716214
-74.017126 40.710722 -74.006582 40.755571
-73.950813 40.718923 -73.928555 40.744784
-73.993222 40.705792 -73.966928 40.757736
-73.93786 40.75812 -73.973832 40.7559
-73.970769 40.798634 -73.973857 40.768509
-73.966493 40.764707 -73.934898 40.80625
-73.983461 40.7522 -74.014344 40.701834
-73.944954 40.779473 -73.98116 40.76687
-73.96275 40.751788 -74.007912 40.701842
-73.992575 40.744435 -73.955049 40.71483
-73.994919 40.760224 -73.997172 40.729238
-73.999288 40.719197 -73.98081 40.749328
-73.973968 40.758277 -74.017848 40.706252
-73.916318 40.740576 -73.985912 40.765644
-73.98815 40.729502 -73.963556 40.757457
-73.960078 40.787772 -73.973824 40.754315
-73.961178 40.789742 -73.976838 40.760233
-73.94979 40.776216 -74.012047 40.715719
-73.952002 40.8062 -73.986304 40.760019
-73.94016 40.758519 -73.980757 40.758843
-73.960946 40.782233 -73.986816 40.764062
-73.964459 40.746266 -73.948632 40.787555
-73.959233 40.787863 -73.979817 40.765373
-73.949538 40.754018 -73.940648 40.790348
-73.992838 40.718587 -73.978883 40.746699
-73.979071 40.735884 -74.004323 40.710001
-73.960633 40.781371 -73.989719 40.760289
-73.999832 40.746774 -73.970573 40.788637
-73.932392 40.781964 -73.96269 40.782997
-73.944194 40.797462 -73.968152 40.759769
-73.954977 40.771213 -74.006416 40.707245
-73.972145 40.755592 -74.009383 40.716518
-73.995326 40.739741 -73.958358 40.765395
-73.952772 40.78891 -73.98941 40.778699
-73.959485 40.779603 -73.978593 40.753785
-73.919582 40.74316 -73.965146 40.766832
-73.935362 40.751174 -73.972141 40.751855
-74.015821 40.707664 -73.989515 40.717242
-73.986168 40.753105 -73.999101 40.718772
-74.001326 40.722389 -73.979321 40.750222
-73.98447 40.748518 -73.96685 40.775891
-73.964972 40.747162 -73.961109 40.77997
-73.952492 40.791499 -73.976179 40.770138
-73.974545 40.772472 -73.991765 40.748138
-73.987656 40.756282 -74.013917 40.712458
