-73.930928 40.776783 -73.995815 40.721252
-73.983932 40.707763 -74.0066 40.744179
-73.988309 40.715 -73.970321 40.752531
-73.94326 40.772089 -73.985353 40.766025
-73.999715 40.736448 -73.978409 40.751307
-73.955202 40.755506 -73.956432 40.779851
-73.951584 40.808285 -73.985685 40.776651
-73.955211 40.762512 -73.993336 40.752218
-73.993097 40.775131 -74.004361 40.723598
-73.97017 40.803618 -73.983768 40.77579
-73.948985 40.773477 -73.98434 40.750783
-74.005124 40.70563 -73.986905 40.758133
-73.927265 40.771101 -73.992028 40.721193
-73.947735 40.766461 -73.975017 40.739986
-73.950093 40.754878 -73.940495 40.792124
-73.954451 40.781205 -74.003963 40.745201
-73.922212 40.753817 -73.954953 40.729326
-74.013099 40.713 -73.99144 40.739494
-73.983365 40.775825 -73.9938 40.733404
-73.994109 40.756059 -74.013943 40.713617
-73.950569 40.751239 -73.943187 40.790674
-73.92153 40.749579 -73.99016 40.763991
-74.001948 40.725103 -73.998242 40.766438
-73.96581 40.766706 -73.98478 40.72122
-73.994965 40.727356 -73.9809 40.751959
-73.970754 40.761148 -73.988295 40.749764
-73.934134 40.786281 -73.966532 40.781903
-73.964148 40.794794 -73.975619 40.76674
-73.956376 40.743098 -73.981819 40.740729
-73.957391 40.775156 -73.989218 40.746302
-73.943956 40.783058 -73.962699 40.751457
-73.991451 40.750666 -73.953801 40.763992
-73.984836 40.768506 -74.014764 40.712185
-73.97956 40.76445 -73.994965 40.736345
-74.006825 40.74765 -73.973712 40.762483
-74.007022 40.732549 -73.984829 40.759857
-73.932429 40.760718 -73.989073 40.745402
-73.974588 40.769096 -73.997851 40.71616
-73.99641 40.7548 -74.015009 40.713365
-73.950652 40.786757 -73.984632 40.76123
-74.000782 40.731975 -73.966415 40.762577
-73.960248 40.797127 -73.974572 40.761149
-74.004884 40.720141 -73.970654 40.751084
-73.968322 40.759136 -73.988225 40.72983
-73.955615 40.785153 -73.973983 40.753812
-73.975906 40.750494 -74.007517 40.705073
-74.000361 40.763799 -73.971368 40.769247
-73.945333 40.71517 -73.931023 40.743241
-73.974396 40.717805 -73.916757 40.79767
-73.938997 40.779134 -73.990232 40.762575
-73.98046 40.747626 -74.006984 40.703668
-74.010944 40.703992 -73.980795 40.755087
-73.939555 40.808474 -73.96957 40.766449
-73.994632 40.726132 -73.979299 40.750278
-73.992344 40.737781 -73.990234 40.704731
-73.975928 40.745178 -74.002535 40.703261
-73.97201 40.730057 -74.003184 40.705725
-73.970055 40.77097 -73.998846 40.761897
-73.957381 40.767854 -73.983969 40.741442
-73.981197 40.782393 -73.986352 40.733607
-73.944084 40.780314 -73.993744 40.74143
-73.978604 40.758678 -74.002913 40.744226
-73.916125 40.752614 -73.955114 40.723014
-73.929926 40.775042 -73.996615 40.721787
-74.00687 40.712832 -73.989484 40.745722
-73.976487 40.765527 -74.001161 40.741078
-73.994516 40.767144 -73.952637 40.784035
-73.976841 40.758952 -74.00626 40.745287
-73.956904 40.755013 -73.983721 40.731316
-73.922551 40.774253 -73.967934 40.764309
-73.978221 40.755602 -74.008099 40.707435
-73.987978 40.738191 -73.956086 40.764364
-73.99593 40.768862 -73.974439 40.781808
-74.010741 40.712893 -74.002548 40.751513
-73.978542 40.782687 -74.012465 40.719809
-73.957521 40.763834 -73.916624 40.775804
-73.955798 40.800948 -73.962364 40.770344
-73.958516 40.777172 -74.009283 40.71359
-73.989477 40.762666 -74.016049 40.712484
-73.989 40.749233 -74.010173 40.707326
-73.96907 40.755075 -73.999255 40.756623
-73.990047 40.737728 -73.971015 40.754817
-73.985098 40.769177 -73.954073 40.78606
-74.000076 40.734216 -73.999469 40.774232
-73.994387 40.753888 -74.017494 40.71059
-73.995843 40.758714 -74.008019 40.727761
-74.006749 40.747769 -74.00167 40.705133
-74.00471 40.716459 -73.995951 40.749797
-73.966238 40.792372 -74.005051 40.744394
-73.971626 40.76068 -73.988096 40.724628
-73.949022 40.768038 -73.9723 40.741758
-73.987497 40.74523 -74.003205 40.709605
-73.987359 40.724493 -74.012753 40.705147
-73.99781 40.731967 -73.976064 40.768037
-73.99923 40.735467 -73.970339 40.752599
-73.93311 40.762813 -73.958745 40.744609
-74.006675 40.733475 -73.968862 40.761783
-73.989973 40.755785 -74.013903 40.70079
-73.9421 40.793434 -73.967433 40.765138
-73.918956 40.746662 -73.955943 40.768546
-73.950373 40.769614 -73.983163 40.764394
-73.955622 40.761161 -73.996666 40.745793
-73.981146 40.75674 -74.01122 40.713668
-74.000495 40.744955 -73.982922 40.786891
-73.954762 40.750799 -73.996345 40.739893
-73.947361 40.788095 -73.980739 40.753999
-73.931658 40.7506 -73.994562 40.71969
-73.946047 40.773531 -73.985757 40.765053
-73.917437 40.771292 -73.946494 40.747264
-73.985117 40.746809 -74.00766 40.708653
-74.002078 40.743561 -73.985689 40.725117
-73.995128 40.756444 -73.968511 40.766953
-73.978765 40.717517 -74.006794 40.706358
-73.993444 40.747993 -74.01617 40.713788
-73.977188 40.758112 -74.006562 40.720121
-74.007128 40.747209 -73.969704 40.771295
-73.977293 40.763066 -74.010709 40.719053
-73.946371 40.780386 -74.015095 40.707097
-73.955871 40.754043 -74.013186 40.704371
-73.937738 40.796289 -73.965446 40.761672
-73.967863 40.750314 -74.013246 40.708606
-73.973233 40.758236 -73.987218 40.71561
-74.006437 40.757135 -73.986402 40.719999
-73.979594 40.757205 -74.013531 40.717921
-73.98921 40.720629 -73.958605 40.776124
-73.972908 40.731751 -74.009061 40.703446
-74.01783 40.700994 -74.002397 40.744325
-73.968725 40.740654 -73.951387 40.781046
-73.954087 40.774986 -73.996437 40.752556
-73.969 40.751427 -73.989874 40.727412
-73.976406 40.75041 -74.014151 40.702258
-73.993325 40.75146 -73.95816 40.759752
-73.969184 40.764575 -74.004811 40.713242
-73.930861 40.760555 -73.975659 40.75413
-73.978628 40.747927 -73.951782 40.789077
-73.950077 40.779696 -73.977802 40.778502
-73.991648 40.736151 -73.972732 40.753439
-73.986943 40.760291 -74.009636 40.700962
-73.96372 40.763837 -73.989121 40.744179
-73.96765 40.754256 -73.952819 40.772481
-73.954152 40.751387 -73.955421 40.779713
-74.007774 40.732995 -73.974202 40.75254
-73.998294 40.754973 -73.953342 40.785791
-73.945103 40.769503 -74.014563 40.714063
-73.92996 40.766152 -73.973337 40.752958
-74.007211 40.713761 -73.990359 40.767577
-73.967998 40.767163 -73.984793 40.746195
-73.987042 40.777262 -73.982213 40.748602
-73.921248 40.77359 -73.948355 40.740747
-73.994991 40.755711 -73.99998 40.70526
-73.988419 40.707402 -73.965667 40.773772
-73.96994 40.794284 -73.997128 40.751455
-74.004097 40.751736 -74.018007 40.714266
-73.927491 40.763318 -73.967412 40.766777
-73.937901 40.771157 -73.968512 40.757124
-74.005676 40.725716 -73.965084 40.715267
-73.920125 40.75027 -73.957797 40.72504
-73.986555 40.733303 -74.002458 40.707676
-73.949443 40.781707 -73.970068 40.756863
-73.978845 40.716689 -73.991654 40.742101
-73.970377 40.767611 -73.992279 40.742698
-73.963784 40.765243 -74.017141 40.713831
-73.995607 40.724645 -73.978206 40.756407
-73.974194 40.783724 -73.994362 40.756097
-73.91707 40.742505 -73.971056 40.764966
-73.983673 40.719318 -73.944607 40.704017
-73.961603 40.802123 -73.973564 40.763953
-73.96906 40.790689 -74.005443 40.724033
-73.988261 40.769251 -73.948039 40.774019
-73.997572 40.729053 -73.986038 40.77525
-73.978667 40.767624 -73.996953 40.734852
-73.996344 40.745605 -74.017947 40.720077
-73.965376 40.791541 -73.993795 40.761264
-73.966873 40.772559 -73.996052 40.764533
-73.948864 40.772799 -73.979877 40.747072
-74.010863 40.723549 -73.992583 40.747037
-73.965831 40.794195 -73.984626 40.761704
-73.955978 40.804408 -73.983757 40.774708
-73.990132 40.772769 -73.9941 40.740922
-73.979812 40.717201 -73.919851 40.797332
-73.959733 40.741254 -73.986927 40.747939
-73.964519 40.741071 -73.945645 40.780771
-73.974357 40.763306 -74.008989 40.700578
-74.00127 40.738857 -73.982253 40.75081
-73.997014 40.729068 -73.973043 40.752725
-73.955961 40.807412 -73.94428 40.772692
-73.99065 40.75637 -73.953879 40.762306
-73.986158 40.728956 -73.959632 40.760973
-73.999347 40.721622 -73.97573 40.750059
-73.944783 40.782364 -74.009179 40.703739
-73.968119 40.754571 -73.983268 40.720219
-73.94663 40.774648 -73.990473 40.739339
-73.943363 40.777245 -73.968461 40.75935
-73.994522 40.731143 -73.978624 40.768981
-73.999242 40.73068 -73.955049 40.76102
-73.931575 40.770982 -73.996046 40.728761
-73.922849 40.764081 -73.992782 40.722099
-73.945244 40.750747 -73.940086 40.792705
-74.0043 40.734889 -74.015414 40.706862
-73.968741 40.767361 -74.006531 40.728294
-73.920218 40.742379 -73.966508 40.768581
-73.982971 40.711436 -73.944448 40.701011
-73.944737 40.786794 -73.989087 40.725812
-73.997583 40.758735 -74.011729 40.717889
-73.937098 40.752172 -73.947295 40.78801
-73.96905 40.756169 -73.993624 40.736546
-73.949417 40.776582 -73.964273 40.752118
-73.974357 40.755013 -74.016715 40.71788
-73.97739 40.728121 -73.974158 40.751505
-74.010809 40.720342 -73.949457 40.721317
-73.936672 40.792025 -73.966578 40.766734
-73.974416 40.75638 -74.017825 40.702802
-73.98983 40.726022 -73.980608 40.753764
-73.959802 40.758252 -74.010683 40.70268
-73.980141 40.763825 -74.000843 40.715074
-74.003331 40.735086 -73.980706 40.757154
-73.993702 40.771446 -74.013951 40.724884
-73.949236 40.713301 -73.931009 40.744715
-73.94588 40.78231 -73.963983 40.751276
-73.949694 40.714736 -73.933252 40.741062
-73.987524 40.712581 -73.965539 40.753035
-73.923721 40.748688 -73.968745 40.753472
-73.977689 40.753936 -73.995774 40.723927
-74.00029 40.75477 -74.009673 40.711158
-73.97682 40.717736 -73.919543 40.797541
-73.975777 40.758801 -74.014282 40.716257
-73.963236 40.798301 -73.96174 40.760564
-73.952637 40.779266 -74.014971 40.728639
-73.951391 40.803664 -73.987853 40.764913
-73.950712 40.787951 -73.995933 40.7281
-73.986717 40.715331 -73.988174 40.745974
-73.968101 40.773168 -73.997344 40.761766
-74.008239 40.713968 -73.978621 40.760684
-73.937922 40.75526 -73.973581 40.756913
-73.962403 40.768478 -74.007062 40.705456
-74.005161 40.733181 -73.949036 40.784048
-73.970699 40.798765 -73.963849 40.767177
-73.993599 40.720719 -73.976773 40.751276
-73.981285 40.747438 -74.014131 40.703938
-74.012253 40.718922 -73.99033 40.757745
-73.970464 40.767978 -74.001438 40.717157
-73.988475 40.735039 -73.958032 40.763986
-73.976279 40.753226 -74.004624 40.723507
-73.965303 40.742516 -73.955126 40.784378
-73.987562 40.729748 -73.960917 40.766779
-74.001101 40.724625 -73.986374 40.747603
-73.976511 40.751891 -74.004619 40.713635
-73.980571 40.754979 -74.011596 40.716981
-73.961303 40.782794 -73.972862 40.753979
-73.975234 40.737858 -73.961151 40.76642
-74.004294 40.736838 -73.973059 40.750926
-73.94272 40.770871 -73.962875 40.757331
-73.959913 40.805056 -73.952064 40.770018
-74.007593 40.734567 -73.999235 40.773466
-73.997652 40.762652 -73.947692 40.7853
-73.94656 40.793198 -73.963557 40.762969
-73.96713 40.806622 -73.975593 40.764904
-73.953622 40.802233 -73.956477 40.777206
-73.942731 40.800206 -73.971486 40.768094
-74.016471 40.712186 -73.99844 40.749532
-73.974201 40.746227 -73.99321 40.719877
-73.960517 40.787069 -73.997428 40.75314
-73.954455 40.782432 -73.984722 40.765645
-73.987728 40.709008 -74.004371 40.748637
-73.98421 40.777047 -73.968816 40.807717
-73.959843 40.764599 -73.991369 40.735242
-73.978889 40.786113 -73.999122 40.757923
-73.994402 40.75147 -74.012498 40.711722
-73.994696 40.736015 -73.97884 40.765639
-73.981932 40.721744 -73.951812 40.775141
-73.979967 40.750256 -74.001367 40.72169
-73.934878 40.797503 -73.994935 40.740286
-73.987376 40.786672 -73.960682 40.76217
-73.94416 40.807283 -73.988374 40.772924
-74.006659 40.75312 -74.010466 40.718192
-73.969528 40.751774 -73.957023 40.786062
-73.977592 40.786588 -73.997029 40.747135
-74.007918 40.73699 -73.968463 40.758694
-73.98536 40.708825 -74.005791 40.74218
-73.993777 40.737304 -73.972158 40.764967
-73.965668 40.793663 -74.014141 40.728935
-73.93446 40.758478 -73.995796 40.716571
-73.998946 40.73209 -73.973994 40.765869
-73.941935 40.758661 -73.976744 40.753548
-73.945597 40.781818 -73.97202 40.750613
-73.967427 40.765867 -73.976963 40.795378
-73.986205 40.719209 -73.944837 40.709564
-73.987034 40.735857 -73.962914 40.76086
-73.971936 40.778944 -74.003803 40.744546
-73.988987 40.714915 -73.966752 40.756186
-73.944888 40.75222 -73.936615 40.789814
-73.918764 40.771716 -73.971684 40.760948
-73.998226 40.754962 -74.015813 40.707381
-73.949372 40.777884 -73.941412 40.807948
-73.954603 40.789149 -73.974977 40.752609
-73.971467 40.797023 -73.98899 40.765103
-74.008714 40.7369 -73.979915 40.758087
-73.935998 40.755669 -73.97631 40.757904
-73.977825 40.751868 -74.002488 40.743102
-74.008488 40.719748 -73.958658 40.704854
-73.950495 40.782574 -73.968731 40.758155
-73.953807 40.802 -73.989566 40.760514
-73.922503 40.743455 -73.984358 40.760024
-73.988679 40.75264 -73.961818 40.784104
-73.994846 40.752675 -73.95064 40.782723
-74.006493 40.74532 -74.015647 40.718773
-73.974446 40.769187 -73.957152 40.78274
-74.004645 40.733641 -73.984382 40.764221
-73.95951 40.767821 -73.988459 40.744174
-73.963672 40.784905 -73.975032 40.757498
-73.974524 40.766235 -74.002128 40.756523
-73.981831 40.72605 -73.96885 40.755971
-74.003183 40.733593 -73.978436 40.753682
-73.978561 40.758122 -74.012154 40.709516
-73.989207 40.736546 -73.973425 40.759642
-73.964216 40.768942 -74.012779 40.709942
-73.964655 40.76463 -74.006922 40.737292
-73.995631 40.74977 -74.000852 40.72003
-73.987067 40.759411 -74.001734 40.710927
-73.944728 40.786859 -73.965649 40.756979
-73.945047 40.783964 -73.989588 40.721421
-73.933559 40.789235 -73.986652 40.732224
-74.011971 40.70504 -73.9932 40.761306
-73.916888 40.745229 -73.986949 40.765625
-73.98362 40.740783 -74.009905 40.719434
-73.965536 40.795571 -73.977803 40.763751
-73.982819 40.723833 -73.957173 40.762723
-73.948025 40.758555 -73.935226 40.7978
-73.938066 40.795301 -73.992548 40.741819
-73.983583 40.739197 -73.958157 40.76803
-74.008712 40.758474 -74.016005 40.705163
-74.002238 40.765697 -73.980029 40.784647
-73.975332 40.78481 -73.995037 40.751755
-73.955954 40.763257 -73.940438 40.805308
-73.987624 40.768148 -74.01374 40.716406
-73.982803 40.726409 -73.947652 40.71677
-73.927571 40.787444 -73.965067 40.782716
-73.925647 40.770158 -73.994023 40.726532
-73.990265 40.701252 -73.971324 40.774138
-73.949774 40.711389 -73.930434 40.748991
-73.992465 40.73701 -73.95871 40.768725
-73.974375 40.749365 -74.009982 40.728136
-73.990034 40.74568 -74.009068 40.715115
-74.010023 40.721667 -73.992087 40.759446
-74.017742 40.71742 -73.986827 40.76047
-74.006308 40.732748 -73.978901 40.759034
-73.994114 40.744488 -74.012912 40.716917
-74.002311 40.747258 -73.979673 40.782651
-73.926547 40.77046 -73.998731 40.729885
-73.984101 40.748841 -73.956314 40.761256
-73.969463 40.775392 -73.998959 40.751703
-74.005946 40.741287 -73.967364 40.762097
-73.934752 40.770021 -73.97146 40.750489
-73.961157 40.7599 -73.998038 40.75766
-73.982652 40.784357 -74.004666 40.751243
-73.997669 40.763563 -73.935862 40.793645
-73.94529 40.774049 -73.989443 40.739929
-73.953258 40.754847 -74.015081 40.704276
-73.964716 40.768156 -73.94185 40.806055
-73.990576 40.763325 -73.945492 40.779641
-74.011183 40.714837 -73.996635 40.75871
-73.976597 40.741537 -73.999969 40.714912
-73.919544 40.764614 -73.997981 40.72738
-73.959168 40.763065 -74.005855 40.738932
-73.95082 40.753156 -73.937154 40.791962
-73.944749 40.805379 -73.987787 40.777321
-74.005519 40.713464 -73.963152 40.75187
-73.958519 40.760836 -73.984128 40.741512
-74.006122 40.733208 -73.980838 40.755042
-73.921399 40.764544 -73.995126 40.724004
-73.996817 40.772089 -74.005273 40.727606
-73.948311 40.777868 -73.990076 40.721883
-73.917927 40.747315 -73.985638 40.761333
-73.992227 40.7226 -73.966295 40.767082
-73.975999 40.761624 -74.00637 40.750435
-73.929823 40.750857 -73.996661 40.71647
-73.990041 40.726362 -73.972577 40.751951
-73.92837 40.755854 -73.99553 40.715124
-74.005778 40.702107 -73.99219 40.742636
-73.987839 40.726011 -74.010213 40.708919
-73.995855 40.746583 -73.969729 40.771319
-73.979791 40.747835 -74.01099 40.723203
-73.950327 40.76968 -74.002159 40.706306
-73.929622 40.775831 -73.990623 40.722623
-73.978119 40.759388 -74.006571 40.759166
-73.963516 40.777547 -73.991662 40.754465
-73.991628 40.754016 -73.961806 40.801513
-74.016075 40.715515 -73.999235 40.734739
-73.987841 40.740218 -74.015892 40.715036
-73.991986 40.753013 -73.957002 40.785771
-74.016433 40.726961 -73.997198 40.752791
-73.991197 40.751416 -73.949696 40.783246
-73.922877 40.770538 -73.964616 40.7661
-73.973916 40.754526 -74.002922 40.74796
-73.960473 40.7656 -73.927023 40.789405
-73.94782 40.771644 -73.992204 40.748795
-73.991494 40.759234 -74.00391 40.716313
-73.973489 40.735235 -74.016424 40.733229
-73.972656 40.750637 -73.957064 40.785792
-73.960027 40.77021 -73.983412 40.773594
-73.973994 40.769045 -73.935821 40.748075
-74.005566 40.733102 -73.988584 40.761462
-73.992616 40.743972 -74.015959 40.719443
-73.994674 40.754065 -74.00007 40.701963
-73.947211 40.780843 -73.966532 40.754589
-73.96826 40.790882 -73.942126 40.800721
-74.009424 40.701144 -73.975182 40.750847
-73.953039 40.797412 -73.972986 40.776654
-73.996339 40.720856 -73.980334 40.749978
-73.951545 40.774405 -73.979101 40.793048
-73.960574 40.803814 -73.987605 40.754782
-73.984455 40.734785 -73.957044 40.77696
-74.016325 40.716911 -73.99153 40.750255
-73.974657 40.751864 -73.999903 40.709557
-73.990965 40.721651 -73.953842 40.762472
-73.993412 40.736309 -74.017156 40.702223
-73.987127 40.716758 -73.974856 40.750841
-73.984165 40.743558 -74.005283 40.72623
-73.99009 40.743646 -74.008236 40.708344
-73.975289 40.763572 -73.944411 40.783703
-73.987318 40.742414 -74.008828 40.719269
-74.00453 40.740578 -74.016622 40.710953
-73.976462 40.711931 -73.993331 40.749548
-73.936283 40.790913 -73.992559 40.748958
-73.991657 40.7389 -73.988964 40.76879
-73.963065 40.747327 -74.004456 40.705619
-73.952126 40.774326 -73.991569 40.759274
-73.940788 40.79748 -73.986182 40.772635
-74.01245 40.712447 -73.999143 40.752232
-74.000831 40.708893 -73.975466 40.754011
-73.962332 40.751061 -73.956735 40.782397
-73.976222 40.742925 -74.010366 40.701256
-73.952089 40.78194 -73.972942 40.749942
-73.97315 40.769019 -73.947818 40.793519
-73.965142 40.760261 -73.963413 40.804162
-74.009998 40.717084 -73.978617 40.753938
-74.011538 40.701199 -73.984896 40.74713
-73.985013 40.713694 -73.951232 40.702842
-73.975437 40.747589 -74.002887 40.704059
-73.945726 40.784435 -73.963113 40.753444
-73.986783 40.729975 -73.958919 40.76421
-73.975454 40.750308 -74.000224 40.742015
-73.952626 40.770578 -73.971812 40.756358
-73.941975 40.769391 -73.970949 40.750052
-74.007737 40.745857 -73.979289 40.750584
-73.95884 40.777291 -73.998205 40.704883
-74.003807 40.734922 -73.976695 40.753716
-73.997351 40.715112 -73.96889 40.718416
-73.972533 40.753223 -74.015342 40.716937
-73.994783 40.755862 -74.004807 40.72977
-73.939543 40.755226 -73.973897 40.750999
-73.976189 40.779053 -74.004283 40.746145
-73.967706 40.795642 -73.954563 40.762673
-74.004199 40.733684 -73.943859 40.785921
-73.966265 40.773684 -73.990311 40.769029
-73.964306 40.798593 -73.981365 40.760684
-73.954447 40.750728 -74.010236 40.700887
-73.986682 40.7745 -73.994243 40.743568
-73.964023 40.78564 -73.923 40.798303
-74.013049 40.711878 -73.990018 40.775212
-73.931037 40.778251 -73.997912 40.723448
-73.991555 40.765348 -73.94973 40.784068
-73.936598 40.80749 -73.959172 40.781078
-73.983071 40.7837 -73.987229 40.733711
-73.969201 40.764403 -74.011564 40.704351
-74.017519 40.708551 -73.98087 40.749374
-73.9696 40.769275 -74.00444 40.714611
-73.986471 40.768121 -74.016041 40.714982
-73.949055 40.803987 -73.989215 40.760948
-73.934866 40.772753 -73.97036 40.75303
-73.949217 40.776131 -73.984784 40.774685
-73.975408 40.753554 -73.999402 40.723205
-73.960227 40.792051 -73.980158 40.768902
-73.977697 40.736129 -73.960717 40.779116
-73.997125 40.72155 -73.985694 40.756432
-73.95196 40.786662 -74.001764 40.713519
-74.003664 40.745484 -73.975031 40.714339
-73.965535 40.746973 -73.957452 40.780566
-73.977305 40.756105 -73.956278 40.787556
-73.974888 40.757866 -74.000421 40.716817
-73.95447 40.807715 -73.982685 40.768172
-73.986095 40.77208 -73.962863 40.791975
-73.961835 40.769312 -74.004844 40.704799
-74.006619 40.735262 -73.98309 40.768136
-73.996998 40.73592 -73.965894 40.762666
-74.003975 40.736188 -73.965284 40.743054
-73.990802 40.712254 -73.978064 40.740485
-73.987336 40.777238 -73.956123 40.804744
-73.950633 40.77723 -73.980414 40.753159
-73.955381 40.766108 -73.955854 40.807537
-73.987851 40.762969 -74.012066 40.714059
-73.970927 40.7711 -73.995785 40.749889
-73.977006 40.765757 -73.996879 40.71125
-73.972488 40.752147 -74.00694 40.74708
-74.001201 40.720177 -73.982968 40.756803
-74.004333 40.739623 -73.98087 40.758285
-73.985822 40.741039 -74.01022 40.706419
-73.984428 40.709494 -74.007233 40.749455
-73.995641 40.737339 -73.956028 40.764532
-73.986647 40.746441 -73.954623 40.786801
-74.013447 40.704286 -73.98795 40.7372
-74.000302 40.732365 -73.975971 40.768492
-73.989037 40.703195 -73.968237 40.775554
-73.989292 40.746439 -74.000093 40.705123
-73.947871 40.779661 -73.967753 40.757537
-73.975571 40.768092 -73.991619 40.722734
-73.94958 40.773256 -74.00836 40.744181
-73.971584 40.782556 -73.987278 40.759055
-74.003517 40.714071 -73.954587 40.700727
-73.984777 40.778168 -73.994269 40.743491
-73.972041 40.715069 -74.004284 40.700481
-73.945476 40.778983 -73.978891 40.756428
-73.979037 40.748793 -73.999711 40.72236
-73.923177 40.762142 -73.990959 40.72247
-73.935906 40.77332 -73.984772 40.763996
-73.963384 40.800274 -73.986914 40.759322
-73.995445 40.745266 -73.953252 40.765551
-73.952656 40.797513 -73.969961 40.766649
-73.963804 40.768088 -74.008463 40.767268
-73.991202 40.724904 -73.983332 40.777699
-73.91837 40.755105 -73.956249 40.721151
-73.961399 40.775259 -73.981324 40.743405
-73.944516 40.769913 -74.011618 40.708163
-74.014185 40.71607 -73.977465 40.757691
-73.973464 40.783713 -73.992578 40.754741
-73.972098 40.754052 -73.961401 40.783308
-73.961852 40.780028 -73.978292 40.748873
-73.990434 40.767913 -73.995147 40.728795
-73.955749 40.753234 -73.959779 40.780503
-73.950582 40.805891 -73.988969 40.7634
-73.984913 40.767372 -74.014425 40.712591
-73.951674 40.750684 -73.94113 40.789965
-73.964203 40.762216 -74.005114 40.709964
-73.983004 40.723016 -74.012698 40.704046
-73.982705 40.719471 -73.945259 40.70296
-73.954893 40.764785 -74.000035 40.705602
-73.997425 40.720468 -73.981694 40.775652
-73.989376 40.774825 -73.977087 40.744532
-73.966957 40.758489 -74.00287 40.718359
-73.948062 40.786709 -73.975354 40.740846
-73.935824 40.774337 -73.967611 40.758365
-73.953145 40.766592 -73.990203 40.744585
-73.993191 40.732482 -73.962105 40.768737
-73.946121 40.785885 -73.962921 40.751364
-73.959246 40.766092 -73.983866 40.746931
-73.95387 40.758628 -73.998478 40.748619
-73.952083 40.787467 -73.985958 40.764838
-73.982103 40.74345 -73.9539 40.780734
-73.970242 40.800061 -73.992361 40.763328
-73.91805 40.778414 -73.962884 40.763915
-73.996407 40.734333 -73.954321 40.765111
-74.01355 40.704404 -73.996228 40.74618
-73.944321 40.78532 -74.00879 40.704401
-73.958364 40.75465 -73.991882 40.736939
-73.997427 40.75506 -74.016132 40.704434
-73.949916 40.7977 -73.973531 40.77309
-73.981009 40.714995 -73.970046 40.753272
-73.952653 40.781331 -73.985809 40.760785
-73.964721 40.747746 -74.004586 40.700629
-73.953737 40.764114 -73.95823 40.804384
-73.962864 40.789231 -73.996934 40.757748
-73.983925 40.713944 -73.965324 40.7508
-73.988221 40.758574 -74.013843 40.709216
-73.945095 40.771079 -73.972265 40.755101
-73.980249 40.734774 -74.006758 40.743566
-73.984817 40.726248 -74.01261 40.704208
-73.936311 40.770976 -73.965417 40.751462
-73.947771 40.756652 -73.940046 40.789407
-73.956834 40.783262 -73.973429 40.756863
-73.971466 40.797737 -74.003975 40.74466
-73.985513 40.785867 -74.006937 40.754916
-73.959181 40.777311 -73.99774 40.757826
-73.980878 40.725971 -73.94979 40.775122
-73.979791 40.753604 -74.013445 40.701656
-73.95507 40.7649 -74.000473 40.70645
-73.998473 40.75077 -73.958382 40.804516
-74.012486 40.710686 -73.980105 40.760409
-73.916579 40.740232 -73.960542 40.761987
-73.985724 40.786463 -73.993463 40.741168
-73.964821 40.767263 -73.983131 40.751238
-73.999255 40.743209 -73.968626 40.752499
-73.930216 40.774642 -73.992396 40.725135
-73.99223 40.75451 -74.010516 40.709716
-73.977051 40.734996 -73.970681 40.778923
-74.007959 40.72095 -73.983964 40.755464
-73.933955 40.768277 -73.972982 40.758882
-73.941742 40.807079 -73.956651 40.764212
-73.996107 40.701341 -73.969734 40.752248
-73.953061 40.758811 -73.936047 40.796759
-73.97691 40.762198 -73.947421 40.715744
-73.95397 40.744184 -73.985115 40.742497
-73.960286 40.771646 -74.008296 40.754315
-73.994428 40.758177 -74.015413 40.711852
-73.990479 40.739725 -73.967695 40.757377
-73.964835 40.767726 -74.013442 40.718429
-73.974717 40.714482 -73.916259 40.792522
-73.959476 40.798341 -73.962844 40.765507
-73.963605 40.749818 -73.96622 40.798785
-73.994975 40.719686 -73.996463 40.755968
-73.933644 40.764383 -73.958035 40.745852
