-73.944317 40.790568 -73.969328 40.768987
-73.979607 40.75583 -73.991065 40.721568
-73.938516 40.773781 -73.964649 40.753914
-73.974515 40.746008 -74.018097 40.715695
-74.002033 40.767152 -74.017581 40.713416
-73.953117 40.804471 -73.988199 40.752856
-73.972248 40.749256 -74.016315 40.70404
-74.004532 40.756735 -73.983046 40.787424
-73.963951 40.80492 -73.938784 40.756037
-73.918271 40.753884 -73.953321 40.728964
-74.001576 40.768042 -74.012832 40.719032
-73.955089 40.76035 -73.98133 40.745993
-74.000749 40.763869 -73.97014 40.804912
-73.936347 40.772032 -73.968673 40.750931
-73.945692 40.767649 -73.985286 40.723789
-73.98235 40.731867 -73.954897 40.755826
-73.93412 40.762957 -73.982913 40.748226
-73.98977 40.74165 -73.966447 40.77002
-73.946192 40.769512 -73.992324 40.746419
-73.920795 40.758509 -73.956513 40.727127
-73.966475 40.785587 -73.979466 40.75629
-73.963503 40.751357 -73.99877 40.734105
-73.932472 40.79506 -73.988572 40.735623
-73.972922 40.744736 -74.002699 40.72502
-73.952053 40.796814 -73.983318 40.775196
-73.995806 40.72974 -73.973845 40.753108
-73.959957 40.805857 -73.989362 40.772826
-73.918215 40.749319 -73.969865 40.767751
-74.000055 40.741745 -73.963795 40.765226
-73.986217 40.774896 -74.009355 40.719937
-73.93835 40.773375 -73.967509 40.750547
-73.959166 40.791857 -73.973446 40.765644
-73.977459 40.71484 -73.918205 40.792236
-73.980796 40.744537 -73.943505 40.806548
-73.993975 40.715868 -73.953585 40.719466
-73.990958 40.753225 -74.015919 40.719133
-73.923309 40.755249 -73.955917 40.724136
-73.987679 40.763804 -73.937081 40.743461
-73.972977 40.718069 -73.918592 40.79883
-73.979611 40.756143 -73.953655 40.781679
-73.945569 40.795597 -73.972679 40.778259
-73.985681 40.728049 -74.016366 40.70525
-73.949512 40.803705 -73.98149 40.760271
-73.998834 40.709454 -73.970938 40.754627
-73.944854 40.715734 -73.934131 40.74771
-73.975901 40.764512 -73.991673 40.718662
-73.936845 40.754236 -73.977367 40.754259
-74.003217 40.762023 -73.972415 40.783231
-73.971863 40.762867 -73.951289 40.79201
-73.978157 40.716052 -73.915948 40.792184
-73.999114 40.71181 -74.002665 40.753529
-73.94579 40.71512 -73.927986 40.741715
-73.957694 40.762142 -73.98428 40.747021
-73.975805 40.755553 -74.003816 40.701256
-73.931033 40.777881 -73.991391 40.720558
-73.98066 40.770677 -73.960761 40.798957
-73.980123 40.77363 -74.006934 40.74902
-74.000432 40.723013 -73.984737 40.752768
-73.94416 40.776804 -73.971431 40.751444
-74.010228 40.725518 -73.972501 40.751084
-74.016967 40.705778 -73.981111 40.718379
-73.972654 40.743462 -74.010083 40.706361
-73.933765 40.753425 -73.995906 40.720071
-73.985722 40.712485 -73.98328 40.74584
-73.921211 40.740646 -73.984193 40.748514
-73.975304 40.790108 -73.933528 40.792476
-73.954924 40.76701 -73.998093 40.752967
-73.97914 40.741432 -74.005056 40.726365
-73.983586 40.772252 -74.000559 40.710621
-73.986797 40.766876 -74.015382 40.716235
-73.986132 40.724513 -73.950203 40.772158
-74.008127 40.720195 -73.994884 40.752538
-73.981348 40.774656 -73.993076 40.740365
-73.973217 40.77142 -73.992174 40.746237
-73.984597 40.740064 -73.953148 40.766933
-74.005926 40.750053 -74.012549 40.718356
-73.987013 40.746922 -74.004028 40.701332
-73.980646 40.744754 -73.945004 40.769905
-73.930745 40.775406 -73.995628 40.723082
-73.978915 40.760513 -74.007953 40.712501
-73.924299 40.75072 -73.955128 40.724718
-73.993483 40.73835 -73.963688 40.762633
-73.975577 40.774561 -74.006691 40.761664
-74.007801 40.704284 -73.993607 40.745858
-73.925739 40.792052 -73.982195 40.732294
-74.015324 40.710157 -73.963637 40.756718
-74.005645 40.747163 -73.98993 40.723733
-73.977518 40.712431 -73.995712 40.745731
-73.982193 40.770123 -73.955282 40.80216
-74.004641 40.76687 -73.968519 40.762903
-73.947582 40.717724 -73.92819 40.743069
-73.921313 40.757539 -73.955285 40.728025
-73.963718 40.793344 -74.002475 40.729558
-73.980417 40.76545 -73.997297 40.722711
-73.993451 40.737905 -73.979875 40.764054
-73.993539 40.776599 -74.012535 40.724418
-73.987346 40.724269 -73.971622 40.755166
-73.976624 40.784936 -73.999032 40.758166
-73.988642 40.750826 -74.015681 40.702506
-74.004617 40.758966 -73.961329 40.766479
-74.015982 40.708589 -73.973099 40.730363
-73.945747 40.798705 -73.990241 40.774122
-73.967488 40.777608 -73.997926 40.757461
-73.996473 40.729333 -73.968721 40.766819
-73.996079 40.746215 -74.011297 40.713916
-73.989721 40.720219 -73.96965 40.756155
-73.916511 40.766322 -73.996556 40.726425
-73.965037 40.798439 -73.965925 40.761869
-73.981199 40.74251 -74.017131 40.717928
-73.945096 40.783341 -73.986706 40.768952
-73.919973 40.764204 -73.99192 40.72779
-73.983772 40.723036 -73.962903 40.766913
-73.943719 40.702404 -73.968654 40.756763
-73.988986 40.775341 -73.976092 40.747208
-73.94816 40.796928 -73.985326 40.771638
-73.990312 40.707672 -73.96333 40.752953
-73.936077 40.704989 -73.962729 40.757604
-73.95936 40.768901 -73.936891 40.808459
-73.983762 40.749609 -74.014517 40.701501
-73.994702 40.750823 -74.015784 40.704586
-73.979945 40.762111 -73.96625 40.806548
-73.964398 40.760184 -74.012906 40.704902
-73.986754 40.772698 -73.979362 40.743152
-73.959942 40.802218 -73.985372 40.765848
-73.938315 40.758142 -73.945817 40.784943
-73.985394 40.758455 -74.003437 40.712403
-73.962324 40.75952 -74.005178 40.707706
-73.981014 40.760213 -73.950159 40.771957
-73.99789 40.717343 -73.980441 40.760739
-73.926326 40.758771 -73.998165 40.711612
-73.990649 40.738876 -73.989638 40.70431
-73.925414 40.784759 -73.969934 40.78122
-73.969413 40.77694 -73.991708 40.757971
-73.931762 40.7708 -73.995816 40.722585
-73.952647 40.796088 -73.968783 40.767724
-73.953317 40.791822 -73.978746 40.768861
-73.982085 40.786195 -73.953473 40.793659
-73.946389 40.781622 -73.99419 40.735008
-73.971097 40.794133 -74.014653 40.723271
-73.920655 40.770875 -73.967669 40.767088
-73.974891 40.743535 -74.013725 40.701193
-73.976353 40.745665 -74.003885 40.703095
-73.976312 40.752468 -74.015676 40.719911
-73.962016 40.762421 -73.993132 40.73163
-73.989312 40.751113 -74.011991 40.715366
-73.91796 40.764505 -73.991165 40.722647
-73.993845 40.743467 -74.011247 40.711534
-73.964639 40.779275 -73.987807 40.757736
-73.979318 40.740773 -74.008092 40.721572
-73.983165 40.706499 -73.999625 40.747478
-73.979681 40.71874 -74.006765 40.702664
-73.978645 40.744078 -74.012443 40.700784
-73.964231 40.751721 -73.981815 40.70687
-73.919798 40.763052 -73.997654 40.72903
-73.972651 40.756575 -74.007439 40.72003
-73.959794 40.76756 -73.973095 40.790046
-73.995237 40.737642 -73.966215 40.752417
-73.923101 40.751762 -73.955756 40.722971
-73.964711 40.797938 -73.942038 40.800516
-73.989999 40.763724 -73.963501 40.799665
-73.991341 40.701477 -73.96698 40.757453
-73.974077 40.742381 -74.012427 40.719356
-73.972083 40.740318 -73.948502 40.772311
-73.972354 40.768607 -73.94914 40.795088
-73.932322 40.77492 -73.99602 40.72046
-73.963422 40.790277 -73.989277 40.761935
-73.974585 40.750482 -73.998136 40.723828
-73.94218 40.701395 -73.963796 40.754341
-73.992547 40.705669 -73.970631 40.753342
-73.947978 40.784991 -73.96858 40.741462
-74.009377 40.700928 -73.9913 40.735149
-73.96293 40.777819 -73.990843 40.760245
-74.000028 40.761078 -73.95913 40.787966
-73.940891 40.753514 -73.951041 40.782973
-73.974666 40.7518 -73.990481 40.727347
-74.018117 40.72754 -73.995509 40.745238
-73.91795 40.776681 -73.963281 40.763454
-73.989575 40.758335 -74.016569 40.703911
-74.004879 40.748203 -73.980225 40.710699
-73.987169 40.765725 -74.017506 40.708087
-73.952663 40.712713 -73.932814 40.741233
-73.973682 40.750079 -73.954908 40.784214
-73.955568 40.765967 -74.00572 40.705705
-73.981425 40.724884 -73.972613 40.750401
-73.928336 40.798752 -73.985916 40.738594
-73.977744 40.759638 -73.945419 40.794852
-73.992352 40.736197 -73.97551 40.766692
-73.957122 40.794957 -73.977283 40.760268
-73.983235 40.752977 -74.01793 40.70501
-73.980177 40.740072 -73.996985 40.728993
-74.006564 40.761931 -73.972827 40.784288
-73.934879 40.774206 -73.970846 40.74991
-73.923639 40.74769 -73.969193 40.768802
-73.99041 40.717214 -73.98985 40.744259
-73.960256 40.802737 -73.979597 40.749705
-73.952037 40.783613 -73.971142 40.753053
-73.984661 40.729723 -74.014672 40.705923
-73.918246 40.773012 -73.970373 40.763351
-73.981961 40.777701 -73.970793 40.800114
-73.9841 40.781739 -74.00266 40.755226
-73.922165 40.775248 -73.963802 40.763178
-74.017905 40.701612 -74.006809 40.753068
-73.983744 40.724472 -74.015833 40.703577
-73.973768 40.78535 -73.995966 40.756364
-73.95343 40.773291 -74.001984 40.703562
-73.981791 40.718432 -73.967801 40.753472
-73.971466 40.797321 -73.998245 40.756539
-73.988278 40.758863 -74.005657 40.72868
-73.961372 40.74324 -73.983915 40.742655
-73.985628 40.760632 -74.001298 40.72632
-73.961805 40.778595 -73.994998 40.755807
-73.9753 40.735493 -73.956919 40.760891
-73.92568 40.798552 -73.98896 40.735531
-74.006045 40.764589 -73.97572 40.786593
-73.986313 40.758768 -73.959374 40.78705
-73.945878 40.798133 -73.978615 40.777153
-73.984987 40.767949 -74.004182 40.726944
-73.995132 40.738632 -73.959535 40.765377
-73.99022 40.765708 -74.001832 40.747879
-73.95579 40.797837 -73.969976 40.768
-73.946029 40.785062 -73.999049 40.747232
-73.996929 40.736669 -73.988533 40.766111
-73.957413 40.775824 -73.999547 40.769084
-74.009468 40.703995 -73.982908 40.745786
-73.959464 40.761983 -74.013768 40.704869
-73.956517 40.762977 -73.992601 40.754578
-73.984261 40.732266 -73.967295 40.761496
-73.954343 40.749695 -73.955031 40.783018
-73.982349 40.765431 -73.955659 40.76481
-73.989239 40.72915 -73.978234 40.754359
-73.978324 40.743181 -74.006757 40.701892
-73.997368 40.730468 -73.976119 40.751185
-73.982996 40.779071 -73.965164 40.802425
-73.982571 40.728775 -74.011546 40.708774
-73.990238 40.754369 -74.006946 40.723353
-73.937807 40.774631 -73.965791 40.75383
-73.931239 40.75572 -73.995455 40.717682
-74.011018 40.703467 -73.979668 40.743018
-73.985001 40.78643 -74.004918 40.757271
-73.980682 40.754984 -73.953778 40.781901
-73.999465 40.709522 -73.963371 40.753939
-73.947801 40.773934 -73.985559 40.747766
-73.951639 40.783642 -73.98457 40.761986
-73.986523 40.710559 -73.978944 40.751592
-73.977488 40.765081 -74.00723 40.735761
-73.917851 40.762266 -73.994409 40.723415
-73.981701 40.744739 -74.005239 40.700654
-73.98899 40.768996 -73.976346 40.791744
-74.006546 40.735984 -73.989428 40.767315
-73.93641 40.79026 -73.983587 40.771499
-73.945031 40.716754 -73.92765 40.74508
-73.95306 40.780153 -73.985759 40.764116
-73.990025 40.785917 -73.99446 40.741527
-73.972063 40.75764 -74.009372 40.701752
-73.954105 40.775109 -73.934787 40.80529
-73.926603 40.779464 -73.96572 40.781317
-73.973163 40.74502 -74.002378 40.724852
-73.935853 40.707398 -73.969801 40.755817
-73.979332 40.734567 -74.011725 40.716234
-73.984121 40.703316 -73.967262 40.775899
-73.921813 40.753887 -73.955941 40.723791
-73.989914 40.723569 -74.012123 40.702646
-73.94437 40.801295 -73.989607 40.774593
-73.973904 40.769108 -73.994142 40.718911
-74.008633 40.703178 -73.989439 40.757693
-73.9611 40.777205 -73.986686 40.75176
-74.006656 40.701745 -73.973946 40.751991
-74.004919 40.748363 -73.97751 40.71372
-73.981961 40.780012 -73.957543 40.793257
-73.988212 40.754635 -74.01075 40.701581
-73.919878 40.742251 -73.97104 40.763316
-73.925848 40.777208 -73.998535 40.721981
-73.989934 40.712387 -73.96731 40.752537
-73.923934 40.775065 -73.964657 40.762875
-73.937427 40.804763 -73.967705 40.762211
-74.010807 40.709728 -73.981684 40.730939
-73.969133 40.808021 -73.988575 40.765721
-73.966215 40.805655 -73.965796 40.755103
-73.984304 40.722207 -74.009031 40.701785
-73.997868 40.776037 -74.014007 40.725056
-74.004484 40.747747 -73.976125 40.711354
-73.980816 40.768806 -73.96183 40.782043
-73.919938 40.772284 -73.969434 40.764125
-73.972496 40.757057 -74.000054 40.702832
-74.001609 40.725206 -73.982927 40.75608
-73.982171 40.725816 -74.004532 40.76659
-73.98158 40.763791 -74.015922 40.702576
-73.982423 40.76684 -73.950701 40.796271
-73.916264 40.746087 -73.983793 40.761382
-73.957446 40.776487 -73.990327 40.731116
-73.982076 40.722573 -74.017957 40.708965
-73.964357 40.795637 -73.993536 40.757445
-73.983234 40.721756 -73.953105 40.775365
-73.969481 40.796176 -73.964725 40.762922
-74.001118 40.733743 -73.983547 40.764171
-73.945404 40.796233 -73.97549 40.770636
-73.965564 40.80733 -73.982172 40.778572
-73.979813 40.758632 -74.003451 40.711892
-73.974692 40.75102 -73.995463 40.720891
-74.015753 40.70764 -73.979614 40.739986
-73.986849 40.740741 -74.004381 40.716369
-73.952951 40.803903 -73.987965 40.771536
-74.006192 40.762682 -74.016006 40.711441
-73.975752 40.715958 -73.996506 40.747051
-73.983243 40.762203 -73.960668 40.781294
-73.981435 40.762875 -73.971465 40.793909
-73.957905 40.808445 -73.95547 40.77759
-73.946073 40.787603 -73.997449 40.755555
-73.997886 40.704195 -73.965423 40.755133
-74.000478 40.723506 -73.988197 40.755892
-73.996412 40.757602 -74.004551 40.71115
-74.01158 40.706693 -73.995526 40.765487
-73.974345 40.726413 -74.003657 40.706071
-73.973297 40.714045 -74.002324 40.706587
-73.99124 40.7507 -73.956618 40.79888
-73.98286 40.776561 -74.00233 40.715425
-74.010554 40.701943 -74.006469 40.745198
-73.959428 40.797312 -73.973239 40.761242
-73.978701 40.747092 -73.940478 40.80118
-73.956803 40.782282 -73.980715 40.751602
-73.957035 40.802304 -73.989673 40.759979
-73.926103 40.769698 -73.997072 40.727538
-73.995332 40.702874 -73.966657 40.75028
-73.922127 40.752567 -73.962061 40.720667
-73.967865 40.779137 -73.982567 40.749657
-73.999525 40.702501 -73.964516 40.758116
-74.008192 40.723945 -73.983955 40.754075
-74.008841 40.712442 -73.991372 40.756221
-73.990479 40.709404 -73.96552 40.759342
-73.973254 40.742291 -74.009464 40.708541
-73.97872 40.781864 -73.996322 40.7405
-73.980454 40.717558 -74.017345 40.70851
-74.004624 40.700911 -73.973718 40.756977
-74.003506 40.732558 -73.972313 40.750926
-73.98798 40.776581 -73.993984 40.748253
-73.965874 40.782088 -73.986189 40.756871
-73.98795 40.756517 -73.994586 40.719757
-73.997331 40.740385 -73.964745 40.764965
-73.993553 40.711363 -73.988838 40.739942
-74.016916 40.704557 -74.00436 40.748549
-73.949597 40.796479 -73.977892 40.778898
-73.933 40.777265 -73.991258 40.728738
-73.982002 40.71986 -73.985642 40.746953
-73.998139 40.743604 -74.000251 40.701707
-73.932396 40.766724 -73.966228 40.762081
-73.982278 40.773721 -73.951309 40.781114
-73.979845 40.753013 -74.004656 40.713073
-73.948023 40.771535 -73.979722 40.725028
-73.966499 40.799058 -73.983118 40.763086
-73.944524 40.782527 -73.978527 40.775638
-73.996338 40.754481 -74.001123 40.715311
-74.001726 40.729493 -73.977461 40.751455
-73.962942 40.778841 -73.982985 40.731096
-73.956232 40.747476 -73.98173 40.743086
-73.981129 40.730222 -74.011602 40.707783
-74.001324 40.760421 -73.980405 40.784351
-73.98885 40.70189 -73.970412 40.771315
-73.953641 40.754168 -73.99493 40.739788
-73.987191 40.741863 -74.014408 40.714475
-74.00379 40.746306 -74.004272 40.701574
-73.949094 40.78345 -73.974568 40.755849
-73.941809 40.794994 -73.980109 40.781298
-73.971688 40.750783 -74.010403 40.703348
-73.991121 40.767639 -73.955861 40.808158
-73.956697 40.790792 -73.981813 40.769066
-73.983359 40.738679 -73.973048 40.760455
-73.930422 40.79724 -73.987857 40.734091
-73.979918 40.743776 -74.008082 40.703868
-73.989649 40.712733 -73.978573 40.751828
-73.935808 40.802088 -73.969654 40.760001
-73.942179 40.706763 -73.969799 40.757216
-73.993747 40.771268 -74.01691 40.720908
-73.92002 40.745211 -73.990087 40.745559
-74.00385 40.724246 -73.991658 40.75571
-73.955048 40.7851 -73.971732 40.753417
-74.006976 40.751119 -74.012066 40.717251
-73.961441 40.763671 -73.923112 40.773247
-73.94228 40.798361 -73.969112 40.761156
-73.962841 40.759066 -74.000021 40.706712
-73.942282 40.798722 -73.989381 40.773706
-73.95408 40.778868 -73.98677 40.757306
-74.008816 40.766781 -73.965855 40.807119
-73.988552 40.761115 -74.000423 40.723048
-73.994806 40.730071 -73.938821 40.770247
-73.953071 40.715261 -73.931805 40.747654
-73.949168 40.767029 -73.984947 40.731451
-73.941865 40.708693 -73.963695 40.750186
-73.988024 40.723259 -74.002644 40.750192
-73.942707 40.701066 -73.971644 40.759348
-74.007121 40.751448 -74.002803 40.707562
-73.997112 40.743339 -73.969109 40.772273
-73.98907 40.750502 -74.014128 40.701062
-73.949891 40.770544 -73.99519 40.749202
-73.959912 40.750844 -74.017436 40.70069
-73.944901 40.779888 -73.985901 40.785895
-73.981725 40.736933 -73.961036 40.758501
-73.952477 40.77923 -73.965799 40.753494
-73.991677 40.752814 -74.012661 40.708625
-74.012593 40.710186 -73.992406 40.741614
-74.007601 40.753688 -73.974856 40.781576
-74.016266 40.707038 -73.999366 40.745558
-73.946051 40.791478 -73.978482 40.773535
-73.978328 40.75476 -74.003715 40.707457
-73.966362 40.77359 -73.990728 40.737331
-73.932621 40.779535 -73.969242 40.787797
-73.948667 40.719662 -73.927799 40.741654
-73.928233 40.770371 -73.994544 40.72807
-73.9463 40.719305 -73.928648 40.746546
-73.952764 40.788173 -73.979447 40.748294
-73.93462 40.771189 -73.967006 40.755003
-73.92911 40.791511 -73.984546 40.735037
-73.925907 40.76504 -73.981275 40.747513
-73.976086 40.727057 -74.006364 40.709113
-73.978719 40.748695 -73.987757 40.7739
-73.921817 40.769993 -73.950529 40.745212
-73.952922 40.78064 -73.992694 40.750129
-74.001922 40.744604 -73.969093 40.764877
-73.997457 40.746137 -74.017296 40.716298
-73.943815 40.759142 -73.937741 40.789815
-73.918135 40.748057 -73.96282 40.768331
-73.968069 40.771511 -73.987105 40.731455
-73.981896 40.767336 -73.942247 40.802353
-73.955051 40.786151 -73.976627 40.76782
-73.987291 40.769617 -73.952881 40.807005
-73.970485 40.768341 -73.986984 40.735149
-73.967214 40.796899 -73.98432 40.758
-73.974716 40.735708 -74.008013 40.7021
-73.968263 40.755004 -74.017584 40.701335
-74.004168 40.73528 -73.974405 40.754949
-74.011803 40.715634 -73.985257 40.756032
-73.95198 40.773074 -73.972693 40.755363
-73.975468 40.751717 -74.012708 40.708671
-73.957886 40.761187 -73.99139 40.731359
-73.971881 40.749368 -74.012798 40.720056
-73.984229 40.718618 -73.951104 40.704643
-73.926105 40.788434 -73.968837 40.779372
-73.952502 40.78027 -73.970162 40.756861
-73.950169 40.77264 -73.970799 40.742252
-73.99627 40.761074 -73.978158 40.787148
-73.98622 40.753824 -74.003381 40.722204
-73.948072 40.781491 -73.973388 40.754387
-73.949103 40.787844 -73.970358 40.758192
-73.992903 40.767186 -73.948322 40.787492
-73.995149 40.703965 -73.971694 40.752123
-73.991117 40.712018 -73.99481 40.754814
-73.98759 40.76355 -73.95804 40.779443
-74.011196 40.704745 -73.988564 40.755093
-73.989017 40.722565 -73.952595 40.773172
-73.973722 40.749066 -74.0111 40.714867
-73.979853 40.715018 -74.000482 40.700945
-73.988157 40.722895 -73.949576 40.770009
-73.980062 40.763663 -74.002758 40.718229
-73.93504 40.772732 -73.9631 40.758804
-73.980679 40.764277 -74.015604 40.715033
-73.973489 40.760686 -73.947253 40.794453
-73.985177 40.725365 -73.96262 40.750429
-73.994672 40.719507 -73.980369 40.743171
-73.991844 40.73472 -73.96933 40.754354
-73.923485 40.76513 -73.993603 40.721362
-73.960154 40.768597 -73.974244 40.711834
-73.985026 40.776874 -73.976362 40.745609
-73.918632 40.744335 -73.9694 40.754713
-73.997347 40.763181 -73.950194 40.771278
-73.964036 40.763343 -73.986967 40.732115
-73.948864 40.775224 -73.968566 40.755454
-73.985426 40.723822 -74.006686 40.70938
-73.977167 40.74938 -74.014335 40.707937
-73.958646 40.761576 -73.982239 40.745717
-73.952357 40.713919 -73.92886 40.740441
-73.967453 40.807361 -73.9588 40.77127
-73.952692 40.718053 -73.926228 40.746259
-73.948172 40.780025 -73.97661 40.767122
-74.008246 40.765679 -73.957086 40.785058
-73.974106 40.767846 -73.954951 40.780844
-73.983075 40.711106 -73.981074 40.744547
-73.948955 40.758699 -73.937842 40.796347
-73.95797 40.801379 -73.973289 40.767212
-73.957822 40.803766 -73.958303 40.774088
-73.989681 40.741303 -73.964737 40.771394
-73.989834 40.748608 -73.954088 40.784939
-73.98119 40.728573 -73.962802 40.754594
-73.975119 40.759571 -73.950864 40.796957
-73.971664 40.802151 -73.99056 40.759317
-73.947382 40.780369 -73.984337 40.765779
-73.973325 40.7438 -74.011436 40.715613
-73.944127 40.714919 -73.927392 40.745721
-73.945244 40.78643 -73.985507 40.725816
-73.953579 40.767478 -73.985987 40.772193
-73.98508 40.731308 -74.00961 40.719842
-73.950054 40.807757 -73.98304 40.775285
-73.940122 40.752996 -73.945735 40.784204
-73.972571 40.719667 -73.992027 40.746452
-73.960743 40.802774 -73.980779 40.753752
-73.950286 40.793259 -73.975283 40.773416
-73.928984 40.755403 -73.996954 40.719208
-74.005064 40.745459 -73.964723 40.765141
-74.00745 40.725879 -73.98774 40.754326
-73.923193 40.739968 -73.963134 40.758613
-73.933924 40.750244 -73.995456 40.712808
-73.944473 40.788818 -73.980921 40.763741
-73.99173 40.736995 -73.963167 40.774264
-73.975292 40.744404 -74.00386 40.702691
-74.001362 40.748628 -73.987348 40.781858
-73.970641 40.797082 -73.997749 40.750737
-73.95115 40.790444 -73.978071 40.773377
-73.927446 40.75756 -73.994331 40.710706
-73.919102 40.772972 -73.94551 40.739971
-73.969678 40.775696 -73.987684 40.751989
-73.966007 40.751269 -74.005453 40.709882
-73.958379 40.802253 -73.989762 40.758042
-73.965004 40.779453 -73.918572 40.79089
-73.951392 40.784608 -73.969132 40.752043
-73.966597 40.786794 -73.99197 40.76381
-73.952178 40.784308 -73.994745 40.759221
-74.008669 40.764598 -73.962638 40.765415
-73.998277 40.731643 -73.972827 40.760317
-73.976206 40.748009 -74.013621 40.712921
-73.989229 40.74013 -73.965239 40.776595
-73.933581 40.785318 -73.963091 40.787065
-73.989836 40.727058 -73.948663 40.711024
-73.985268 40.710283 -73.946374 40.719362
-73.975337 40.741057 -73.956633 40.77021
-73.983247 40.720796 -73.974299 40.753296
-74.004177 40.729542 -73.972198 40.751584
-73.989633 40.762301 -74.013912 40.71841
-73.920937 40.744653 -73.969171 40.75072
-74.009325 40.726077 -73.974659 40.75476
-73.950448 40.792614 -73.971025 40.768017
-73.962006 40.764104 -74.012688 40.704746
-73.948022 40.792274 -73.974413 40.778965
-73.950841 40.797585 -73.980776 40.774153
-73.974843 40.754816 -74.008178 40.705889
-74.000088 40.728774 -73.985084 40.747613
-73.991674 40.761432 -73.991006 40.737797
-73.988722 40.770974 -73.956787 40.785878
-73.98918 40.773626 -73.999848 40.743276
-73.976942 40.777944 -73.99177 40.746287
-73.936686 40.796103 -74.00353 40.706869
-73.919002 40.74127 -73.985267 40.763251
-74.017389 40.714029 -73.978656 40.757568
-73.96388 40.753366 -74.010294 40.703079
-73.963056 40.787228 -73.989162 40.75553
-74.010768 40.725786 -73.951191 40.728514
-73.921216 40.756705 -73.957089 40.726487
-73.963672 40.754575 -73.95351 40.788645
-73.990387 40.708839 -73.971196 40.749651
-73.947088 40.717067 -73.934111 40.745801
-73.997499 40.738224 -73.977773 40.762128
-73.97696 40.7722 -73.995941 40.740579
-73.983732 40.741582 -73.959326 40.767574
-73.998315 40.707785 -73.966456 40.758351
-73.964963 40.757853 -74.009438 40.700442
-73.977398 40.734043 -74.017678 40.73534
-73.946247 40.772385 -73.977673 40.755525
-73.984009 40.74247 -74.010425 40.709841
-73.965714 40.767233 -74.008449 40.707927
-74.005309 40.734888 -73.958495 40.710292
-73.97679 40.712041 -74.002374 40.709797
-73.984201 40.785197 -73.958357 40.802363
-74.000181 40.73161 -73.964657 40.765241
-73.972827 40.765209 -74.007826 40.725161
-73.944412 40.784695 -73.999551 40.746527
-73.937907 40.777774 -73.982089 40.764071
-73.93398 40.787899 -73.971634 40.786909
-73.986673 40.787465 -73.96 40.802237
-73.949837 40.71253 -73.932076 40.743471
-73.987337 40.75504 -73.958856 40.802932
-73.990122 40.70324 -73.969513 40.77009
-73.996739 40.734764 -73.941093 40.773521
-73.979996 40.771342 -73.953553 40.803578
-73.931029 40.798388 -73.986742 40.739467
-73.979339 40.758509 -74.005988 40.711587
-73.974943 40.736995 -74.00318 40.701546
-73.951068 40.787897 -73.977963 40.766704
-73.962754 40.753692 -73.952379 40.788773
-73.963097 40.752588 -74.003471 40.716133
-73.977594 40.759453 -74.004307 40.700889
-73.949436 40.763402 -73.977494 40.742998
-73.959858 40.764869 -73.97625 40.742439
-73.980026 40.730292 -73.953625 40.764378
-73.95652 40.767877 -73.995979 40.730068
-74.010058 40.717996 -73.988186 40.768089
-73.93667 40.703549 -73.969489 40.759074
-73.95138 40.800652 -73.981732 40.763477
-73.919474 40.777587 -73.968409 40.766533
-74.015599 40.726529 -73.989256 40.758252
-73.95193 40.768097 -73.985271 40.73411
-73.954128 40.77123 -73.983032 40.743672
-73.93642 40.778471 -73.982891 40.759718
-73.923008 40.76088 -73.992466 40.72869
-73.93525 40.757085 -73.976313 40.75849
-73.973965 40.760349 -73.959125 40.785236
-73.978145 40.778956 -73.990788 40.748848
-74.017112 40.704255 -73.991545 40.742846
-73.981745 40.730547 -74.015298 40.717815
-73.960275 40.788988 -74.017338 40.71962
-73.991273 40.732756 -74.012318 40.7048
-73.986186 40.773717 -74.017693 40.715837
-73.976969 40.743605 -74.016415 40.705133
-73.940539 40.751719 -73.95181 40.779979
