-73.956824 40.787205 -73.973621 40.758723
-73.947978 40.783982 -73.973853 40.743635
-73.958586 40.763823 -73.996198 40.719451
-73.952232 40.803071 -73.984334 40.772445
-73.970278 40.743011 -73.945034 40.786274
-73.983459 40.716579 -73.990075 40.745625
-73.996313 40.76274 -73.996086 40.731779
-73.960646 40.804353 -73.988891 40.756702
-74.011714 40.711135 -74.002336 40.754045
-73.945486 40.771084 -73.990208 40.745273
-73.999878 40.751744 -73.962355 40.759849
-74.009692 40.720317 -73.974374 40.750637
-73.969454 40.747514 -74.000058 40.706459
-73.933213 40.796611 -73.988296 40.734521
-73.938577 40.758969 -73.978015 40.758001
-73.97599 40.793289 -73.991322 40.757786
-73.959471 40.776586 -73.994931 40.750784
-73.986997 40.740859 -74.017848 40.715084
-73.952275 40.78271 -73.995866 40.755259
-73.948674 40.782502 -73.983757 40.727839
-73.982356 40.761422 -74.015565 40.714939
-73.999206 40.773852 -74.003501 40.721539
-73.941922 40.802485 -73.96223 40.773973
-73.994934 40.754046 -74.006991 40.712859
-73.959986 40.753861 -74.017091 40.702637
-74.011018 40.720802 -73.991056 40.749318
-73.990946 40.748989 -74.014997 40.71247
-73.956227 40.762053 -73.997886 40.761215
-73.927371 40.783451 -73.9675 40.781421
-73.991331 40.777054 -74.016967 40.722371
-73.985586 40.71333 -73.948979 40.702668
-73.955038 40.802579 -73.980685 40.760296
-73.952209 40.782662 -73.987709 40.764192
-73.968605 40.742859 -74.004929 40.700795
-73.9354 40.702234 -73.964256 40.750807
-73.985748 40.705302 -73.965918 40.772405
-73.972282 40.769351 -73.984807 40.745938
-73.992648 40.757697 -74.000995 40.726187
-73.995975 40.747661 -73.948121 40.80356
-73.981488 40.745176 -73.966384 40.778643
-73.967498 40.740498 -74.003855 40.709959
-73.953335 40.775019 -74.011135 40.70441
-73.979375 40.747373 -74.002117 40.728274
-73.988103 40.783494 -73.983964 40.738756
-73.977926 40.754028 -73.957109 40.781075
-74.006543 40.75371 -73.957694 40.761756
-73.951316 40.773416 -74.011077 40.701715
-73.99835 40.7377 -73.960979 40.760846
-73.924191 40.75107 -73.960621 40.720594
-74.008527 40.716781 -73.995449 40.758828
-73.948663 40.788925 -73.983646 40.760941
-73.982915 40.751082 -74.016028 40.703319
-74.001111 40.746704 -73.974078 40.716139
-74.002852 40.738142 -73.986584 40.754162
-73.95836 40.803872 -73.973329 40.758796
-73.955415 40.769763 -74.004536 40.759147
-73.989816 40.703129 -74.000512 40.743266
-73.921329 40.756499 -73.95504 40.728355
-73.943903 40.770527 -73.972678 40.755585
-73.944134 40.781325 -73.966433 40.755399
-74.011422 40.710645 -74.007596 40.755437
-73.923733 40.750126 -73.954446 40.729095
-74.005174 40.766726 -73.978332 40.797688
-73.956064 40.756294 -73.99948 40.744935
-73.95961 40.771452 -73.975196 40.732248
-73.953106 40.766677 -73.994699 40.754179
-74.015639 40.71423 -74.002683 40.757912
-73.921851 40.746309 -73.982516 40.76927
-73.990992 40.714438 -73.994571 40.753844
-73.991482 40.776267 -74.00235 40.722515
-73.965044 40.800727 -73.991209 40.768898
-73.99453 40.713273 -73.971906 40.746674
-73.98668 40.757443 -74.010913 40.717886
-73.991033 40.719582 -73.960343 40.71735
-73.930538 40.774343 -73.998175 40.722669
-73.939044 40.806909 -73.957553 40.782119
-73.965685 40.796652 -73.972992 40.763578
-74.007594 40.707041 -74.00708 40.765449
-73.97973 40.798364 -73.995268 40.751679
-73.987686 40.75743 -74.001133 40.731569
-73.967212 40.768239 -74.016223 40.711246
-73.940533 40.772234 -73.984533 40.766572
-73.949461 40.788104 -73.991663 40.725548
-73.972663 40.743605 -74.000461 40.701993
-73.98798 40.721006 -74.01014 40.704982
-73.922612 40.752968 -73.958658 40.727053
-73.995198 40.74536 -74.012882 40.716982
-73.970504 40.746536 -73.952127 40.786552
-73.980452 40.781984 -73.993178 40.748638
-73.957826 40.780005 -73.996865 40.741632
-73.995847 40.759636 -73.953843 40.800951
-73.952806 40.77009 -74.00103 40.749615
-73.991142 40.730465 -73.956793 40.765921
-73.95612 40.766302 -73.995342 40.761434
-73.995815 40.755926 -73.962664 40.768037
-73.954491 40.794094 -73.975737 40.76474
-73.932422 40.791406 -73.987478 40.732083
-73.974193 40.710269 -74.006434 40.703001
-73.972152 40.7548 -73.948076 40.794994
-73.945714 40.75314 -73.943576 40.796771
-74.003862 40.739148 -73.988594 40.700686
-73.96431 40.805643 -73.990761 40.751002
-73.994063 40.77703 -74.014818 40.72884
-73.96931 40.740822 -73.947124 40.779319
-73.978194 40.792402 -73.938633 40.789591
-73.967606 40.795539 -74.011089 40.72019
-73.999545 40.714842 -73.971945 40.747861
-73.975695 40.782232 -73.984939 40.734868
-73.964052 40.79913 -73.961397 40.773627
-73.987376 40.704554 -74.000075 40.744667
-74.001409 40.746928 -73.96584 40.767198
-73.933723 40.75974 -73.964153 40.761638
-73.973173 40.788296 -73.99807 40.742039
-73.954285 40.790649 -73.992041 40.748437
-73.955109 40.79292 -73.969508 40.768142
-73.952768 40.779457 -73.987287 40.76326
-73.953735 40.799953 -73.98747 40.762496
-73.987246 40.724394 -73.979192 40.756015
-73.94703 40.781632 -73.984628 40.739607
-73.98464 40.75387 -73.955461 40.77356
-73.946658 40.785367 -73.967369 40.751426
-73.996877 40.73429 -73.956361 40.754137
-73.976442 40.716923 -73.991209 40.749599
-73.969057 40.803322 -73.989736 40.769383
-73.946069 40.780185 -73.964291 40.758355
-73.968071 40.792228 -73.972089 40.760015
-73.998294 40.740496 -73.964658 40.760733
-73.989626 40.712881 -73.96262 40.751694
-73.973421 40.746354 -74.007133 40.722197
-73.97874 40.740031 -74.016559 40.728432
-73.996163 40.733872 -73.935971 40.772737
-74.005863 40.740939 -73.972867 40.762699
-74.017114 40.725306 -73.994233 40.751024
-73.987864 40.710377 -73.950311 40.713349
-73.951367 40.783936 -73.977093 40.75599
-73.995842 40.770488 -74.007045 40.72192
-73.920008 40.778368 -73.965312 40.768279
-73.996784 40.733331 -73.923633 40.772462
-73.956788 40.760211 -73.937143 40.79191
-73.965965 40.761688 -73.984771 40.756439
-73.981226 40.780452 -73.967545 40.759393
-73.958521 40.775976 -73.990435 40.759021
-73.965947 40.754911 -74.001141 40.703031
-73.966847 40.765771 -73.989968 40.73569
-73.928354 40.782531 -73.962924 40.7795
-74.003116 40.730103 -73.981553 40.756869
-74.004006 40.746718 -73.975257 40.753537
-73.925767 40.790153 -73.989152 40.734351
-73.976758 40.719561 -73.919915 40.789328
-73.976112 40.749401 -74.010568 40.71823
-73.958392 40.808286 -73.950098 40.776739
-73.964222 40.741931 -73.953507 40.779809
-73.924587 40.750391 -73.956172 40.721115
-73.945334 40.776772 -74.004051 40.747571
-73.978209 40.744524 -74.00935 40.704057
-73.998749 40.770406 -74.005446 40.721917
-73.979222 40.7176 -74.003784 40.700868
-73.990116 40.786571 -74.006482 40.751167
-73.989963 40.751513 -74.010821 40.700839
-73.966099 40.807735 -73.986917 40.759493
-73.981613 40.781735 -73.997899 40.740559
-74.002524 40.750897 -74.016699 40.701546
-73.962148 40.745745 -73.985098 40.748922
-73.916676 40.778636 -73.964727 40.76123
-74.00219 40.760571 -73.969509 40.80352
-73.994583 40.748969 -73.956163 40.718622
-74.006655 40.743676 -73.969128 40.761669
-73.959932 40.768105 -73.98988 40.748681
-73.963 40.775152 -73.991577 40.765921
-73.953007 40.772902 -73.972264 40.795616
-73.959501 40.805224 -73.994891 40.733778
-73.960257 40.763724 -73.999023 40.744084
-73.982119 40.713968 -73.949914 40.716926
-73.988523 40.747765 -73.953106 40.776692
-73.993294 40.770014 -74.015408 40.72825
-73.982006 40.713025 -73.949742 40.710946
-73.999548 40.746986 -73.974846 40.779722
-73.964416 40.751412 -73.993484 40.757073
-73.947439 40.716486 -73.926378 40.740036
-73.985529 40.715297 -73.944123 40.709519
-73.918117 40.762109 -73.997015 40.726756
-73.98978 40.724734 -74.015413 40.708547
-73.993485 40.743355 -73.962711 40.774749
-73.958542 40.749071 -73.985502 40.741945
-73.958109 40.771161 -74.009058 40.70462
-73.946673 40.770664 -73.977481 40.726497
-73.996386 40.730396 -73.979637 40.757359
-73.962745 40.755037 -73.943955 40.786265
-73.978277 40.774746 -73.999522 40.745442
-73.964341 40.761837 -73.989601 40.739486
-73.990327 40.724655 -74.004238 40.752517
-73.962077 40.784743 -73.995072 40.747006
-73.980059 40.786178 -73.995229 40.739937
-73.968517 40.790367 -73.940246 40.805029
-73.963616 40.742046 -73.961111 40.779246
-73.992671 40.719585 -73.953264 40.715469
-73.991926 40.716412 -73.973032 40.74563
-73.947324 40.719839 -73.928588 40.741951
-73.957289 40.749842 -73.993395 40.73034
-73.956369 40.742011 -73.984086 40.74943
-73.977944 40.740127 -74.005134 40.724402
-73.970239 40.767174 -73.986399 40.730294
-73.95643 40.765777 -73.993684 40.741287
-73.974127 40.741765 -74.014962 40.724303
-73.988682 40.756243 -74.015676 40.706233
-74.005326 40.709333 -73.977609 40.75796
-74.002135 40.756553 -74.00929 40.711177
-73.973634 40.721126 -73.966458 40.766026
-73.985037 40.714288 -73.963143 40.758448
-73.984262 40.759859 -73.967807 40.78985
-73.953623 40.780493 -74.005983 40.747468
-73.993926 40.743841 -73.969442 40.75214
-73.989956 40.725058 -74.017155 40.703062
-73.993638 40.772847 -74.002688 40.724238
-73.944876 40.781533 -73.990691 40.721618
-73.990323 40.717353 -73.95439 40.713162
-73.991447 40.772999 -74.010679 40.72854
-73.960409 40.796293 -73.980673 40.766959
-73.978091 40.757066 -74.000878 40.712891
-73.993783 40.715031 -73.980176 40.744338
-74.004438 40.75539 -74.011552 40.716835
-73.961019 40.786372 -74.008474 40.742346
-73.943163 40.80031 -73.965192 40.762667
-73.97957 40.787969 -73.976854 40.758565
-73.961935 40.76457 -74.000295 40.707604
-73.950945 40.77535 -74.012146 40.710478
-73.95131 40.716114 -73.925591 40.743113
-73.939593 40.807274 -73.966422 40.763456
-73.975483 40.742292 -73.995685 40.716011
-73.996534 40.703913 -73.967318 40.753713
-73.946152 40.779695 -73.967865 40.755878
-73.920852 40.753622 -73.960363 40.724043
-73.981026 40.75846 -73.967135 40.794833
-73.992473 40.757116 -73.975193 40.784974
-73.983041 40.753261 -73.972849 40.793728
-73.980208 40.776534 -73.961595 40.807465
-73.968391 40.792675 -73.975233 40.758311
-73.946677 40.775927 -73.984712 40.732238
-73.965832 40.770704 -73.997028 40.73415
-73.959013 40.779552 -73.978816 40.755812
-73.989132 40.729108 -73.957864 40.761314
-73.983038 40.707853 -74.005451 40.744022
-73.964943 40.762756 -74.00076 40.719762
-73.97593 40.756071 -74.01761 40.705343
-73.97312 40.780619 -73.992378 40.746655
-73.967126 40.799981 -73.943413 40.755354
-73.971764 40.733661 -74.016881 40.709995
-73.982242 40.751868 -74.008327 40.737355
-73.948625 40.786333 -73.996646 40.723571
-73.984621 40.714622 -73.977064 40.7561
-73.957018 40.769593 -73.999502 40.73004
-73.969029 40.750314 -73.93265 40.740748
-73.963789 40.759749 -74.018047 40.714494
-73.992283 40.745363 -73.983296 40.776813
-73.976732 40.744364 -74.014354 40.703062
-73.979504 40.782059 -73.991609 40.743293
-73.917389 40.768263 -73.993981 40.725116
-74.003458 40.745682 -73.963865 40.761477
-74.01576 40.704193 -74.00227 40.740144
-74.000214 40.707084 -73.977698 40.755494
-73.967436 40.741874 -73.961018 40.779936
-73.931845 40.752762 -73.996171 40.712887
-73.967195 40.758031 -73.992469 40.718657
-74.002023 40.728191 -73.98231 40.756309
-73.974427 40.754783 -74.013456 40.707612
-73.962834 40.778865 -73.995717 40.736369
-73.990542 40.752155 -74.004496 40.70529
-73.961339 40.757368 -74.016678 40.708587
-73.987781 40.739246 -74.017959 40.720066
-73.945119 40.772679 -73.963762 40.754008
-73.979022 40.774812 -73.961633 40.800581
-73.970187 40.803218 -73.998786 40.753757
-73.965344 40.746667 -73.946338 40.788936
-73.985481 40.753179 -74.01133 40.702538
-73.959811 40.785251 -73.980995 40.75818
-74.008121 40.762349 -73.969745 40.765892
-73.987873 40.706679 -73.96298 40.771563
-73.966626 40.79779 -73.969873 40.76725
-73.980277 40.733911 -73.960077 40.769158
-73.950154 40.786054 -73.964274 40.755993
-73.932472 40.761617 -73.955723 40.744098
-73.925758 40.767445 -73.972579 40.752982
-73.940608 40.797215 -73.990297 40.740594
-73.973303 40.747495 -73.982201 40.77726
-74.008357 40.757286 -74.018177 40.715959
-73.960756 40.767058 -73.938344 40.801714
-73.923791 40.755518 -73.958627 40.720816
-73.99548 40.75386 -73.998837 40.721993
-73.973182 40.739885 -74.003524 40.706233
-73.980811 40.76053 -74.007259 40.713878
-73.98766 40.749869 -73.957172 40.774747
-73.986425 40.71996 -73.964376 40.757007
-73.927463 40.773738 -73.991484 40.722182
-73.993339 40.773094 -74.000947 40.728758
-73.944449 40.752426 -73.934946 40.796724
-73.99705 40.777323 -74.007545 40.728448
-74.010489 40.717121 -73.998292 40.759006
-73.924226 40.754681 -73.954375 40.726692
-73.947382 40.776884 -73.943008 40.801994
-73.962228 40.785523 -73.96947 40.756927
-73.931562 40.781047 -73.964447 40.786017
-73.99104 40.728465 -74.002322 40.751053
-74.001017 40.745211 -73.966524 40.781305
-73.999499 40.725301 -73.980245 40.754225
-73.974059 40.785348 -73.981069 40.741117
-73.968996 40.778509 -73.938463 40.803663
-73.952411 40.770481 -74.015091 40.704499
-73.986112 40.758893 -74.003933 40.721705
-73.946302 40.768486 -74.011839 40.705538
-73.993395 40.735823 -74.011874 40.706509
-73.962062 40.777347 -73.998219 40.758289
-73.983102 40.780118 -73.991968 40.748368
-73.974646 40.747068 -74.014726 40.719793
-73.917804 40.743338 -73.982316 40.768759
-73.995328 40.75111 -74.01124 40.718484
-73.994166 40.7352 -73.96175 40.765005
-73.96432 40.793365 -73.976317 40.766474
-73.919855 40.751006 -73.961831 40.724262
-74.007497 40.767078 -73.966718 40.800802
-73.955427 40.775258 -73.943682 40.806765
-73.948193 40.781083 -73.966895 40.750636
-73.957401 40.776987 -74.004441 40.717176
-73.962026 40.807814 -73.976142 40.76101
-73.973127 40.745315 -74.015765 40.709682
-73.986896 40.748524 -73.96497 40.777808
-73.968757 40.782131 -73.992736 40.759146
-73.963715 40.793532 -73.975013 40.76173
-73.952342 40.792406 -73.988147 40.777984
-73.951864 40.779671 -73.967297 40.755067
-73.945295 40.777973 -74.017359 40.707683
-73.948525 40.718634 -73.925683 40.744974
-73.997374 40.738571 -74.014294 40.716479
-73.948067 40.80574 -73.982859 40.774325
-73.978905 40.742251 -74.002621 40.719518
-73.992978 40.748584 -74.008896 40.710988
-73.981252 40.754204 -73.966923 40.79023
-74.002708 40.739109 -73.974958 40.75077
-73.952046 40.773284 -73.973175 40.756097
-73.976576 40.786703 -73.953172 40.80316
-73.928048 40.756994 -73.990921 40.718562
-73.965723 40.80223 -73.982635 40.771079
-73.946234 40.787173 -74.003943 40.71634
-73.932691 40.797292 -73.984072 40.733547
-73.981369 40.750801 -73.999917 40.718447
-73.949432 40.71099 -73.93327 40.741862
-74.012914 40.712586 -73.972873 40.780139
-73.945051 40.781103 -73.973591 40.754516
-73.954354 40.777629 -73.950464 40.801832
-73.965188 40.766092 -74.016341 40.717409
-73.98763 40.728898 -74.009524 40.708555
-73.922095 40.745426 -73.984966 40.745979
-73.989156 40.770273 -74.006912 40.744583
-73.932792 40.790687 -73.982424 40.730297
-73.996161 40.731221 -73.983084 40.763315
-73.95319 40.782953 -73.971915 40.740032
-73.975114 40.758693 -74.011698 40.70482
-73.972193 40.756168 -73.95385 40.788488
-73.946573 40.716661 -73.932501 40.74082
-73.96042 40.788475 -74.017144 40.710097
-73.923454 40.743101 -73.95818 40.768787
-73.946613 40.782585 -73.972372 40.761677
-73.960332 40.780034 -74.003581 40.741803
-73.973106 40.746722 -73.994443 40.729803
-73.94414 40.788026 -73.968806 40.749151
-73.97809 40.727412 -73.953685 40.767095
-73.939199 40.792366 -73.974231 40.779442
-73.950224 40.76393 -73.977079 40.749583
-73.971987 40.747373 -74.001943 40.721746
-73.920467 40.747254 -73.96257 40.760224
-74.003002 40.734264 -73.990207 40.765181
-73.945302 40.778035 -74.016008 40.717907
-73.945813 40.754687 -73.941558 40.795093
-73.980668 40.780978 -73.99606 40.757823
-73.924133 40.746912 -73.963523 40.75953
-73.9322 40.752713 -73.993349 40.710813
-73.965708 40.756934 -73.984765 40.737732
-73.98525 40.78804 -73.955999 40.804089
-73.954657 40.757779 -73.984734 40.738276
-73.981278 40.756756 -73.961145 40.774589
-74.018162 40.701108 -73.991269 40.746936
-73.959084 40.804281 -73.986036 40.770783
-73.926004 40.757061 -73.993144 40.711957
-73.969505 40.767679 -73.936261 40.793863
-73.931099 40.786759 -73.967779 40.783079
-73.949777 40.797128 -73.978112 40.771068
-73.96448 40.774844 -73.94214 40.800899
-74.008514 40.712809 -74.006308 40.742572
-73.973923 40.78999 -73.991406 40.756399
-73.99765 40.735628 -74.014208 40.708327
-73.933947 40.755843 -73.994917 40.718949
-73.935448 40.798883 -73.959703 40.776438
-73.978169 40.786602 -73.991904 40.759332
-73.977275 40.758862 -74.000468 40.718006
-73.987502 40.722526 -74.00891 40.700566
-74.014122 40.706107 -73.994828 40.774591
-73.920856 40.747872 -73.963055 40.761427
-73.962649 40.776825 -73.996778 40.720151
-73.996567 40.771835 -74.00649 40.726753
-73.950793 40.786554 -73.99154 40.722872
-73.991163 40.759711 -73.99666 40.732281
-74.012233 40.711212 -73.997 40.736655
-74.006525 40.744757 -73.96467 40.784899
-73.943399 40.794978 -73.997003 40.74376
-73.990819 40.769047 -73.993226 40.719579
-73.921597 40.778538 -73.944285 40.744938
-73.986577 40.703067 -74.00596 40.74564
-73.995565 40.700435 -73.970269 40.753363
-74.002053 40.756052 -73.978989 40.786905
-73.983293 40.773099 -73.965937 40.798991
-74.000948 40.721308 -73.993447 40.758249
-73.963185 40.783248 -73.995922 40.751826
-73.959968 40.779182 -74.005148 40.744829
-73.990942 40.736133 -73.987241 40.764554
-73.960311 40.799452 -73.984324 40.755045
-73.997973 40.732478 -73.964474 40.771101
-73.973241 40.78291 -73.998424 40.755588
-73.947875 40.782085 -73.997909 40.750884
-74.012346 40.714114 -73.975639 40.752079
-74.001144 40.725862 -73.966027 40.750572
-74.00133 40.710084 -73.977931 40.754986
-73.957522 40.78812 -73.985085 40.773228
-73.945989 40.780657 -73.980297 40.749914
-73.983559 40.75439 -74.010145 40.701727
-73.973602 40.780476 -73.993051 40.747472
-73.998678 40.741212 -74.013968 40.712965
-74.002067 40.761723 -73.967567 40.761931
-73.917162 40.774836 -73.968007 40.762894
-73.941062 40.709896 -73.964863 40.759143
-73.988228 40.70479 -74.000571 40.740907
-74.001129 40.751052 -73.958003 40.767987
-73.946885 40.783076 -73.968688 40.754461
-73.944181 40.784375 -73.969202 40.757419
-73.950214 40.786274 -73.980623 40.754187
-73.949116 40.770164 -73.964788 40.748748
-73.931228 40.798419 -73.988643 40.73928
-73.955689 40.807689 -73.989514 40.751443
-73.995556 40.755585 -74.012585 40.708878
-73.991425 40.731914 -73.954971 40.75941
-74.001818 40.71179 -73.985445 40.7398
-73.976444 40.743462 -74.002868 40.703242
-73.977591 40.777647 -74.003819 40.767421
-73.993653 40.771883 -74.011311 40.720629
-73.977398 40.734716 -74.012807 40.701607
-73.931393 40.752533 -73.99414 40.71075
-73.999769 40.721291 -73.966628 40.756737
-73.999129 40.74341 -74.013315 40.70147
-73.968929 40.806633 -73.9811 40.7656
-73.940511 40.794535 -73.978752 40.782327
-73.945384 40.802424 -73.989566 40.768918
-73.97034 40.756183 -74.011689 40.711928
-73.978787 40.786237 -73.983165 40.742551
-73.968886 40.796586 -73.940019 40.803081
-73.926409 40.751371 -73.991804 40.711394
-74.005704 40.740629 -73.981184 40.78809
-73.989192 40.709303 -73.962857 40.772463
-73.931236 40.756313 -73.992997 40.716046
-73.950466 40.789902 -73.96392 40.76275
-73.999497 40.754248 -74.000089 40.721319
-73.988566 40.742818 -73.924154 40.74481
-73.995726 40.726118 -73.962979 40.777894
-73.932697 40.76335 -73.967144 40.760023
-74.004908 40.738015 -74.013651 40.70594
-73.978768 40.763762 -74.001809 40.751821
-73.960222 40.782375 -73.98051 40.762699
-73.983126 40.729595 -74.017135 40.706183
-73.995153 40.774338 -74.001716 40.724897
-73.992157 40.748542 -74.013998 40.71698
-73.975381 40.74024 -73.954398 40.782765
-73.959588 40.801978 -73.959634 40.776106
-73.966382 40.766187 -74.006303 40.701836
-73.996279 40.704243 -73.967883 40.753399
-73.946681 40.787222 -73.993994 40.754287
-74.012974 40.71641 -73.997807 40.755476
-73.945779 40.760247 -74.003491 40.709212
-73.994097 40.752745 -74.006975 40.710996
-73.976811 40.714317 -73.919536 40.795041
-73.953923 40.776278 -74.011604 40.718279
-73.963413 40.808038 -74.006519 40.751834
-73.98069 40.762995 -73.960098 40.788214
-73.996523 40.726789 -73.962146 40.766338
-74.00239 40.709698 -73.975392 40.758029
-73.92944 40.765958 -73.974736 40.750563
-73.946824 40.76378 -73.983328 40.741599
-73.924375 40.753943 -73.956322 40.720128
-73.966637 40.80595 -73.959472 40.761695
-73.945727 40.772235 -73.977644 40.753941
-73.955332 40.745701 -73.985744 40.740506
-73.985102 40.751519 -74.011557 40.716996
-73.954272 40.770418 -73.976427 40.758592
-73.950798 40.778353 -73.974582 40.769276
-73.91712 40.767967 -73.996681 40.721766
-73.971705 40.753791 -73.9597 40.77989
-73.970639 40.760995 -73.999607 40.730964
-73.965958 40.784052 -73.991479 40.753609
-73.924147 40.777716 -73.968791 40.764976
-73.917539 40.748987 -73.968652 40.767991
-73.931188 40.756648 -73.993387 40.717663
-73.987644 40.746278 -73.957318 40.777354
-74.014885 40.728302 -73.976102 40.754707
-73.976419 40.798389 -73.946878 40.771872
-73.988765 40.731567 -73.969408 40.762978
-73.952476 40.712169 -73.931159 40.742385
-73.975296 40.775679 -74.00593 40.766275
-73.985326 40.778289 -73.967748 40.799668
-73.953787 40.771152 -73.938924 40.801172
-73.945444 40.781886 -73.982729 40.77214
-73.970508 40.760111 -74.004286 40.73742
-73.964804 40.754812 -73.948009 40.781288
-73.970182 40.768843 -73.951566 40.790553
-73.945546 40.785726 -73.977186 40.75388
-73.99603 40.713499 -73.998322 40.758436
-73.970997 40.759883 -74.017495 40.707261
-73.975343 40.767571 -73.926314 40.765782
-73.94183 40.791351 -73.976758 40.732954
-73.943898 40.779549 -74.007305 40.701524
-73.966399 40.770207 -73.994175 40.735342
-73.959049 40.743947 -73.987372 40.746448
-73.970712 40.766953 -73.987016 40.750039
-73.956105 40.747571 -73.987905 40.745874
-73.948022 40.77831 -73.977253 40.758119
-73.979267 40.780847 -74.007656 40.725121
-73.997816 40.718322 -73.96242 40.756115
-73.925969 40.75913 -73.996117 40.711111
-73.932171 40.796204 -73.984506 40.734609
-73.983933 40.777607 -73.961787 40.78341
-73.974118 40.745362 -73.951757 40.778847
-73.952766 40.799805 -73.988697 40.773824
-73.98492 40.719002 -73.985249 40.746248
-73.98774 40.701452 -73.964484 40.772186
-73.918951 40.755308 -73.960338 40.724546
-73.941958 40.773255 -73.963324 40.756132
-73.984749 40.727212 -73.959122 40.76066
-74.014084 40.718323 -73.9807 40.75076
-73.950175 40.778804 -74.00203 40.754361
-73.951537 40.781519 -73.981822 40.732664
-73.966865 40.796559 -73.953803 40.763843
-73.993033 40.753079 -74.016184 40.701374
-73.980554 40.788142 -74.00659 40.744614
-73.969839 40.765049 -74.010214 40.719095
-73.972616 40.772633 -73.956631 40.804512
-73.964241 40.739906 -73.950211 40.782555
-73.984323 40.75236 -74.007865 40.727951
-73.973156 40.730442 -73.94718 40.779592
-73.984516 40.773156 -73.965074 40.807598
-73.949322 40.783392 -73.983189 40.765221
-73.978158 40.780726 -73.991251 40.755232
-73.997527 40.736759 -73.917246 40.769376
-73.995201 40.731745 -73.977226 40.757898
-74.000928 40.712336 -73.959687 40.702625
-73.960747 40.788343 -73.976933 40.766662
-73.994596 40.751326 -74.01664 40.710591
-73.951783 40.773315 -73.966988 40.756278
-73.916889 40.751717 -73.961887 40.727392
-73.967675 40.790603 -73.995989 40.759196
-73.9678 40.806274 -73.995437 40.751629
-73.957594 40.788309 -74.00304 40.740083
-74.012751 40.716266 -73.978142 40.782692
-73.963447 40.771859 -73.998946 40.750295
-73.959469 40.765091 -73.98835 40.743823
-73.957378 40.775145 -73.977108 40.757387
-73.964381 40.765206 -74.004001 40.707027
-73.989665 40.763189 -74.016447 40.70662
-73.917686 40.753904 -73.954884 40.723041
-73.959625 40.74489 -73.987681 40.742426
-73.922405 40.778595 -73.94945 40.745307
-73.984686 40.787152 -73.990662 40.747985
-73.979636 40.746327 -74.013115 40.706769
-73.977879 40.756882 -73.958876 40.786253
-74.008359 40.734661 -73.983642 40.759539
-74.016853 40.720652 -73.990407 40.752266
-73.971097 40.792472 -73.967817 40.764919
-73.95978 40.766822 -73.99251 40.758741
-73.938198 40.751132 -73.976251 40.753269
-73.919405 40.740797 -73.969538 40.760291
-74.004989 40.768107 -74.014184 40.711263
-73.95163 40.771096 -73.979578 40.757695
-73.947252 40.769883 -73.979028 40.759223
-73.935292 40.808334 -73.962397 40.760097
-73.926985 40.752864 -73.996444 40.718689
-73.962173 40.767251 -73.999296 40.754843
-73.946513 40.77193 -73.947969 40.722604
-73.996082 40.740247 -73.964379 40.761548
-73.948189 40.787081 -73.989483 40.766023
-73.990559 40.734624 -73.921805 40.77524
-74.000423 40.708872 -73.976939 40.748952
-73.916879 40.771435 -73.963559 40.763228
-73.920798 40.772933 -73.969779 40.761462
-73.924838 40.777341 -73.967747 40.761943
-73.955377 40.741248 -73.98537 40.743682
-73.993443 40.705373 -73.967831 40.753511
-73.989536 40.752208 -74.012672 40.703079
-73.995264 40.762525 -74.009079 40.717589
-73.949625 40.770992 -73.975169 40.755327
-73.931698 40.784345 -73.967765 40.780461
-73.950567 40.789792 -73.974614 40.770191
-73.969036 40.774606 -73.998669 40.756134
-73.986406 40.729815 -73.963106 40.753982
-73.948213 40.7769 -73.968224 40.750074
-73.955134 40.750175 -74.016095 40.705391
-73.985102 40.76198 -74.014017 40.713187
