-73.949379 40.800597 -73.983488 40.76406
-73.96242 40.765754 -74.004984 40.701168
-73.981333 40.734834 -73.963889 40.761441
-74.006836 40.741595 -74.017507 40.71055
-73.956575 40.800938 -73.986751 40.760621
-73.983071 40.717532 -73.963602 40.755277
-73.94599 40.774103 -73.965645 40.751695
-73.973064 40.788096 -73.990938 40.746791
-73.939399 40.753711 -73.976964 40.753707
-73.948309 40.794282 -73.990212 40.772152
-73.947105 40.71708 -73.931762 40.744307
-73.993303 40.735599 -73.964696 40.759353
-73.951522 40.793734 -73.976453 40.778941
-73.96076 40.774051 -73.978571 40.734874
-73.969076 40.775327 -73.998601 40.757365
-73.984077 40.772531 -74.017727 40.713159
-73.947868 40.760136 -74.003987 40.701661
-73.955314 40.805954 -73.977 40.753777
-73.995761 40.733953 -73.966103 40.761311
-73.956883 40.762205 -74.011023 40.722031
-73.982439 40.765574 -74.010181 40.706521
-73.995248 40.755407 -74.005084 40.726413
-73.930372 40.789205 -73.982186 40.734926
-73.983225 40.772197 -73.946239 40.785748
-74.018137 40.714152 -73.996804 40.759701
-73.992234 40.722109 -73.979143 40.757582
-73.93371 40.756908 -73.997548 40.710558
-73.998 40.752945 -74.00422 40.711407
-73.978185 40.749636 -74.015903 40.703613
-73.953765 40.76305 -73.971768 40.710916
-74.007672 40.748585 -73.984052 40.777731
-74.006696 40.737618 -73.977835 40.755296
-74.002595 40.758938 -73.98436 40.786836
-73.971803 40.723132 -74.008131 40.70807
-73.976948 40.752582 -73.960466 40.779177
-73.973352 40.761621 -73.959113 40.803338
-73.995417 40.712953 -73.985699 40.748902
-74.000322 40.716211 -73.955544 40.708462
-73.959188 40.769909 -73.97555 40.741378
-73.923555 40.753658 -73.960081 40.723838
-73.991155 40.751124 -73.958697 40.798962
-73.990235 40.74279 -74.007545 40.702075
-73.947198 40.763451 -74.013226 40.723989
-73.986591 40.762851 -74.002978 40.727746
-73.947837 40.808183 -73.984317 40.767556
-73.949522 40.782791 -73.981433 40.761475
-73.991532 40.7268 -73.974164 40.753127
-73.99161 40.747229 -74.003899 40.717269
-73.97108 40.757522 -74.001354 40.701197
-73.964353 40.756096 -73.949906 40.780096
-73.979531 40.730912 -73.961661 40.763724
-73.985699 40.751785 -74.012995 40.716359
-73.968223 40.794612 -73.971454 40.759753
-73.986602 40.724581 -73.956669 40.771539
-73.954867 40.764271 -74.012164 40.706778
-73.967898 40.752482 -73.953253 40.800908
-73.999654 40.743944 -73.973478 40.754892
-73.928477 40.793787 -73.983552 40.730827
-73.988799 40.744508 -74.011258 40.718458
-73.984717 40.701474 -73.966872 40.772621
-73.94533 40.787943 -73.973556 40.751714
-73.995099 40.712215 -74.00245 40.75398
-73.990765 40.739554 -73.95634 40.75564
-73.953265 40.768134 -73.997073 40.766446
-73.987763 40.766494 -73.951321 40.789753
-73.999284 40.755293 -74.007855 40.710416
-73.961009 40.805628 -73.981728 40.766876
-74.002409 40.71008 -73.974807 40.754584
-74.003332 40.706084 -73.976251 40.754747
-73.999069 40.722188 -73.954203 40.721627
-73.96743 40.771465 -73.992172 40.75028
-73.936529 40.770069 -73.964299 40.756194
-74.012363 40.709676 -73.995517 40.759619
-73.973097 40.764019 -73.992728 40.732987
-73.951787 40.805093 -73.986504 40.776949
-73.956094 40.804288 -73.984391 40.76966
-74.002145 40.767362 -73.966129 40.765558
-73.946241 40.808135 -73.988471 40.759818
-73.95656 40.744182 -73.985581 40.742251
-73.962627 40.798567 -74.00166 40.743385
-73.987528 40.740098 -73.963224 40.776054
-74.01265 40.705228 -73.99926 40.768237
-73.988225 40.747818 -74.011344 40.711087
-73.949107 40.805009 -73.989152 40.762423
-73.93585 40.758378 -73.976092 40.750714
-74.00358 40.732151 -73.980152 40.76245
-73.963931 40.790806 -74.003193 40.72043
-73.952005 40.749893 -73.937313 40.793953
-73.960269 40.760204 -73.987064 40.769358
-73.970392 40.755373 -73.974201 40.797005
-73.991361 40.7477 -73.968168 40.764162
-73.999017 40.761028 -73.95743 40.773722
-73.950489 40.780235 -74.000292 40.704039
-73.919364 40.757963 -73.961003 40.721105
-73.99163 40.734865 -73.978115 40.761543
-73.972695 40.751523 -74.018066 40.716167
-73.947372 40.803795 -73.984714 40.773807
-73.916933 40.77513 -73.968861 40.769225
-74.002517 40.739117 -73.980505 40.761066
-73.95338 40.762308 -73.99165 40.740737
-73.99098 40.74148 -74.00277 40.715613
-73.998719 40.704852 -73.96499 40.754123
-73.995571 40.742912 -73.964037 40.760286
-73.974856 40.72672 -73.966226 40.765976
-73.975153 40.753684 -74.016891 40.705429
-73.970993 40.791965 -73.989946 40.765653
-73.964094 40.754971 -74.014463 40.705667
-73.993073 40.721312 -73.975252 40.757961
-73.985004 40.733023 -73.95422 40.753963
-73.965763 40.807891 -73.966991 40.757393
-73.954289 40.777759 -73.993829 40.757074
-73.974136 40.780907 -73.988612 40.754057
-73.984967 40.752926 -74.008789 40.721276
-73.970635 40.769079 -74.004102 40.710729
-73.94472 40.783263 -73.972895 40.760958
-73.971941 40.776484 -74.003974 40.745303
-73.984309 40.775074 -73.970675 40.801173
-73.948629 40.756704 -73.935127 40.797144
-73.995918 40.729367 -73.960979 40.722125
-73.996638 40.752678 -74.000238 40.722459
-73.940944 40.80624 -73.96176 40.767674
-73.984478 40.776838 -73.996165 40.729977
-73.995376 40.748164 -74.015992 40.713708
-73.985694 40.782915 -73.994273 40.743376
-73.927548 40.757422 -73.99411 40.717458
-73.938967 40.708655 -73.969394 40.755288
-74.006752 40.739016 -73.979023 40.751383
-73.99047 40.721147 -73.968172 40.765548
-73.923151 40.755982 -73.961393 40.726252
-73.971936 40.777155 -73.981094 40.742621
-73.999842 40.736624 -73.974679 40.762763
-74.006608 40.760274 -74.01156 40.711292
-73.978451 40.720463 -74.008399 40.701181
-73.967911 40.75876 -73.928277 40.767353
-73.951176 40.803022 -73.988978 40.77729
-74.008301 40.769086 -73.976026 40.783852
-73.997564 40.744153 -73.970188 40.762245
-73.979422 40.751807 -74.004257 40.752984
-73.995641 40.754342 -73.959876 40.764883
-73.948224 40.776787 -73.979719 40.748186
-74.007973 40.765395 -73.962069 40.779371
-73.999715 40.718939 -73.992192 40.752845
-73.92735 40.767268 -73.97235 40.759308
-73.951112 40.759453 -73.937356 40.795958
-73.995369 40.753833 -73.98704 40.723152
-73.93867 40.805345 -73.957111 40.783276
-73.958446 40.763072 -73.989775 40.770605
-73.924567 40.741728 -73.98697 40.762997
-73.96188 40.805415 -73.987988 40.767065
-73.990086 40.754404 -73.955709 40.778543
-73.969033 40.748494 -74.003192 40.702233
-73.945214 40.806074 -73.981817 40.767549
-73.975453 40.723261 -73.944185 40.771566
-73.990119 40.728035 -73.965484 40.754221
-73.999292 40.74979 -74.011038 40.710599
-74.00142 40.767933 -74.015345 40.712953
-73.991616 40.73224 -73.980245 40.762077
-73.960094 40.770209 -74.003356 40.74713
-74.006871 40.742308 -74.012506 40.709198
-73.949328 40.786565 -73.977209 40.759
-73.949908 40.776974 -73.986131 40.740357
-73.982051 40.70613 -74.002924 40.746186
-73.964697 40.77004 -73.997061 40.736572
-73.970218 40.767467 -74.001023 40.718193
-74.010229 40.728756 -73.951614 40.727259
-73.918016 40.741402 -73.96734 40.756027
-73.920305 40.7581 -73.955218 40.72516
-73.942233 40.756874 -73.973059 40.757172
-73.988809 40.752483 -73.955955 40.788915
-73.960214 40.800007 -73.98224 40.758396
-73.94488 40.773423 -73.990168 40.769682
-73.974151 40.750262 -74.016837 40.706219
-73.946014 40.807701 -73.988046 40.77508
-73.971851 40.763828 -73.968505 40.802213
-73.93683 40.798141 -73.965445 40.765168
-73.944292 40.798235 -73.978582 40.771567
-74.002327 40.74866 -74.003218 40.700534
-73.992475 40.751658 -73.991415 40.724789
-73.925488 40.798105 -73.981367 40.737626
-73.997001 40.719499 -73.986619 40.745254
-73.972718 40.786179 -73.990617 40.741596
-74.00127 40.763073 -73.975551 40.736802
-73.997819 40.764276 -74.009772 40.711537
-74.002301 40.739128 -73.990335 40.769928
-74.003251 40.729108 -73.975276 40.757455
-74.001858 40.723634 -73.981353 40.758128
-74.002566 40.724877 -73.993469 40.754784
-73.959366 40.772058 -73.936907 40.802975
-73.931524 40.771995 -73.997361 40.724336
-73.982502 40.762514 -74.009142 40.70949
-73.956409 40.805671 -73.987786 40.76398
-73.994212 40.72636 -73.950902 40.778606
-73.980193 40.754264 -74.006118 40.750489
-73.977914 40.749393 -73.988795 40.714923
-74.002802 40.729104 -73.998969 40.757153
-73.991809 40.745272 -74.002132 40.720069
-73.984878 40.756193 -73.991827 40.725824
-73.934302 40.754341 -73.991435 40.711405
-73.945442 40.778691 -73.989137 40.761099
-73.95643 40.765293 -73.998597 40.758355
-73.935305 40.789204 -74.005898 40.702547
-74.017502 40.729677 -73.949582 40.725808
-73.937201 40.789943 -74.005294 40.702155
-73.919817 40.769403 -73.968158 40.764464
-73.974143 40.753453 -73.951393 40.79049
-73.998993 40.711676 -73.97969 40.764176
-73.945514 40.765825 -74.014634 40.705863
-73.9851 40.774571 -73.94077 40.805526
-74.003791 40.713611 -74.000382 40.744945
-73.968351 40.779205 -74.006647 40.758437
-73.937158 40.800589 -73.954026 40.784725
-73.993503 40.756523 -73.968552 40.774901
-74.003538 40.74963 -74.017561 40.712937
-73.936147 40.792281 -73.96638 40.761616
-73.974931 40.766058 -73.990862 40.73144
-73.92154 40.741854 -73.989512 40.765955
-73.993058 40.755243 -73.959036 40.800003
-73.939993 40.75015 -73.945441 40.787604
-73.993552 40.753099 -74.013813 40.703505
-73.985894 40.744852 -74.009216 40.700442
-73.973408 40.766722 -73.967557 40.801905
-73.993223 40.75182 -74.011967 40.711411
-73.946892 40.770694 -73.9738 40.743054
-73.963512 40.754008 -74.017487 40.711191
-74.006626 40.760947 -73.960064 40.784712
-73.960456 40.773926 -73.997253 40.75042
-73.946041 40.712376 -73.933128 40.748914
-73.999201 40.75078 -74.008812 40.719183
-73.95685 40.802948 -73.9844 40.767563
-73.967347 40.77821 -73.996284 40.751646
-73.939706 40.758069 -73.980326 40.754642
-73.971343 40.793619 -73.966939 40.765396
-73.987215 40.734475 -73.954838 40.777346
-73.959699 40.770338 -73.998349 40.754799
-73.97881 40.746329 -74.014004 40.706385
-73.963567 40.750499 -73.987836 40.708784
-73.991352 40.754657 -74.009489 40.703924
-74.00242 40.763629 -73.954314 40.780326
-73.949742 40.782537 -74.001225 40.703651
-73.961786 40.748436 -73.981977 40.740088
-74.008612 40.736932 -73.974557 40.768325
-73.923471 40.739973 -73.962866 40.768242
-73.985408 40.747314 -74.013006 40.713488
-73.998363 40.757313 -74.014773 40.717989
-73.961453 40.766975 -74.012816 40.702423
-73.952366 40.771824 -73.979424 40.755579
-73.964354 40.770628 -73.984459 40.731122
-74.002065 40.768021 -73.963785 40.807845
-73.995026 40.715307 -73.979048 40.746133
-73.997955 40.756098 -73.970066 40.769916
-73.981868 40.765642 -74.00153 40.735852
-73.929565 40.795458 -73.985538 40.731067
-74.006289 40.746627 -74.014423 40.707978
-73.952817 40.78685 -73.999018 40.766362
-73.95881 40.808012 -73.998341 40.739206
-73.975109 40.766379 -74.006852 40.750982
-73.945442 40.711556 -73.933713 40.740671
-73.91682 40.778886 -73.965244 40.76306
-73.990955 40.763037 -73.964983 40.79394
-73.988922 40.743426 -73.963648 40.773598
-73.976343 40.774402 -74.00711 40.765147
-73.934083 40.79657 -73.98104 40.733329
-73.949168 40.799055 -73.988599 40.773564
-73.988238 40.76499 -73.963291 40.804357
-74.016249 40.724586 -73.948851 40.72447
-73.966059 40.752835 -73.99382 40.730756
-74.004957 40.76856 -73.958953 40.787918
-73.981148 40.708519 -73.971444 40.774221
-73.991062 40.733762 -73.918815 40.769653
-73.96884 40.7969 -73.990709 40.755819
-73.984843 40.768371 -74.017474 40.717024
-73.988068 40.76439 -73.96 40.785784
-73.934395 40.762682 -73.966746 40.763583
-74.012616 40.710155 -74.006894 40.741657
-73.969393 40.743049 -73.9517 40.784637
-73.971872 40.751657 -73.993066 40.724124
-73.973743 40.720437 -73.970807 40.768883
-73.960575 40.75351 -73.95036 40.729118
-73.960587 40.80768 -73.977632 40.766423
-74.006879 40.733664 -73.973176 40.765151
-73.935379 40.773878 -73.982032 40.766169
-73.991978 40.752162 -73.958727 40.786905
-73.973321 40.722757 -73.974019 40.752747
-74.011321 40.711357 -73.997837 40.731016
-73.993012 40.748957 -73.922849 40.746771
-73.971531 40.749314 -73.95715 40.781117
-73.95178 40.78843 -73.971758 40.778077
-73.981278 40.779302 -73.996842 40.747824
-73.975049 40.726565 -73.944981 40.776305
-73.98942 40.756683 -73.995598 40.729577
-73.957752 40.803222 -73.987592 40.753668
-73.953389 40.782909 -73.976582 40.75901
-73.954239 40.762562 -74.014822 40.71877
-73.979638 40.752923 -74.008261 40.740461
-73.988989 40.709168 -73.966198 40.773583
-74.004945 40.734436 -73.973354 40.764708
-73.999888 40.704011 -73.963517 40.758362
-73.974894 40.747898 -74.005801 40.725309
-73.957977 40.77627 -73.986892 40.731019
-73.983462 40.727924 -73.954165 40.767907
-73.99353 40.740705 -73.967378 40.750737
-73.923271 40.747577 -73.954197 40.764016
-73.977006 40.770833 -73.981449 40.749579
-74.01241 40.719985 -73.991485 40.751237
-73.962178 40.776306 -73.941562 40.80189
-73.985369 40.743693 -74.016969 40.700816
-73.996965 40.745359 -74.013512 40.713055
-73.997334 40.752607 -74.006658 40.711987
-73.972337 40.788978 -73.993716 40.753844
-73.97365 40.723389 -73.980169 40.75096
-73.968434 40.793206 -73.998245 40.750905
-73.995417 40.715923 -73.96744 40.749795
-74.017765 40.701723 -73.996944 40.771344
-73.955834 40.745159 -73.98802 40.744009
-73.944246 40.75555 -73.939281 40.798386
-73.972477 40.766396 -73.996344 40.712376
-73.959584 40.770794 -74.012648 40.705126
-73.995828 40.742244 -73.953352 40.714743
-73.967124 40.798899 -73.979237 40.764189
-74.005992 40.711771 -73.97279 40.756398
-73.972552 40.747315 -73.996017 40.716413
-73.923195 40.758065 -73.962058 40.720116
-73.949907 40.778219 -73.99073 40.742532
-73.947368 40.781898 -73.983069 40.723509
-73.980182 40.745648 -73.953913 40.776779
-74.016275 40.729778 -73.972226 40.756338
-73.996523 40.755514 -73.969581 40.805467
-73.920144 40.749548 -73.986638 40.746715
-73.924185 40.747043 -73.98106 40.746243
-73.996504 40.749785 -73.955066 40.782798
-73.967251 40.767525 -73.982151 40.739851
-73.987229 40.740265 -73.955395 40.785992
-73.976466 40.752403 -74.011368 40.70944
-73.994325 40.728038 -73.97834 40.751383
-73.960862 40.756371 -74.013516 40.701366
-73.945015 40.789496 -73.972386 40.772104
-73.978929 40.739818 -74.006979 40.708264
-73.970534 40.798836 -73.986971 40.76079
-73.97829 40.742936 -74.016508 40.710074
-73.953428 40.76037 -73.986673 40.777215
-73.946827 40.770348 -73.990843 40.745154
-73.959048 40.767203 -73.983024 40.742044
-73.984192 40.734392 -73.950344 40.767081
-73.955862 40.76958 -73.936249 40.807914
-73.975747 40.785561 -73.983567 40.745061
-73.998943 40.757099 -73.978942 40.780138
-73.97845 40.794808 -73.991459 40.756646
-73.955195 40.766944 -73.98111 40.769608
-73.989191 40.701131 -73.970349 40.778555
-73.945979 40.757709 -73.942658 40.792313
-73.930544 40.754446 -73.999438 40.710934
-73.973348 40.774376 -73.988883 40.749236
-73.974142 40.758387 -74.017312 40.707186
-73.97887 40.767621 -74.008625 40.713313
-73.929509 40.762498 -73.963159 40.766913
-73.919886 40.746391 -73.967743 40.751245
-73.919698 40.75953 -73.996114 40.720563
-73.974125 40.782846 -73.974394 40.75703
-73.976635 40.729931 -73.972435 40.757125
-73.94542 40.788699 -73.963045 40.757352
-74.005175 40.747381 -73.984642 40.777569
-74.014249 40.7165 -73.992704 40.742506
-73.972667 40.742525 -74.013668 40.702427
-73.980456 40.778246 -73.960216 40.802455
-73.94502 40.782565 -74.017218 40.706751
-73.984344 40.77774 -73.946074 40.780698
-73.95777 40.761693 -74.010625 40.707554
-73.944389 40.802139 -73.985794 40.765799
-73.964198 40.752392 -74.017646 40.705691
-73.940834 40.705907 -73.967688 40.755501
-73.944985 40.767107 -73.97724 40.746741
-74.00004 40.702951 -73.979053 40.751453
-74.007355 40.73082 -73.965529 40.766901
-73.980883 40.725829 -74.000257 40.70352
-73.941541 40.805681 -73.958125 40.767973
-73.924675 40.765847 -73.998618 40.727347
-73.992125 40.748999 -74.0049 40.700636
-73.975924 40.757533 -74.003263 40.703327
-73.92308 40.747195 -73.985213 40.760277
-73.976083 40.787301 -73.991609 40.754637
-73.981223 40.740369 -74.012575 40.715728
-73.980721 40.766273 -73.950836 40.718861
-73.976751 40.751062 -74.008342 40.74294
-73.975155 40.755172 -74.007336 40.742425
-73.99765 40.737444 -73.972712 40.767941
-74.000866 40.741892 -74.009347 40.706729
-73.955065 40.767721 -74.017278 40.723091
-73.98417 40.741469 -73.956223 40.788183
-73.993269 40.754412 -74.008089 40.714402
-73.98581 40.763233 -73.994518 40.727474
-74.005632 40.701885 -73.974955 40.740899
-73.964674 40.766555 -73.990029 40.725658
-73.972566 40.794383 -73.934122 40.792876
-73.990106 40.742447 -74.015504 40.708907
-73.983277 40.711259 -73.973643 40.757818
-73.997262 40.775006 -74.003025 40.726374
-73.945469 40.798102 -73.988916 40.771427
-73.991617 40.719684 -73.999062 40.756823
-74.008818 40.743797 -73.986009 40.759874
-73.995883 40.757362 -73.964932 40.761715
-74.004092 40.745384 -73.986926 40.764141
-73.918686 40.753785 -73.954832 40.72372
-73.972594 40.756482 -74.008703 40.700665
-74.000368 40.739101 -73.978848 40.750634
-73.989236 40.775146 -73.945465 40.782361
-73.95567 40.759732 -74.01001 40.706171
-73.979037 40.782562 -73.994171 40.754395
-73.951048 40.769942 -73.987838 40.735423
-73.983864 40.77383 -74.017734 40.714754
-73.971856 40.752737 -74.00162 40.744011
-73.952712 40.770478 -73.985543 40.743418
-74.000596 40.739555 -73.979539 40.742707
-73.932909 40.796827 -73.989551 40.734554
-73.999772 40.703769 -73.975229 40.759109
-73.991774 40.719111 -73.973408 40.747248
-73.986118 40.745272 -74.006905 40.706901
-73.977323 40.777988 -74.004193 40.748413
-73.954566 40.777512 -73.942615 40.803524
-73.951932 40.783304 -73.977032 40.75131
-74.000861 40.763719 -74.012116 40.711267
-73.984906 40.753414 -73.958056 40.805305
-73.945926 40.777686 -73.983627 40.731869
-73.972429 40.781931 -73.996756 40.756233
-73.953734 40.805063 -73.948651 40.771269
-73.961376 40.803675 -73.983259 40.778646
-73.967571 40.769914 -73.981737 40.733307
-73.972566 40.752118 -74.005109 40.711024
-74.014253 40.721108 -73.98297 40.750105
-73.964463 40.753127 -73.999679 40.713758
-73.937854 40.757548 -73.950961 40.781774
-74.007368 40.708966 -73.980283 40.739823
-73.956849 40.799624 -73.986207 40.764755
-73.954074 40.760884 -73.920992 40.773278
-73.985459 40.772979 -73.95696 40.801396
-73.966625 40.801558 -73.982064 40.774121
-73.984508 40.76069 -73.954689 40.783056
-73.926859 40.768477 -73.965237 40.764378
-73.96882 40.806936 -73.993671 40.762603
-73.974891 40.760503 -73.926941 40.761955
-73.987132 40.713096 -73.966512 40.751091
-73.998346 40.743914 -73.965583 40.760808
-73.982073 40.748033 -73.953386 40.773319
-73.997159 40.758188 -74.002566 40.728993
-73.999282 40.748537 -74.011367 40.719256
-73.934101 40.775539 -73.998282 40.727071
-73.935407 40.774634 -73.96869 40.757396
-73.943443 40.775222 -73.967502 40.751013
-73.994342 40.753992 -74.012729 40.708883
-73.972612 40.783905 -74.002857 40.759171
-73.959905 40.786007 -73.975513 40.752755
-73.963923 40.746563 -73.95235 40.784206
-73.959545 40.748055 -73.989093 40.74693
-74.008788 40.74428 -73.989451 40.763337
-73.983909 40.709165 -73.97008 40.770115
-73.97893 40.749573 -73.942942 40.80869
-73.922888 40.752595 -73.954654 40.728289
-73.996795 40.752777 -74.011764 40.717221
-74.005911 40.709241 -73.994632 40.732668
-73.998296 40.749941 -74.003586 40.717584
-73.987176 40.70472 -74.001635 40.747855
-73.97184 40.757728 -74.005581 40.722876
-73.938421 40.701501 -73.970248 40.75936
-73.939921 40.805214 -73.96196 40.786137
-73.975833 40.750281 -74.017276 40.707078
-73.937287 40.798556 -73.99374 40.742366
-73.960757 40.805063 -73.983353 40.76638
-74.008346 40.739719 -73.985595 40.75978
-73.971497 40.743544 -74.002315 40.706204
-73.977208 40.744888 -74.000954 40.7076
-73.994105 40.73298 -74.009151 40.704406
-73.941461 40.800393 -73.958934 40.769778
-73.959282 40.75238 -74.01605 40.700779
-73.93179 40.778079 -73.993719 40.721331
-73.997358 40.711229 -73.971294 40.717745
-73.949858 40.786435 -73.973513 40.758961
-73.983816 40.774161 -73.994341 40.732098
-74.014905 40.726284 -73.992783 40.759064
-73.922981 40.777026 -73.963015 40.765467
-73.997199 40.744665 -73.959981 40.768789
-73.964661 40.767827 -74.003832 40.721068
-73.948659 40.758685 -73.938266 40.795048
-73.91739 40.755178 -73.955843 40.723381
-73.959866 40.773718 -74.00659 40.702795
-73.999811 40.767975 -73.953434 40.779283
-73.984377 40.717463 -73.987592 40.745315
-73.945983 40.805446 -73.990204 40.768733
-74.006024 40.739844 -74.018183 40.714782
-73.963683 40.808613 -73.990041 40.771397
-73.990015 40.746814 -74.014215 40.703114
-73.976234 40.749752 -73.999243 40.720374
-73.973088 40.74871 -74.002763 40.71498
-73.948814 40.759274 -73.941886 40.792559
-73.984481 40.76103 -73.962182 40.787632
-73.99806 40.741832 -74.015831 40.711005
-73.961555 40.760445 -74.005632 40.705837
-74.007278 40.716887 -73.992273 40.763824
-74.01565 40.70153 -73.979042 40.743395
-73.998863 40.75586 -73.957022 40.771213
-73.99866 40.736326 -73.95523 40.762125
-73.971406 40.789893 -74.004448 40.755697
-73.980681 40.768695 -73.993932 40.715054
-74.01046 40.723609 -73.992739 40.757907
-73.924936 40.755766 -73.95929 40.727768
-73.955085 40.764008 -73.99031 40.759674
-73.942263 40.804558 -73.957587 40.779534
-74.003014 40.702428 -73.973932 40.757428
-73.93867 40.701615 -73.970791 40.758949
-73.93684 40.773985 -73.970422 40.758173
-74.008916 40.720639 -73.992274 40.74969
-73.95357 40.761958 -73.991069 40.758849
-73.917767 40.743563 -73.963957 40.766989
-73.947653 40.803449 -73.989705 40.761829
-73.978085 40.761884 -73.949675 40.798066
-73.951599 40.800947 -73.981896 40.777378
-73.95581 40.768615 -73.935649 40.804959
-73.996846 40.752166 -74.011252 40.714762
-73.938264 40.798177 -73.96252 40.762416
-73.970877 40.798333 -73.992671 40.749695
-74.016655 40.715802 -73.976947 40.749192
-73.970975 40.79796 -74.008278 40.749592
-73.96174 40.748697 -73.981328 40.740254
-73.935997 40.804859 -73.959563 40.774773
-73.996847 40.754178 -73.974676 40.785986
-73.991734 40.753417 -74.007888 40.718153
-73.948139 40.787197 -74.016863 40.726829
-74.005136 40.766356 -73.972048 40.782875
-73.999154 40.753829 -73.957039 40.763211
-73.927711 40.78986 -73.988747 40.736825
-73.919213 40.766831 -73.990918 40.72876
-73.948155 40.783815 -73.993766 40.738439
-73.978408 40.744846 -74.009947 40.702881
-74.003817 40.742313 -73.975243 40.767205
-74.004864 40.744758 -73.972788 40.763253
-73.966347 40.76289 -73.937803 40.798868
-73.996239 40.745191 -73.958219 40.76042
-73.994006 40.767392 -73.996529 40.739506
-73.991225 40.750351 -74.016243 40.713428
-73.924993 40.75234 -73.955167 40.723627
-73.975422 40.781051 -73.957221 40.80491
-73.946844 40.786065 -73.984979 40.761391
-73.934326 40.76958 -73.999494 40.728292
-73.988275 40.740453 -73.961735 40.767211
-73.985251 40.742865 -74.017172 40.710421
-73.969034 40.799377 -73.982297 40.757895
-73.977264 40.74421 -73.958541 40.771566
-73.98196 40.70322 -73.963831 40.778229
-73.997438 40.758946 -74.011549 40.700521
-73.964061 40.762528 -73.955552 40.808574
-73.939703 40.801248 -73.961774 40.781733
-73.994272 40.722965 -73.977717 40.753434
-73.99616 40.756803 -74.008347 40.719886
-73.995344 40.768257 -74.009949 40.715337
-73.915953 40.755694 -73.957468 40.726797
-73.916787 40.747946 -73.95688 40.763707
-73.959112 40.766606 -73.983534 40.740091
-73.989004 40.745051 -74.0098 40.729236
-73.979634 40.74193 -74.016155 40.715906
-73.993431 40.748155 -74.010137 40.704194
-73.972443 40.755075 -74.01061 40.705808
-73.944759 40.774152 -73.978305 40.758661
-73.935356 40.804364 -73.957882 40.774411
-73.964216 40.749735 -73.98322 40.731393
-73.948643 40.770872 -73.984639 40.748877
-73.969381 40.7548 -74.015235 40.70699
-73.969253 40.76876 -74.016938 40.713236
-73.986858 40.706455 -74.005272 40.742612
-73.985364 40.727275 -74.003541 40.758452
-73.976412 40.76725 -74.00787 40.720009
-73.993922 40.723056 -73.978357 40.754526
-73.993553 40.73988 -73.97999 40.77848
-73.986771 40.716762 -73.973757 40.755101
-73.97317 40.782817 -74.012524 40.722833
-73.979415 40.756549 -74.003907 40.717449
-73.999252 40.742585 -73.962411 40.768139
-73.950861 40.792719 -73.97671 40.771389
-73.938298 40.753252 -73.976828 40.750099
-73.974366 40.742225 -73.960082 40.76554
-73.92978 40.766498 -73.977891 40.753069
-73.97755 40.727331 -74.004681 40.709182
-73.971329 40.795784 -74.003099 40.749599
-73.980976 40.733221 -74.013794 40.723561
-73.952439 40.780211 -73.969381 40.740656
-73.947156 40.79052 -73.990066 40.776426
-73.965255 40.769142 -73.965799 40.798919
-73.973611 40.780005 -73.944537 40.785657
-73.980708 40.773732 -73.943691 40.799032
-73.996809 40.729377 -73.975467 40.760314
-73.979854 40.743259 -74.013601 40.728112
-74.004006 40.733639 -73.986994 40.760577
-73.937422 40.752402 -73.947517 40.782422
-73.951172 40.799287 -73.98569 40.776814
-73.954841 40.775793 -73.994217 40.745341
-73.949751 40.780856 -73.977967 40.759969
-74.015903 40.701236 -74.005173 40.7439
-73.950146 40.76981 -73.974207 40.742058
-73.966251 40.80781 -73.942368 40.758831
-74.003434 40.759133 -73.985439 40.786931
-73.951502 40.803177 -73.985951 40.764229
-73.991799 40.720142 -73.970733 40.771275
-73.986331 40.752696 -74.009005 40.708488
