-73.918017 40.768738 -73.990785 40.724284
-74.006447 40.711808 -73.973745 40.742575
-74.001405 40.738599 -73.972333 40.751904
-73.920858 40.765345 -73.991586 40.725272
-73.974093 40.780918 -73.952937 40.792823
-73.936051 40.773334 -73.969504 40.754456
-73.997236 40.766934 -73.952704 40.782924
-73.998376 40.750129 -73.996473 40.71052
-73.967334 40.755383 -74.010009 40.709244
-73.978555 40.784182 -73.991378 40.751693
-73.951267 40.787647 -73.992146 40.750402
-74.000469 40.716502 -73.98133 40.75867
-74.016898 40.702032 -73.976774 40.752191
-73.919448 40.760266 -73.999353 40.728054
-74.007839 40.768243 -73.968781 40.764249
-73.980543 40.753228 -74.003508 40.711781
-74.003032 40.712737 -73.981132 40.759198
-73.96425 40.765298 -74.005779 40.721095
-73.944271 40.776393 -73.996977 40.734917
-73.971047 40.792119 -73.965925 40.762431
-73.971854 40.786974 -73.999506 40.753724
-73.972981 40.774875 -73.9423 40.804622
-74.00991 40.705483 -73.983466 40.73205
-73.990548 40.757484 -73.95698 40.768429
-73.941404 40.778937 -73.988545 40.768917
-73.918433 40.759187 -73.958 40.726671
-73.940344 40.776345 -73.966392 40.755203
-73.991959 40.771276 -74.002086 40.722974
-73.993458 40.719005 -73.977753 40.746656
-73.995188 40.7544 -73.954202 40.799576
-74.017123 40.708562 -73.979764 40.736398
-73.932978 40.757783 -73.991215 40.7126
-73.977596 40.725137 -73.977909 40.75203
-73.956024 40.765968 -74.007472 40.745996
-73.989242 40.719923 -73.948026 40.704344
-74.009371 40.703787 -74.007716 40.758925
-73.98346 40.746223 -73.959068 40.774039
-74.001978 40.730773 -73.967928 40.763432
-73.94644 40.78714 -73.971988 40.746217
-73.990153 40.738831 -74.015293 40.719
-73.958262 40.769059 -74.009099 40.706531
-73.983416 40.771998 -74.005232 40.745128
-74.002469 40.747675 -73.978778 40.760001
-73.972991 40.757082 -74.005043 40.708668
-74.01184 40.713408 -73.978629 40.764562
-73.948396 40.788937 -73.972594 40.744198
-73.951226 40.790039 -73.984497 40.77007
-73.948728 40.788509 -74.014466 40.70783
-73.988927 40.747835 -74.001883 40.72527
-73.992563 40.707794 -73.97117 40.751725
-73.945718 40.778524 -73.963478 40.756528
-73.998138 40.702218 -73.963859 40.754549
-74.005178 40.733421 -73.979114 40.756234
-74.007658 40.713397 -73.994966 40.756162
-73.953253 40.775327 -73.937596 40.806897
-73.984439 40.718954 -73.984585 40.748834
-73.996486 40.723051 -73.986539 40.755779
-73.94606 40.803895 -73.989592 40.762088
-73.979778 40.756845 -74.001639 40.702574
-73.926533 40.791449 -73.987602 40.733647
-73.948953 40.712225 -73.927112 40.741662
-73.975403 40.75601 -74.014641 40.703358
-74.006317 40.73694 -73.975774 40.754444
-73.978632 40.732365 -73.98569 40.769547
-73.98347 40.708555 -73.965062 40.774341
-73.950791 40.792559 -73.973329 40.77745
-73.973915 40.739637 -73.964621 40.77121
-73.986459 40.778511 -73.991441 40.732037
-73.998138 40.706837 -73.971684 40.754344
-74.012079 40.706933 -74.000832 40.742129
-73.948971 40.780585 -73.97715 40.767227
-73.990901 40.742864 -74.014097 40.713496
-73.994199 40.767647 -73.991849 40.738697
-73.977301 40.782757 -73.950622 40.78762
-73.997336 40.77054 -74.016102 40.728742
-73.969806 40.757354 -73.949686 40.77564
-74.00798 40.765523 -73.971635 40.760964
-73.922458 40.748725 -73.969603 40.764078
-73.952996 40.781299 -73.972152 40.777238
-73.927604 40.772328 -73.997184 40.720592
-73.987224 40.760125 -73.973497 40.794782
-73.985452 40.726905 -73.972925 40.752683
-73.919039 40.756109 -73.957657 40.722614
-73.948497 40.778707 -73.987067 40.762548
-73.966289 40.755581 -74.005939 40.706923
-73.916885 40.749037 -73.964744 40.767615
-73.972464 40.759308 -74.009412 40.703943
-73.940692 40.79488 -73.965517 40.762826
-74.016786 40.704076 -74.01111 40.73543
-73.940939 40.708497 -73.965905 40.755939
-73.983003 40.777514 -73.998389 40.746514
-73.919394 40.747038 -73.985126 40.748177
-73.919992 40.742321 -73.956181 40.761498
-73.985514 40.740453 -74.008562 40.703669
-73.99596 40.755705 -74.006098 40.726252
-73.950351 40.779728 -73.984321 40.764819
-73.981015 40.726098 -73.977526 40.755172
-73.995771 40.749675 -73.980845 40.787867
-73.983294 40.7263 -73.98042 40.750004
-74.008124 40.712305 -74.002645 40.748585
-73.992431 40.714657 -73.964596 40.750478
-73.982908 40.787891 -73.995201 40.74567
-73.940175 40.770267 -73.971331 40.75321
-73.984566 40.77736 -74.014447 40.710513
-73.940579 40.805077 -73.954373 40.767622
-73.986833 40.709518 -73.966442 40.770907
-73.972884 40.752772 -73.943816 40.794522
-73.952125 40.775325 -73.980809 40.773516
-73.967951 40.766168 -73.992889 40.748151
-73.978059 40.773348 -73.995329 40.744952
-74.016158 40.702009 -73.972247 40.731931
-73.953094 40.781019 -73.962914 40.751895
-73.952099 40.777802 -73.965335 40.740349
-73.956795 40.780828 -73.966453 40.758172
-73.981911 40.747808 -74.010109 40.70055
-74.014517 40.717479 -73.994653 40.739569
-73.921536 40.77258 -73.967527 40.765254
-73.950947 40.778154 -73.978291 40.744634
-73.997461 40.707319 -73.97097 40.751485
-73.924653 40.74964 -73.953847 40.726751
-73.99451 40.711294 -73.971865 40.74846
-73.98566 40.747363 -73.96037 40.762678
-73.990262 40.733845 -73.963374 40.758245
-73.950454 40.807562 -73.988907 40.769237
-73.99516 40.777201 -74.012411 40.720796
-74.01151 40.719245 -73.982169 40.763252
-73.975634 40.756406 -74.009695 40.711003
-73.965049 40.756153 -74.00933 40.707313
-73.984256 40.762447 -74.013814 40.704889
-73.980481 40.755417 -73.997321 40.724689
-73.988912 40.751353 -74.009549 40.709046
-73.991663 40.75026 -74.008291 40.722198
-73.949341 40.77996 -73.987612 40.768548
-74.007796 40.719893 -73.990224 40.741783
-73.954766 40.757421 -73.989631 40.738107
-73.938462 40.795168 -73.976082 40.785822
-74.00294 40.744001 -74.003805 40.707493
-73.999541 40.707558 -73.971187 40.754715
-73.929821 40.796818 -73.987864 40.731522
-73.94448 40.793606 -73.964914 40.760167
-73.91903 40.740671 -73.963184 40.763079
-73.972646 40.75407 -73.953684 40.786754
-73.93547 40.777706 -73.964574 40.752156
-74.002032 40.764227 -73.968725 40.7627
-73.99052 40.745049 -74.009421 40.717316
-73.993794 40.769565 -74.016335 40.723974
-73.986076 40.756487 -74.005946 40.71993
-73.943609 40.70702 -73.966777 40.751716
-73.928098 40.776576 -73.991038 40.720378
-73.970196 40.786614 -73.987615 40.760589
-73.946287 40.777405 -73.966167 40.751765
-73.921187 40.74967 -73.960066 40.728471
-73.974092 40.757411 -74.00461 40.748136
-73.952369 40.779871 -73.968833 40.752622
-73.953024 40.776421 -73.964546 40.749546
-73.99117 40.756564 -74.009561 40.711978
-73.989285 40.707199 -73.964961 40.773953
-73.99272 40.773049 -74.006223 40.723919
-73.971938 40.757484 -74.015966 40.705882
-73.957331 40.758448 -73.952056 40.723274
-73.975769 40.779924 -73.950911 40.784663
-73.9767 40.783091 -74.009392 40.716026
-73.920713 40.744509 -73.989561 40.763066
-73.938375 40.75097 -73.971824 40.751434
-73.984325 40.749894 -73.953338 40.782559
-73.968704 40.766627 -74.004463 40.73782
-73.988283 40.707014 -74.005285 40.745761
-73.957368 40.766374 -73.992982 40.733182
-74.017063 40.709172 -74.007075 40.745148
-73.980826 40.787423 -73.972986 40.758895
-73.971731 40.772071 -73.95929 40.804746
-73.960064 40.763764 -73.927031 40.791922
-73.923999 40.745507 -73.965493 40.754826
-73.988882 40.765871 -73.943839 40.796059
-73.994795 40.736952 -74.01655 40.717208
-73.973616 40.776631 -73.956001 40.802722
-74.010757 40.700809 -73.979282 40.75605
-73.961654 40.768776 -73.982239 40.754571
-73.945763 40.77575 -74.002269 40.702329
-73.917899 40.750359 -73.957089 40.728661
-73.949103 40.776452 -73.989875 40.743274
-73.990844 40.703701 -73.963632 40.75663
-73.925872 40.761474 -73.986067 40.742163
-74.007745 40.712737 -73.985876 40.744825
-73.962015 40.767711 -73.998382 40.73499
-74.017902 40.713227 -74.007839 40.753517
-73.944263 40.789327 -73.979955 40.777346
-73.936541 40.750634 -73.975862 40.751022
-73.926385 40.770418 -73.994477 40.721315
-73.999308 40.744221 -74.013447 40.701772
-74.003564 40.744512 -74.011528 40.711916
-73.954305 40.78498 -73.971442 40.750043
-73.991638 40.754606 -73.950017 40.785929
-73.989927 40.786352 -73.954163 40.764712
-74.001748 40.718547 -74.007178 40.755585
-74.015787 40.711099 -73.990759 40.743557
-73.993837 40.728347 -73.973748 40.752982
-73.957622 40.778295 -73.98807 40.771077
-73.948606 40.774438 -73.978641 40.715416
-73.973993 40.718915 -73.997969 40.746488
-73.97456 40.752036 -73.958724 40.788871
-73.974536 40.778575 -73.998177 40.740543
-73.973758 40.752233 -74.000391 40.747046
-73.991482 40.754036 -74.000379 40.711923
-73.951589 40.785489 -73.979573 40.747444
-73.966929 40.753293 -73.996732 40.730204
-73.977489 40.738565 -74.014317 40.722109
-73.996194 40.731531 -74.017983 40.703705
-73.995293 40.753284 -73.956067 40.802197
-73.962606 40.767111 -74.015975 40.712534
-73.99312 40.753669 -73.955483 40.764541
-73.975048 40.77986 -73.995432 40.752948
-73.986516 40.774082 -74.014294 40.719028
-73.956175 40.774436 -74.000147 40.740985
-74.00459 40.71541 -73.986413 40.74209
-73.927146 40.784746 -73.963262 40.78885
-73.995865 40.718475 -73.953569 40.716577
-73.996144 40.74315 -74.016619 40.711514
-73.979883 40.788781 -73.997383 40.748642
-74.002458 40.74665 -74.016078 40.71723
-73.920609 40.758622 -73.95785 40.724361
-74.014992 40.717787 -73.990211 40.775831
-73.919254 40.750145 -73.955763 40.729859
-74.01123 40.716746 -73.97312 40.769193
-73.985579 40.767046 -73.972695 40.797068
-73.98603 40.769263 -73.95623 40.78863
-74.011964 40.720919 -73.997724 40.739935
-73.984212 40.70902 -73.971682 40.775812
-73.963286 40.76137 -73.99423 40.741283
-73.924387 40.741289 -73.95966 40.764295
-73.99991 40.716559 -73.972192 40.743317
-73.9189 40.762269 -73.992433 40.72842
-73.996202 40.721867 -73.981331 40.750403
-73.963508 40.767052 -74.014649 40.703357
-73.962538 40.758048 -73.979538 40.794153
-73.9919 40.768125 -73.96792 40.804481
-73.917255 40.77838 -73.969617 40.765822
-73.919635 40.743257 -73.987719 40.764092
-73.991053 40.747207 -73.961607 40.764115
-73.981188 40.708479 -74.005392 40.742139
-73.930299 40.758591 -73.990573 40.712203
-73.960056 40.781256 -73.976161 40.74227
-73.970699 40.761212 -74.00667 40.729447
-74.008446 40.746673 -73.952791 40.801603
-73.997956 40.757669 -73.970379 40.767309
-73.939953 40.702059 -73.970713 40.753617
-73.987159 40.760501 -73.951161 40.796111
-74.005878 40.742918 -73.980386 40.781475
-73.946164 40.801518 -73.981892 40.77245
-73.985336 40.704811 -74.001714 40.743113
-73.979818 40.782176 -73.937236 40.807651
-74.006334 40.741299 -74.009023 40.717533
-73.99304 40.778989 -74.016027 40.725269
-73.933384 40.780876 -73.971258 40.785795
-73.961989 40.770503 -74.00707 40.709807
-73.985946 40.776215 -73.957856 40.801906
-73.99321 40.750281 -73.949775 40.798495
-73.94419 40.774893 -73.988012 40.729099
-74.018162 40.713647 -73.994743 40.741814
-73.975042 40.753075 -74.015464 40.700527
-73.988923 40.729788 -74.013561 40.706145
-74.009508 40.718325 -73.988521 40.78505
-73.983727 40.751617 -73.954487 40.773154
-73.987126 40.747019 -73.954103 40.785229
-73.977188 40.78827 -73.997185 40.756575
-73.966203 40.742534 -74.005388 40.708465
-73.957876 40.761036 -73.999266 40.736207
-73.9838 40.767779 -73.951517 40.79423
-73.987075 40.720473 -73.954767 40.769257
-74.008904 40.715718 -73.998127 40.755078
-74.003048 40.756796 -74.016426 40.716016
-73.998992 40.739526 -73.975457 40.765162
-73.999987 40.719726 -74.004383 40.745215
-73.978871 40.753685 -74.008366 40.705029
-73.971664 40.799298 -73.986872 40.755101
-74.012097 40.716908 -73.981407 40.75183
-73.991796 40.757483 -74.000056 40.710378
-73.924326 40.756495 -73.953412 40.722952
-73.918737 40.756525 -73.955847 40.72273
-74.003789 40.748443 -73.963794 40.76991
-73.953707 40.754668 -73.953868 40.780247
-73.992324 40.725715 -73.977691 40.751026
-73.976734 40.782409 -73.991689 40.750722
-74.000067 40.710897 -73.956592 40.700603
-73.999024 40.707189 -73.968471 40.751114
-73.952444 40.786953 -73.986911 40.725375
-73.989295 40.74 -73.940206 40.806059
-73.9279 40.768038 -73.984111 40.745614
-74.008642 40.738682 -73.989154 40.754664
-73.952002 40.778678 -73.975441 40.751708
-73.997902 40.719569 -73.974196 40.76889
-73.948771 40.795619 -73.98267 40.770608
-73.98264 40.77347 -73.952959 40.780821
-73.988043 40.715222 -73.965873 40.750018
-73.98463 40.768381 -74.013513 40.724812
-73.992883 40.738991 -74.009144 40.703226
-73.932291 40.755483 -73.998483 40.717885
-73.955965 40.777755 -74.00078 40.706033
-74.00205 40.749533 -73.976328 40.759975
-73.947394 40.79583 -73.976371 40.772516
