-74.006229 40.741643 -73.978162 40.718781
-73.972838 40.736352 -73.984811 40.770625
-73.962038 40.770905 -74.007812 40.74589
-73.956779 40.75078 -74.01555 40.70868
-74.012128 40.701304 -73.977514 40.758239
-73.990859 40.731919 -73.954733 40.768758
-73.948919 40.781815 -74.014468 40.723869
-73.963238 40.765156 -73.999831 40.704677
-73.994332 40.740239 -74.018175 40.717637
-74.016763 40.720632 -73.982111 40.752303
-73.972128 40.754621 -73.988216 40.724284
-73.970174 40.763196 -73.951763 40.788008
-74.001561 40.739409 -73.976194 40.757591
-73.993122 40.754983 -74.016759 40.701379
-74.014704 40.705069 -74.015298 40.738612
-73.929893 40.7775 -73.990611 40.723587
-73.94754 40.771626 -73.973193 40.75574
-73.948643 40.765179 -73.982627 40.720985
-73.986034 40.781364 -73.963536 40.752378
-74.014864 40.722875 -73.94706 40.720958
-73.956979 40.778163 -73.938574 40.799872
-73.973147 40.796126 -74.010755 40.713508
-73.994684 40.71719 -73.968192 40.753975
-73.942409 40.799943 -73.96371 40.764222
-73.930321 40.783896 -73.96989 40.78894
-74.003025 40.724057 -73.999527 40.754612
-73.996635 40.713082 -73.972766 40.76605
-73.922299 40.768079 -73.996232 40.724688
-73.929246 40.752729 -73.996917 40.715487
-73.992281 40.769157 -73.939498 40.791531
-73.92515 40.745798 -73.987941 40.762914
-73.980267 40.749832 -73.956885 40.781449
-73.958651 40.756785 -73.985495 40.730876
-73.99409 40.74539 -74.001825 40.713573
-73.977 40.750891 -74.010872 40.717057
-73.977775 40.785923 -73.99316 40.75312
-73.960975 40.778625 -73.995862 40.756789
-73.996524 40.708929 -73.969669 40.750725
-73.946481 40.710428 -73.925451 40.741168
-73.972815 40.740875 -74.005105 40.702193
-73.982022 40.723098 -74.011047 40.704067
-73.965388 40.74391 -73.949491 40.785855
-73.988971 40.75995 -74.002053 40.749571
-73.978205 40.752312 -74.014498 40.707654
-73.985195 40.730833 -73.95479 40.776076
-73.9676 40.76233 -73.973314 40.737523
-73.933754 40.749675 -73.999301 40.717918
-74.002165 40.754452 -73.988988 40.78022
-73.980194 40.759934 -73.994494 40.724185
-74.006514 40.740881 -74.013858 40.704797
-73.99269 40.754232 -73.956521 40.785558
-73.966928 40.759633 -74.006988 40.724439
-73.956244 40.759186 -73.993075 40.741411
-73.982708 40.767267 -74.003543 40.740217
-73.975987 40.756811 -73.993881 40.72022
-73.975908 40.757034 -73.995638 40.724879
-73.989437 40.784889 -74.008716 40.752525
-73.934102 40.764059 -73.9659 40.766063
-73.943774 40.808223 -73.963312 40.765238
-73.990423 40.739033 -73.981871 40.762653
-73.936843 40.80238 -73.960149 40.761353
-73.94763 40.779016 -73.984992 40.74254
-74.000737 40.745012 -74.01743 40.714565
-74.008069 40.765061 -74.009702 40.717668
-73.972942 40.769082 -73.944673 40.786962
-73.988117 40.778947 -73.952778 40.793711
-74.000304 40.705039 -73.976306 40.749812
-73.998431 40.778597 -74.014665 40.729911
-73.951878 40.772899 -73.964749 40.752763
-73.960884 40.776172 -74.015812 40.710339
-73.985185 40.771033 -74.013884 40.718549
-73.974963 40.772966 -73.942201 40.804975
-74.003095 40.745472 -73.966072 40.764223
-73.979525 40.79351 -73.939808 40.784875
-74.004199 40.741606 -73.985101 40.782893
-73.929302 40.770468 -73.991592 40.724969
-73.945347 40.775227 -73.98403 40.7543
-73.939785 40.789484 -73.9688 40.768558
-74.018075 40.726346 -73.972918 40.753822
-73.975742 40.779948 -73.993666 40.744789
-73.963038 40.800685 -73.935718 40.749641
-73.951577 40.782105 -73.982268 40.726998
-74.012784 40.716066 -73.974075 40.760103
-73.925355 40.754054 -73.998115 40.715572
-73.922664 40.763793 -73.999526 40.727049
-73.990612 40.763991 -73.991177 40.72249
-73.962012 40.786419 -73.9802 40.754987
-74.014054 40.70359 -73.997858 40.746329
-73.983767 40.73993 -74.007383 40.71465
-73.954474 40.770422 -73.994459 40.751008
-73.981142 40.759803 -74.009597 40.719163
-73.956109 40.764028 -73.994369 40.738361
-74.011491 40.712586 -73.9988 40.75367
-73.960862 40.756559 -73.95675 40.786033
-73.974597 40.768315 -74.007655 40.757803
-73.97986 40.732274 -73.955964 40.763139
-73.926921 40.780106 -73.968934 40.788038
-73.976955 40.749646 -74.010708 40.716304
-73.98996 40.719733 -73.965036 40.755469
-73.991477 40.753539 -74.002067 40.71038
-73.961112 40.763544 -73.991889 40.753592
-73.95101 40.77758 -73.971864 40.750281
-73.996455 40.750631 -74.014364 40.701796
-73.972058 40.778375 -74.00293 40.763403
-73.922839 40.76935 -73.968476 40.765607
-73.989406 40.762517 -73.967036 40.790974
-74.013974 40.71176 -74.004782 40.758507
-73.99746 40.767405 -73.975157 40.779354
-73.930442 40.753967 -73.999387 40.711527
-73.983591 40.7333 -74.011892 40.704264
-73.965638 40.784243 -73.992317 40.760975
-73.955403 40.763897 -73.985651 40.744245
-73.954889 40.767096 -74.016185 40.701058
-73.916565 40.75944 -73.959555 40.724657
-73.992796 40.705213 -73.963534 40.757735
-73.91843 40.762497 -73.991399 40.727223
-73.990472 40.74826 -74.012903 40.718938
-73.965239 40.776177 -73.99369 40.764445
-73.985904 40.730237 -73.9613 40.767322
-73.931266 40.788688 -73.970064 40.781686
-73.960547 40.754489 -74.009885 40.70654
-73.992903 40.755293 -73.99662 40.720337
-73.986923 40.761905 -73.949679 40.789994
-74.007545 40.744315 -74.01642 40.707918
-73.98579 40.728987 -73.956632 40.768634
-73.981935 40.779721 -73.9941 40.742667
-74.000587 40.74503 -73.9996 40.702893
-73.961634 40.801699 -73.98329 40.766567
-73.947706 40.770399 -73.972298 40.75635
-73.947993 40.781933 -74.006037 40.705178
-73.991307 40.77331 -74.005813 40.722636
-73.989886 40.737568 -73.953746 40.765448
-73.987729 40.763766 -74.013612 40.722507
-73.981748 40.764433 -74.005264 40.721373
-73.966834 40.768899 -74.000509 40.737588
-73.975762 40.724781 -74.002074 40.702957
-73.999755 40.731192 -73.987195 40.766359
-73.973987 40.798386 -73.993787 40.759257
-73.939262 40.795762 -73.965046 40.765224
-73.971501 40.760642 -73.980501 40.736461
-73.988724 40.761743 -73.956585 40.787317
-73.969226 40.802301 -73.981399 40.7762
-73.955438 40.770262 -73.979037 40.731169
-73.956296 40.768295 -74.011932 40.704222
-73.949036 40.763938 -74.006486 40.705659
-73.99206 40.762664 -73.966858 40.796468
-73.96164 40.779949 -73.978614 40.760545
-73.994631 40.70248 -73.970921 40.757859
-73.998201 40.70389 -73.963022 40.758328
-73.960112 40.776671 -73.951372 40.735014
-73.928371 40.753823 -73.991939 40.7156
-73.957916 40.767868 -74.007749 40.70655
-73.937216 40.775793 -73.983479 40.768418
-73.951977 40.786497 -73.973906 40.745996
-73.974699 40.780783 -74.01337 40.72341
-73.985166 40.747542 -74.017281 40.700983
-73.960025 40.7608 -73.99544 40.735038
-74.016527 40.707141 -74.003975 40.756139
-73.928635 40.753068 -73.994712 40.712457
-74.014534 40.713704 -73.994565 40.745514
-73.987341 40.755407 -73.962076 40.772494
-74.001477 40.711773 -73.992087 40.756126
-73.962684 40.768152 -74.008753 40.700926
-73.993333 40.738858 -74.009629 40.713998
-73.965741 40.744951 -74.003222 40.703876
-73.989904 40.761886 -74.005807 40.729875
-73.947871 40.787361 -73.971541 40.745197
-73.958965 40.774887 -73.995565 40.730286
-73.946469 40.778992 -73.981551 40.762208
-73.973067 40.724007 -73.969266 40.760186
-73.995488 40.757315 -73.953034 40.779193
-74.003512 40.742137 -73.975232 40.78208
-73.930645 40.793228 -73.988523 40.732675
-73.94645 40.771156 -73.972829 40.753662
-73.974135 40.761945 -73.959666 40.788239
-74.004495 40.742503 -73.974299 40.783644
-73.958805 40.786078 -74.005303 40.747072
-73.95227 40.771575 -73.998471 40.750663
-73.960479 40.771656 -73.993857 40.754914
-74.002667 40.747817 -74.009104 40.716781
-73.982048 40.769443 -73.996877 40.731277
-74.01335 40.703624 -73.995125 40.766817
-73.924116 40.750891 -73.96141 40.722637
-73.978237 40.749923 -74.013378 40.702883
-73.948941 40.775727 -73.986251 40.763349
-73.970341 40.787254 -73.991539 40.753381
-74.005508 40.735107 -73.974205 40.768425
-73.996372 40.779075 -74.001774 40.72288
-73.973856 40.720147 -73.950363 40.773004
-74.003442 40.748464 -73.984199 40.766708
-73.918416 40.745618 -73.987901 40.74797
-73.995729 40.774503 -74.01197 40.722936
-73.965732 40.750747 -73.985966 40.725735
-73.974832 40.769059 -74.017815 40.719744
-73.962717 40.762903 -74.002978 40.705036
-73.982201 40.716331 -73.949049 40.713622
-73.960754 40.764287 -73.998315 40.730627
-73.926264 40.785629 -73.962981 40.782822
-73.952462 40.788721 -73.972555 40.767032
-73.976991 40.787019 -73.994749 40.748104
-73.946662 40.773565 -73.981948 40.734342
-74.010256 40.711568 -73.978056 40.782637
-73.916642 40.778637 -73.951248 40.741308
-74.001755 40.717425 -73.989364 40.755839
-74.004858 40.747724 -73.966384 40.764336
-73.994703 40.751832 -73.950757 40.786445
-73.938031 40.75104 -73.977181 40.750628
-73.963244 40.768847 -73.951181 40.793192
-73.933673 40.777448 -73.998281 40.727305
-73.979765 40.791958 -73.996392 40.754664
-73.994723 40.775879 -74.012461 40.725403
-73.956369 40.785673 -74.01055 40.705368
-73.956939 40.772608 -74.010595 40.719081
-74.006659 40.746542 -74.015952 40.705508
-73.976566 40.731198 -73.95673 40.75992
-73.983099 40.726544 -74.002269 40.705802
-73.960283 40.761806 -73.992089 40.736004
-73.985409 40.732974 -73.969889 40.764153
-73.943234 40.703693 -73.969934 40.752964
-73.97957 40.7637 -73.965348 40.802084
-74.000185 40.735288 -73.986875 40.760922
-74.004638 40.729265 -73.983919 40.750047
-73.961089 40.775926 -73.998446 40.751571
-74.007911 40.733344 -73.983479 40.75752
-74.001712 40.768243 -73.969574 40.802019
-73.988673 40.780578 -73.983843 40.736546
-73.977514 40.787583 -73.953782 40.806614
-73.934936 40.795339 -73.970148 40.768551
-74.002835 40.701315 -73.978465 40.759031
-73.994229 40.745182 -73.966189 40.751991
-73.927031 40.757689 -73.992014 40.717848
-73.96379 40.771072 -73.991944 40.755974
-73.976508 40.739094 -74.011088 40.703661
-73.952792 40.786866 -73.981686 40.78381
-73.972047 40.760535 -73.998924 40.717296
-73.979053 40.740657 -74.008663 40.713192
-73.955931 40.765262 -74.014952 40.708611
-73.982841 40.780177 -73.954677 40.805377
-73.958304 40.778802 -74.003642 40.76586
-73.994026 40.745342 -74.004275 40.715253
-73.968729 40.788256 -73.984932 40.752225
-73.993618 40.758438 -73.979698 40.770395
-73.95509 40.778057 -73.996095 40.752962
-73.968778 40.762366 -74.011328 40.701525
-73.989861 40.77878 -74.009296 40.710543
-73.927483 40.753564 -73.99409 40.718867
-73.926661 40.750712 -73.998461 40.715301
-73.968404 40.806045 -73.978891 40.769273
-73.953277 40.773112 -73.98808 40.74409
-73.981972 40.774825 -73.996355 40.732643
-73.940901 40.708453 -73.970273 40.753675
-73.997261 40.702172 -73.963928 40.75285
-73.952721 40.776283 -73.974388 40.741225
-74.009358 40.724767 -73.991238 40.749635
-73.949507 40.75185 -73.940232 40.79108
-73.933066 40.785548 -73.968918 40.784031
-73.963218 40.765558 -73.936797 40.800431
-73.985518 40.768268 -73.971406 40.799008
-73.99956 40.773361 -74.01124 40.729308
-73.944024 40.71998 -73.930705 40.744675
-74.006603 40.749281 -74.018138 40.702786
-74.015421 40.702 -73.998176 40.743861
-73.978295 40.784059 -73.996998 40.749288
-73.968634 40.773518 -73.981897 40.73467
-73.935475 40.75478 -73.948878 40.783729
-73.953961 40.772495 -73.978261 40.750739
-73.990995 40.710079 -73.965793 40.756986
-73.992084 40.706556 -73.970258 40.757916
-74.002019 40.708523 -73.998608 40.748233
-73.996572 40.752982 -73.965556 40.772769
-73.996399 40.759589 -73.946816 40.788652
-73.998833 40.748278 -73.924596 40.745484
-73.982063 40.774128 -73.937513 40.804556
-73.985738 40.76755 -73.959585 40.779194
-73.994914 40.709435 -73.97045 40.754978
-73.980878 40.795236 -73.986708 40.753522
-73.977551 40.794148 -73.982471 40.764648
-73.952551 40.785726 -73.990083 40.761717
-73.953391 40.763086 -73.984778 40.74217
-73.969356 40.748424 -74.002092 40.705822
-74.012297 40.724263 -73.950659 40.720168
-74.007072 40.746817 -74.005899 40.704863
-73.95688 40.768897 -73.98641 40.744197
-73.958992 40.771857 -73.998884 40.764537
-73.961702 40.790602 -73.973126 40.75698
-73.953978 40.775726 -73.993388 40.757654
-73.943736 40.792805 -73.992262 40.742749
-73.966058 40.791221 -74.000846 40.746256
-73.958296 40.778671 -73.99126 40.759347
-73.979307 40.75647 -74.001732 40.710394
-73.958684 40.792894 -73.97902 40.760639
-73.956459 40.779055 -74.017036 40.717697
-73.952143 40.771215 -73.979622 40.772403
-73.967183 40.800736 -73.980401 40.768299
-74.012022 40.715713 -73.973172 40.784759
-73.971158 40.804342 -74.004583 40.740983
-74.011571 40.720498 -73.97305 40.750526
-73.961763 40.761154 -73.988687 40.716424
-73.968438 40.741361 -73.951113 40.781443
-73.953881 40.771395 -74.007572 40.768941
