-73.932735 40.769178 -73.954874 40.742008
-73.93262 40.788076 -73.963196 40.78186
-74.004568 40.733551 -73.972366 40.766027
-73.963582 40.804662 -74.001383 40.759039
-73.994957 40.739586 -73.974893 40.759112
-73.983011 40.785843 -74.002094 40.75844
-74.001145 40.76482 -73.9795 40.787426
-74.015447 40.719927 -74.008169 40.754345
-73.971909 40.743758 -74.007594 40.720591
-73.965763 40.80308 -73.972679 40.766471
-74.008937 40.703895 -73.999042 40.763089
-73.99712 40.748722 -73.976906 40.784474
-73.939943 40.758671 -73.974815 40.75903
-73.938876 40.770128 -73.989311 40.761959
-73.974212 40.742495 -74.011752 40.703178
-73.999366 40.700878 -73.963727 40.758839
-73.980343 40.752522 -73.991108 40.726602
-73.932229 40.782176 -73.966555 40.78657
-74.008509 40.764721 -74.010603 40.718994
-74.007919 40.746561 -73.974569 40.765378
-73.977427 40.755113 -74.001093 40.711488
-73.996751 40.706291 -73.962737 40.755367
-73.980369 40.758823 -74.00939 40.719951
-73.91736 40.76827 -73.99842 40.722287
-73.919308 40.776923 -73.944683 40.743901
-73.960276 40.804767 -73.974189 40.752006
-73.994262 40.778766 -74.001898 40.721335
-73.995913 40.71481 -73.973806 40.74753
-73.974567 40.770807 -73.982646 40.749167
-73.948559 40.78378 -73.994951 40.751246
-73.968704 40.743119 -73.950376 40.779427
-73.946886 40.775738 -73.97972 40.753294
-73.936942 40.702619 -73.967669 40.750777
-73.922171 40.777227 -73.970288 40.766665
-74.007324 40.735541 -73.978574 40.751414
-73.99937 40.749311 -74.012946 40.708765
-73.97703 40.754342 -74.005061 40.717332
-73.939188 40.754169 -73.980875 40.756255
-73.947836 40.773206 -73.976024 40.740545
-73.932375 40.764587 -73.964526 40.764274
-73.951876 40.772797 -73.983723 40.729324
-73.973992 40.740088 -74.002772 40.722423
-73.954308 40.773514 -73.988271 40.757533
-73.991154 40.719583 -73.965723 40.71712
-73.989401 40.74826 -74.010063 40.705906
-73.977049 40.746994 -74.01469 40.702454
-73.96154 40.802997 -73.987104 40.777418
-73.937011 40.796938 -73.976967 40.786081
-73.931846 40.784332 -73.969408 40.786158
-73.959733 40.750474 -73.996664 40.737537
-73.959243 40.777863 -73.972456 40.759114
-73.950387 40.787752 -73.984558 40.761148
-73.979266 40.743688 -74.014579 40.720928
-73.929497 40.758525 -73.990893 40.718285
-73.955935 40.791609 -73.992638 40.747009
-74.002149 40.742169 -74.015405 40.703726
-73.978746 40.741108 -74.004178 40.704495
-73.990105 40.744168 -74.013399 40.704743
-73.951274 40.785583 -73.986198 40.729513
-73.965477 40.777792 -73.990706 40.766877
-73.918526 40.761987 -73.996906 40.726822
-73.960127 40.76028 -73.987893 40.746019
-73.962343 40.796026 -73.975611 40.762975
-73.94661 40.776807 -73.98524 40.746264
-73.980955 40.773834 -74.002251 40.741645
-73.992732 40.718013 -73.997156 40.754352
-73.974347 40.74766 -74.015585 40.709877
-73.988492 40.749382 -74.017558 40.703323
-73.957346 40.760231 -73.938972 40.793639
-74.012473 40.718373 -73.995311 40.768363
-74.017153 40.712572 -73.994522 40.756969
-73.984076 40.728411 -73.957782 40.765724
-73.976894 40.746674 -73.999356 40.714812
-74.007399 40.73749 -73.97208 40.756794
-73.982289 40.760054 -74.000971 40.725857
-74.006099 40.727018 -73.992055 40.753209
-74.002921 40.73957 -73.974393 40.763963
-73.923106 40.758802 -73.955234 40.729069
-73.962181 40.764338 -73.963586 40.804162
-73.958074 40.801196 -73.981377 40.767989
-73.999446 40.7426 -73.955043 40.712642
-73.943873 40.788383 -73.988428 40.74959
-73.978957 40.755561 -74.003961 40.712426
-73.956928 40.749852 -74.009017 40.701707
-73.971526 40.806886 -73.982178 40.77605
-73.982922 40.763252 -74.009079 40.712664
-73.980039 40.740241 -74.016085 40.705818
-73.956899 40.761385 -74.011794 40.703826
-73.986785 40.716804 -73.987736 40.746062
-73.971392 40.80438 -73.997548 40.761675
-73.983739 40.781594 -73.954284 40.768836
-73.973013 40.775552 -74.006785 40.746494
-73.972931 40.761481 -73.996697 40.733561
-73.991484 40.738039 -73.964435 40.766777
-74.007779 40.734321 -73.963315 40.757306
-74.001459 40.735835 -73.981544 40.772953
-74.007627 40.733848 -74.017494 40.703323
-73.982562 40.709484 -74.005666 40.745435
-73.985532 40.730256 -74.017345 40.706476
-73.954229 40.790631 -73.970471 40.768485
-73.972207 40.762941 -74.006299 40.709341
-73.935307 40.775383 -73.970736 40.754142
-73.979258 40.749048 -74.015576 40.704305
-73.921326 40.771146 -73.971101 40.760722
-73.98065 40.756096 -73.996533 40.7257
-73.989727 40.7859 -73.961411 40.798518
-73.993096 40.747564 -74.013981 40.702688
-73.967171 40.788758 -73.997108 40.76546
-73.954294 40.774687 -73.935508 40.807378
-73.956573 40.763682 -73.993449 40.735294
-73.979693 40.77046 -73.981571 40.742527
-73.93175 40.786103 -73.97027 40.785853
-73.976361 40.747897 -73.995996 40.716593
-73.984708 40.763006 -73.950368 40.794602
-73.996619 40.774287 -74.011111 40.726992
-73.953455 40.754634 -73.953024 40.721024
-73.992473 40.730917 -73.962898 40.761531
-73.95988 40.766809 -74.006474 40.706018
-73.971707 40.744784 -74.00923 40.706922
-73.97458 40.77246 -73.937654 40.806996
-74.004449 40.708324 -73.975552 40.753735
-73.951828 40.787921 -73.969 40.757783
-74.008398 40.729295 -73.974838 40.742305
-73.972053 40.740885 -74.009937 40.700999
-73.971246 40.806104 -73.995624 40.755475
-73.924559 40.776865 -73.964999 40.765441
-74.000751 40.723434 -73.966134 40.756964
-73.989875 40.766672 -73.962122 40.78348
-73.960647 40.75862 -73.958375 40.788495
-73.94657 40.7114 -73.929332 40.745417
-73.951694 40.777552 -73.981936 40.760978
-74.007399 40.748309 -73.97265 40.767257
-73.972067 40.741972 -74.001383 40.722034
-73.917204 40.774195 -73.947635 40.746215
-74.000906 40.721425 -73.974082 40.757011
-73.962664 40.797234 -74.004453 40.746918
-73.974089 40.748231 -74.001387 40.708359
-73.948511 40.788019 -73.971469 40.756061
-73.967162 40.803528 -73.976912 40.760308
-73.942605 40.799292 -73.961308 40.781023
-73.96015 40.752696 -74.01789 40.710208
-73.931988 40.782473 -73.968086 40.782999
-73.926633 40.780808 -73.966565 40.78821
-74.002506 40.732071 -73.96783 40.76857
-73.979067 40.738933 -73.957326 40.761121
-73.940732 40.752513 -73.946434 40.784916
-73.944862 40.780361 -74.012687 40.705422
-73.991158 40.774893 -74.000187 40.726398
-73.987455 40.737277 -73.955988 40.777825
-73.945146 40.781189 -73.975389 40.762146
-73.945433 40.777571 -73.975644 40.750249
-73.982751 40.70744 -74.00504 40.746996
-73.97988 40.749022 -74.00962 40.705813
-73.978727 40.765582 -74.009541 40.719556
-74.017036 40.720222 -73.997088 40.75494
-74.001492 40.754843 -73.984984 40.787668
-73.920088 40.758294 -73.960128 40.728501
-73.976493 40.738367 -74.000721 40.705401
-73.94256 40.705922 -73.969739 40.756435
-73.986218 40.717043 -73.963248 40.752475
-73.973552 40.745445 -74.004095 40.703639
-73.991998 40.764073 -73.961465 40.785629
-73.958845 40.768427 -74.012066 40.709998
-73.979837 40.746759 -73.944237 40.790737
-73.949602 40.769822 -74.001026 40.717304
-73.942202 40.80555 -73.965816 40.768422
-73.967042 40.800184 -73.978805 40.764827
-73.954167 40.756736 -73.997469 40.741643
-73.955125 40.763836 -73.943319 40.794958
-73.917989 40.755618 -73.961979 40.728821
-73.99428 40.704144 -73.970165 40.755955
-73.993771 40.732849 -73.918644 40.777015
-73.959026 40.752464 -73.947648 40.725879
-73.952907 40.80157 -73.987398 40.761584
-73.997287 40.774592 -74.001355 40.720606
-73.974306 40.752501 -74.008529 40.723907
-73.975277 40.742354 -73.985994 40.717686
-73.936976 40.803181 -73.971487 40.764833
-73.990218 40.708888 -73.967362 40.778588
-73.957455 40.756418 -74.012591 40.707004
-73.95468 40.766337 -73.976369 40.746238
-73.998118 40.778907 -74.000248 40.727766
-73.960291 40.790776 -73.977495 40.750423
-73.980749 40.74118 -74.009982 40.723615
-73.971308 40.747903 -73.95545 40.780194
-73.995426 40.739615 -73.971065 40.764963
-73.95607 40.768032 -73.985385 40.743556
-73.989 40.735846 -74.011694 40.701264
-73.976378 40.742789 -74.004246 40.715839
-73.982779 40.737239 -73.957338 40.760659
-73.943812 40.781211 -73.965681 40.74331
-74.008261 40.740437 -74.008911 40.716722
-73.976473 40.718016 -73.994469 40.742178
-73.977708 40.753768 -74.007241 40.708675
-73.95362 40.741907 -73.986751 40.741707
-73.943923 40.77128 -73.972481 40.777192
-73.918171 40.762431 -73.994054 40.720347
-74.012937 40.715132 -73.974483 40.752749
-73.980369 40.744896 -74.01663 40.728165
-73.97645 40.77471 -73.93471 40.800597
-73.981388 40.724294 -73.958243 40.773829
-74.016344 40.702108 -74.00763 40.748683
-73.970091 40.801616 -73.983567 40.771017
-73.97976 40.755237 -74.002668 40.713564
-73.947247 40.794442 -73.97681 40.773674
-73.946867 40.802521 -73.987326 40.768584
-73.936723 40.750614 -73.952816 40.784693
-74.002862 40.731374 -73.986701 40.763644
-73.933629 40.757392 -73.999189 40.717992
-74.001497 40.727905 -73.974292 40.739918
-73.999956 40.733966 -73.964605 40.758496
-73.983961 40.735672 -73.955905 40.775206
-73.951917 40.711877 -73.933762 40.742481
-73.962942 40.805752 -73.990244 40.76751
-74.004174 40.736464 -73.984279 40.762083
-73.986315 40.726532 -73.974515 40.756505
-73.925915 40.779453 -73.966334 40.787815
-73.98755 40.742511 -74.017233 40.707757
-73.961711 40.758622 -74.011438 40.708813
-73.920829 40.776198 -73.965069 40.764032
-73.933585 40.755084 -73.991749 40.714899
-74.015734 40.719673 -73.998428 40.750964
-74.015328 40.722303 -73.97884 40.752624
-73.984409 40.747387 -73.952057 40.778243
-73.94452 40.782945 -73.966835 40.747853
-74.010418 40.726904 -73.975275 40.75899
-73.981718 40.735011 -73.968728 40.761635
-73.994689 40.719357 -73.975402 40.767464
-73.960285 40.765912 -74.016147 40.701488
-74.00342 40.732112 -73.984936 40.754293
-73.917914 40.751608 -73.962035 40.724493
-74.007768 40.731528 -73.973762 40.749766
-73.998775 40.719841 -73.969677 40.718356
-73.972014 40.731042 -74.014209 40.732893
-74.010048 40.720467 -73.991946 40.751482
-73.949567 40.719183 -73.931986 40.74826
-73.939601 40.708854 -73.97011 40.755695
-73.977498 40.756975 -73.95554 40.788328
-73.985065 40.747655 -73.960372 40.762505
-74.00823 40.746494 -73.982708 40.720398
-73.980889 40.747585 -74.017964 40.71768
-74.000599 40.733021 -73.978852 40.765052
-73.961553 40.76604 -73.917144 40.774714
-74.005215 40.748872 -74.00935 40.710719
-73.983806 40.72827 -73.95009 40.772637
-73.978386 40.742959 -74.01207 40.723677
-73.967816 40.79921 -73.985356 40.770397
-73.987681 40.737507 -74.007213 40.706052
-73.943383 40.772615 -73.965298 40.758035
-74.010508 40.708664 -73.980289 40.750916
-73.947373 40.764331 -73.987368 40.749515
-73.979091 40.745877 -74.012963 40.726777
-74.004482 40.765674 -73.96303 40.762508
-73.984864 40.731629 -73.955904 40.760326
-74.005031 40.738096 -73.974347 40.764709
-73.973039 40.748845 -74.015428 40.722744
-73.973784 40.742705 -74.016916 40.703879
-74.005416 40.768367 -73.980964 40.781531
-73.977067 40.725123 -73.992687 40.758016
-73.960064 40.752064 -74.009255 40.703974
-73.927083 40.78723 -73.96413 40.782699
-73.947666 40.712201 -73.927803 40.749403
-73.997612 40.739981 -74.011557 40.715422
-74.001567 40.737541 -73.97948 40.752984
-74.007755 40.734541 -73.973334 40.754252
-73.979057 40.743005 -74.006421 40.723263
-73.966689 40.788589 -73.920524 40.789735
-73.973487 40.77806 -73.937036 40.805204
-74.007039 40.733151 -73.974801 40.741234
-74.006899 40.766881 -74.013636 40.710655
-73.97961 40.743699 -74.008852 40.710606
-73.983809 40.719789 -73.950605 40.70873
-73.941072 40.804777 -73.961019 40.780303
-73.929459 40.763619 -73.969274 40.763756
-73.956122 40.769009 -73.98907 40.740218
-74.00375 40.727644 -73.98716 40.750033
-73.95382 40.743259 -73.981079 40.742177
-74.005566 40.755407 -73.98836 40.713679
-74.000636 40.754377 -74.014371 40.703904
-73.985638 40.720866 -74.016728 40.70572
-73.977186 40.743168 -74.011185 40.714086
-73.960822 40.760819 -73.998583 40.746835
-73.960554 40.796971 -73.972393 40.763928
-74.008417 40.731278 -73.987875 40.759259
-73.997425 40.749366 -73.966948 40.767622
-74.005193 40.73952 -73.973719 40.758553
-73.994531 40.715644 -73.991989 40.751987
-73.995306 40.712897 -73.973155 40.741837
-73.955453 40.800053 -73.944941 40.778858
-74.004215 40.728107 -73.982754 40.741047
-73.989484 40.746878 -73.957562 40.781053
-74.01211 40.721071 -73.993903 40.751719
-73.945175 40.782286 -73.977826 40.743004
-73.95041 40.762207 -73.983329 40.734878
-73.975458 40.74486 -74.014158 40.718357
-74.014629 40.712005 -74.000762 40.740122
-73.955727 40.76408 -73.930666 40.790501
-74.007441 40.73474 -73.976041 40.757364
-74.010724 40.71632 -73.991543 40.735202
-73.949458 40.777563 -73.986084 40.769288
