-73.992785 40.758242 -73.949358 40.79099
-73.98497 40.72878 -74.011045 40.709558
-73.952312 40.761349 -73.974245 40.743896
-74.007216 40.749059 -73.986072 40.768636
-73.998177 40.702915 -73.971649 40.758602
-74.002802 40.736943 -73.984601 40.766626
-73.92797 40.753736 -73.999402 40.7183
-73.957703 40.760796 -74.017856 40.710104
-74.004979 40.750126 -74.017833 40.71962
-73.975871 40.735071 -74.010288 40.703105
-73.959568 40.774772 -73.976848 40.756796
-73.946688 40.806097 -73.986316 40.768136
-73.978691 40.787206 -73.946124 40.780515
-73.925384 40.760741 -73.985999 40.746474
-73.996928 40.739773 -73.987303 40.767417
-73.955906 40.759485 -74.002097 40.717753
-73.978077 40.782095 -73.947231 40.777651
-73.98514 40.75535 -73.999742 40.722049
-73.960765 40.75351 -74.011274 40.70937
-73.995172 40.755321 -74.013297 40.724724
-73.98824 40.700814 -74.007009 40.748975
-73.970394 40.791948 -73.985722 40.764089
-73.942213 40.806159 -73.971073 40.766188
-73.948932 40.772461 -73.98263 40.747804
-73.94801 40.769328 -73.996935 40.756151
-73.989104 40.780537 -73.99598 40.75533
-73.993433 40.732838 -73.986414 40.760235
-73.96281 40.800977 -73.979892 40.76593
-74.00637 40.717483 -74.00858 40.75699
-73.952929 40.716943 -73.926337 40.745227
-73.971431 40.758054 -74.004694 40.701791
-73.979962 40.712535 -73.917008 40.794005
-73.996225 40.759396 -74.00903 40.703788
-74.017477 40.703736 -73.992634 40.77335
-73.999283 40.741276 -73.949435 40.776145
-73.950173 40.807333 -73.986453 40.778754
-73.978304 40.781928 -73.993218 40.754215
-73.994942 40.751222 -73.965382 40.772133
-73.998381 40.729974 -73.971908 40.760822
-73.932842 40.751326 -73.99258 40.715378
-73.979762 40.745317 -73.99853 40.717108
-73.945107 40.784256 -73.981582 40.778854
-73.950928 40.764577 -73.973431 40.740367
-74.005739 40.718187 -73.976996 40.769105
-74.007289 40.730479 -73.980363 40.753748
-73.97791 40.722962 -73.994497 40.759447
-73.961968 40.769146 -73.987666 40.744946
-73.956324 40.777639 -73.940932 40.807691
-73.970315 40.789713 -73.999345 40.753438
-73.996651 40.744508 -74.0096 40.713814
-73.947371 40.71957 -73.926701 40.747843
-73.964479 40.807844 -73.98378 40.774304
-73.920064 40.741146 -73.960793 40.76844
-74.007108 40.741701 -73.983225 40.76138
-73.997188 40.757163 -73.994815 40.718306
-73.937127 40.799722 -73.953288 40.780681
-73.970254 40.808153 -73.99715 40.75739
-73.981807 40.702239 -74.004878 40.744047
-73.918356 40.745549 -73.963237 40.762912
-73.967882 40.808312 -73.999386 40.750554
-73.978728 40.746259 -74.009722 40.716506
-74.004935 40.713784 -73.985854 40.737842
-73.932265 40.784655 -73.965515 40.788988
-74.013552 40.705118 -73.977726 40.752362
-73.982944 40.738664 -73.967633 40.759899
-73.993363 40.751472 -73.999806 40.709146
-74.003123 40.709737 -73.972751 40.758931
-73.953621 40.762611 -73.99803 40.751712
-73.956636 40.758395 -73.993153 40.73965
-74.001509 40.749136 -73.9759 40.779839
-73.997726 40.725174 -73.968462 40.769458
-74.007759 40.740547 -74.015226 40.707538
-73.990916 40.758072 -74.013203 40.711726
-73.991886 40.754781 -74.012145 40.718613
-73.978302 40.741936 -73.993783 40.716889
-73.919559 40.762072 -73.997096 40.726714
-73.984883 40.714823 -73.970364 40.755414
-73.934395 40.755938 -73.993761 40.714593
-73.953477 40.74098 -73.988891 40.739801
-73.964068 40.799977 -73.982863 40.777828
-73.980607 40.791806 -73.944814 40.778268
-73.96371 40.783195 -73.994083 40.761358
-73.984664 40.775038 -73.979569 40.746993
-73.94121 40.789882 -74.00136 40.701713
-73.933021 40.777778 -73.994432 40.722698
-73.95742 40.766359 -73.991239 40.739837
-73.943644 40.796426 -73.972198 40.732714
-74.006534 40.747869 -73.975946 40.764428
-73.948645 40.713846 -73.934406 40.748941
-73.940571 40.701403 -73.965494 40.753632
-73.992598 40.758855 -74.005211 40.702661
-73.959075 40.795447 -73.97923 40.767288
-73.980999 40.76977 -73.959822 40.767416
-73.916328 40.767723 -73.991743 40.72212
-73.933189 40.760184 -73.98752 40.740081
-73.993988 40.751418 -73.991491 40.713299
-73.984419 40.748219 -74.018103 40.709733
-74.01124 40.703559 -74.000568 40.753683
-74.010927 40.715372 -73.990304 40.759022
-73.987425 40.779602 -73.953275 40.803252
-73.956936 40.801442 -73.943945 40.774321
-73.973464 40.74799 -74.017748 40.717057
-73.974293 40.783258 -73.985909 40.732076
-73.929774 40.754769 -73.994277 40.718664
-73.970591 40.792506 -73.97903 40.76595
-73.982205 40.732342 -74.013044 40.702611
-74.013921 40.705462 -73.975798 40.75601
-73.975813 40.744382 -74.004122 40.720454
-73.972736 40.746239 -74.007999 40.714158
-73.985468 40.772908 -73.965994 40.791786
-74.018159 40.704329 -73.983476 40.752716
-73.973381 40.740318 -73.950921 40.793217
-74.004771 40.717988 -74.000123 40.756224
-73.973798 40.717511 -73.992005 40.740709
-73.955668 40.760655 -73.992295 40.749629
-73.979466 40.735544 -73.960545 40.786965
-74.017064 40.704919 -73.996479 40.75197
-73.921262 40.749952 -73.95459 40.720765
-73.96116 40.754429 -73.99841 40.747403
-73.92723 40.765056 -73.989695 40.742705
-73.960208 40.747312 -73.982836 40.747039
-73.970814 40.751836 -74.000858 40.717294
-73.984996 40.774853 -73.951748 40.780848
-73.922259 40.777307 -73.97157 40.766211
-74.014277 40.705838 -73.99533 40.74459
-73.946572 40.789609 -73.965651 40.762969
-73.949326 40.788826 -73.984748 40.720626
-74.010521 40.705025 -73.989952 40.714711
-74.011378 40.729905 -73.991903 40.741212
-74.015981 40.706557 -73.982202 40.746881
-73.989581 40.78405 -73.995182 40.752995
-73.993496 40.75221 -73.959889 40.766743
-73.996959 40.749762 -74.014123 40.715173
-73.999911 40.748881 -73.985645 40.726192
-73.993672 40.726117 -73.979555 40.764051
-73.978044 40.763856 -74.002257 40.731868
-74.006171 40.724113 -73.98141 40.752048
-73.999346 40.724433 -73.972441 40.754386
-73.916302 40.758291 -73.958586 40.729021
-73.955695 40.772056 -73.996487 40.754634
-73.995413 40.755776 -73.973555 40.787044
-73.959735 40.765695 -73.975424 40.749419
-73.942135 40.775283 -73.967071 40.75519
-73.95446 40.795377 -73.974334 40.761763
-73.977241 40.746887 -74.005592 40.706177
-73.968544 40.745543 -73.956101 40.786951
-74.004723 40.734054 -73.980038 40.765155
-73.964432 40.755962 -73.93141 40.740893
-73.94675 40.76335 -74.01633 40.726257
-73.944985 40.804191 -73.98514 40.761954
-73.968585 40.768268 -74.005889 40.727192
-73.965042 40.804494 -73.98918 40.769442
-74.013171 40.703252 -73.974644 40.750752
-73.928864 40.754653 -73.991204 40.71125
-73.977771 40.745548 -74.012532 40.711667
-73.994783 40.719595 -74.004793 40.759061
-73.960306 40.743771 -73.984562 40.747211
-73.94561 40.794637 -73.963638 40.763842
-73.996861 40.754258 -74.013475 40.716519
-73.918828 40.769823 -73.967076 40.768805
-73.975701 40.745247 -73.948649 40.779686
-74.004032 40.73445 -73.962976 40.749676
-73.956879 40.788277 -73.981208 40.776755
-73.949444 40.780545 -73.990569 40.762053
-74.003819 40.749263 -73.984081 40.76116
-74.004861 40.745952 -73.982713 40.78584
-73.943634 40.777675 -73.971133 40.755117
-73.99178 40.750236 -73.959607 40.7659
-73.972375 40.710779 -73.99316 40.741408
-73.951794 40.806216 -73.987056 40.764992
-73.954347 40.778313 -73.979569 40.758329
-74.011735 40.717922 -73.98261 40.745195
-73.968896 40.783394 -73.998951 40.765989
-74.010629 40.712862 -73.978432 40.76672
-73.951549 40.76536 -73.984595 40.733236
-73.934719 40.707436 -73.967999 40.757496
-73.938837 40.752637 -73.952245 40.787122
-73.94969 40.764132 -73.984219 40.741333
-74.012064 40.706046 -73.978511 40.741005
-74.017409 40.709455 -73.975867 40.742788
-73.976017 40.746338 -74.002972 40.722217
-73.963841 40.782999 -73.998979 40.765251
-73.927106 40.794964 -73.983691 40.738151
-74.008109 40.711987 -73.989515 40.743183
-73.969615 40.765799 -73.984318 40.727337
-73.955876 40.790556 -73.977534 40.763353
-73.97998 40.739806 -74.008684 40.729383
-73.964729 40.798978 -73.971995 40.768299
-73.949392 40.804762 -73.985642 40.775951
-74.009472 40.712573 -73.979897 40.741314
-74.015907 40.708603 -73.999235 40.773653
-73.994184 40.71771 -73.973751 40.762825
-74.007431 40.743322 -74.012241 40.708499
-73.929715 40.76774 -73.984676 40.745488
-74.009619 40.707252 -73.976772 40.753292
-73.958681 40.779364 -73.975495 40.762909
-73.993237 40.753323 -74.011925 40.712514
-74.017667 40.707595 -73.978081 40.75575
-73.966015 40.785965 -73.983268 40.764267
-73.929437 40.773362 -73.995957 40.727464
-73.990701 40.750889 -73.969067 40.776027
-73.974752 40.769754 -73.982187 40.745054
-74.016563 40.706139 -73.974029 40.758469
-73.96545 40.803773 -73.97851 40.751514
-74.009137 40.701706 -73.980531 40.748994
-73.919455 40.740302 -73.989938 40.745695
-73.949243 40.772998 -74.017436 40.718921
-73.940552 40.701326 -73.965256 40.752129
-73.919351 40.757579 -73.953936 40.723243
-73.990471 40.751592 -73.963848 40.769636
-74.011663 40.707503 -73.997074 40.743757
-73.950511 40.762269 -73.98849 40.722464
-73.959638 40.745918 -73.989546 40.741319
-73.961786 40.765495 -73.977879 40.794186
-73.979544 40.717594 -73.999385 40.749452
-73.948378 40.798978 -73.988037 40.765798
-74.013998 40.709848 -73.979801 40.748149
-73.985692 40.755205 -73.965294 40.789242
-74.00014 40.75118 -74.012394 40.709744
-73.968483 40.790722 -73.998415 40.757518
-73.978411 40.742724 -74.014337 40.710719
-73.960913 40.761719 -74.000531 40.705415
-73.954613 40.766684 -74.015252 40.708336
-74.010011 40.725988 -73.994007 40.740586
-74.011032 40.716449 -73.974075 40.788971
-73.983306 40.744796 -73.971294 40.775553
-73.970677 40.79924 -73.989416 40.762948
-73.994513 40.722313 -73.982813 40.769768
-73.941227 40.753782 -73.975945 40.755297
-73.99936 40.703207 -73.971565 40.753702
-73.966304 40.798354 -74.01092 40.727787
-74.011167 40.709834 -73.977264 40.754457
-74.016631 40.705339 -73.97924 40.748636
-73.994643 40.753107 -74.009189 40.710324
-73.968805 40.751263 -74.002065 40.708451
-73.924389 40.771276 -73.964995 40.764443
-73.978388 40.742339 -74.013821 40.720496
-73.99609 40.721061 -73.96499 40.762871
-73.960376 40.749504 -73.990171 40.741559
-74.006642 40.742698 -73.974062 40.764187
-73.978758 40.746784 -74.003271 40.721362
-73.94137 40.807659 -73.968662 40.763995
-73.976774 40.74404 -74.012072 40.703493
-73.964926 40.788091 -74.003287 40.751293
-74.006385 40.718597 -73.98805 40.756389
-73.930865 40.784685 -73.964938 40.785277
-73.978462 40.738034 -73.959133 40.772114
-73.916187 40.745196 -73.970007 40.767531
-73.984099 40.746416 -73.95811 40.786061
-73.975417 40.774884 -73.991561 40.740572
-73.944621 40.782002 -73.980195 40.76263
-73.960183 40.764593 -74.015479 40.70286
-73.951967 40.781187 -73.963306 40.747933
-73.958382 40.771593 -73.935522 40.805985
-73.965344 40.807102 -73.973086 40.765911
-73.951086 40.779361 -73.990378 40.721435
-73.961684 40.786868 -74.018014 40.704695
-73.971569 40.744932 -73.961853 40.779315
-73.964169 40.779461 -73.973804 40.758244
-74.013306 40.706085 -74.001202 40.751023
-73.994494 40.755547 -74.011209 40.716694
-73.98806 40.786193 -73.954325 40.768737
-73.97337 40.748946 -74.010806 40.717458
-73.961975 40.798032 -73.979593 40.759936
-73.966323 40.804127 -73.972823 40.754271
-74.009551 40.70841 -73.990783 40.751679
-73.972394 40.744872 -74.011655 40.702003
-73.9534 40.789293 -73.977476 40.763554
-73.966724 40.787329 -73.982849 40.754088
-73.986985 40.756733 -74.006785 40.734584
-73.928372 40.795194 -73.985246 40.735773
-74.015269 40.707148 -73.977776 40.745374
-73.971595 40.797758 -73.979332 40.754093
-74.005969 40.749601 -73.966328 40.765172
-73.977901 40.716893 -74.011661 40.710073
-73.963719 40.802427 -73.999627 40.749095
-73.973358 40.745803 -74.015757 40.716647
-73.93459 40.799839 -73.968123 40.763092
-73.971432 40.759184 -73.945301 40.779718
-73.992414 40.754991 -73.948483 40.783413
-73.954019 40.765005 -74.004788 40.736042
-73.92043 40.759045 -73.956313 40.723508
-73.99334 40.768248 -74.014323 40.718589
-74.015121 40.705167 -73.998991 40.768636
-73.974443 40.736491 -74.006119 40.706303
-73.937076 40.70101 -73.968048 40.75602
-73.951418 40.80448 -73.985205 40.759595
-73.981699 40.770098 -73.950346 40.796707
-74.005153 40.71799 -73.977082 40.755701
-73.969486 40.753865 -73.951857 40.782391
-73.957012 40.788536 -73.978935 40.757549
-73.957029 40.778858 -74.008796 40.701759
-73.984818 40.785631 -73.957042 40.768569
-73.945775 40.799183 -73.987417 40.770489
-73.978055 40.749288 -74.005191 40.712672
-73.959002 40.76884 -73.93621 40.800902
-73.985744 40.755907 -73.95884 40.769594
-73.992865 40.757422 -73.955327 40.799388
-73.965766 40.749992 -73.999286 40.738004
-73.966891 40.803788 -73.955625 40.768688
