-73.927571 40.768683 -73.959281 40.747174
-73.958847 40.764888 -73.988299 40.743938
-73.990246 40.720625 -73.962038 40.766827
-73.99883 40.703853 -73.964564 40.75286
-74.005619 40.751286 -74.01104 40.718959
-73.943094 40.795725 -73.991289 40.74916
-73.981879 40.734988 -73.956023 40.760158
-73.943034 40.806843 -73.967399 40.765181
-73.997179 40.709079 -73.967621 40.756959
-73.952488 40.773548 -73.996151 40.738914
-73.949091 40.795436 -73.964792 40.762261
-73.947812 40.77615 -73.969428 40.746827
-73.986595 40.726877 -73.965904 40.762382
-73.99642 40.774789 -74.00491 40.723144
-73.986602 40.734272 -73.964988 40.761276
-73.951895 40.759549 -73.987135 40.747344
-73.967299 40.803715 -73.977582 40.767233
-73.99597 40.751749 -73.997921 40.729061
-73.997556 40.741334 -73.969337 40.764634
-74.003046 40.742249 -73.984047 40.766462
-73.991933 40.701329 -73.970248 40.752694
-73.999596 40.748055 -73.971921 40.767627
-73.9859 40.744451 -74.007016 40.701282
-74.012983 40.71155 -73.978647 40.765201
-73.935679 40.703786 -73.969496 40.754889
-73.949741 40.786569 -73.992556 40.735652
-73.994921 40.715738 -73.980406 40.749113
-73.939851 40.778414 -73.964858 40.757314
-73.984807 40.745275 -74.007647 40.709113
-73.926088 40.754638 -73.996453 40.718284
-73.979785 40.745569 -74.003605 40.707533
-73.981512 40.740951 -74.015679 40.716403
-73.996992 40.73616 -73.957899 40.768859
-73.999035 40.758022 -73.967811 40.766123
-73.930347 40.757632 -73.996376 40.71419
-73.944615 40.773456 -74.012749 40.702842
-73.996009 40.707812 -73.970911 40.75094
-73.979562 40.793371 -73.936059 40.801241
-73.924612 40.749979 -73.953915 40.723951
-73.953416 40.780633 -73.974261 40.765049
-73.986925 40.734329 -73.970596 40.759031
-74.00806 40.744823 -74.009701 40.717076
-73.956214 40.808398 -73.951223 40.773899
-73.969087 40.767096 -73.963009 40.803041
-73.951678 40.774719 -73.98573 40.725126
-73.956369 40.756536 -73.999137 40.745274
-73.972008 40.747133 -73.961498 40.777702
-73.944346 40.795796 -73.966889 40.763583
-73.989741 40.720389 -74.013889 40.703744
-73.967816 40.802251 -73.974424 40.755109
-73.953824 40.746476 -73.984656 40.746807
-73.947705 40.771357 -73.989825 40.745691
-73.936874 40.802338 -73.963908 40.75972
-73.979496 40.758492 -74.007711 40.705002
-74.012277 40.718657 -73.979333 40.767294
-73.991966 40.757181 -74.008599 40.726759
-73.96761 40.767035 -73.951145 40.794424
-73.986908 40.736631 -73.955046 40.768868
-73.981883 40.729062 -73.948726 40.71084
-73.974907 40.720048 -73.999145 40.74279
-73.981155 40.738279 -74.008827 40.702691
-73.985274 40.758847 -74.011828 40.713669
-73.987024 40.724076 -73.969276 40.760077
-73.997987 40.719668 -73.987544 40.742325
-73.998261 40.709065 -73.967961 40.750552
-73.976072 40.748227 -73.984292 40.769415
-73.998455 40.739916 -73.976758 40.776959
-74.008948 40.714488 -73.98442 40.753337
-73.953788 40.767144 -73.964241 40.806345
-73.947702 40.787267 -73.998012 40.74571
-73.997177 40.751067 -74.017379 40.705
-73.998154 40.739937 -74.012266 40.714952
-73.988563 40.751153 -74.010144 40.710174
-73.985613 40.7397 -73.95764 40.761376
-73.984166 40.736681 -74.01812 40.718339
-73.950733 40.752395 -73.942754 40.792839
-73.930654 40.798367 -73.988135 40.734793
-73.953948 40.79255 -73.967652 40.763336
-74.003739 40.743355 -73.975361 40.788898
-73.989059 40.729674 -74.012688 40.70384
-74.013455 40.705406 -74.000141 40.753735
-73.946234 40.753576 -73.941828 40.790172
-73.952607 40.769451 -73.971292 40.75126
-73.944409 40.774083 -74.011808 40.706861
-73.992928 40.708995 -73.967488 40.750097
-73.97201 40.717816 -73.923339 40.792113
-73.918595 40.769982 -73.971109 40.76319
-73.989507 40.738751 -73.963106 40.767134
-73.995127 40.758746 -73.981254 40.728589
-73.984334 40.733374 -74.010912 40.707148
-73.993062 40.777015 -74.012664 40.721789
-73.975653 40.740525 -74.006223 40.708718
-73.963089 40.754081 -74.009599 40.705934
-74.000395 40.727234 -73.966485 40.750725
-73.98245 40.732419 -73.972276 40.750358
-74.004011 40.743907 -74.01464 40.702757
-73.925365 40.775504 -73.998737 40.727417
-73.987293 40.767791 -73.949477 40.773971
-73.979415 40.751966 -74.007602 40.72849
-73.986428 40.729157 -73.97554 40.752236
-73.964255 40.780681 -73.919327 40.789244
-73.995967 40.759461 -73.998666 40.725584
-73.919959 40.749608 -73.962687 40.768963
-73.945453 40.795694 -73.979892 40.77521
-73.990813 40.704682 -73.964955 40.751292
-74.00432 40.700793 -73.969487 40.749685
-73.992384 40.755635 -73.967855 40.7649
-73.989778 40.755252 -73.99417 40.713071
-73.980963 40.742049 -74.005545 40.722545
-73.956518 40.786524 -74.015843 40.705695
-73.984202 40.735351 -73.969876 40.765927
-73.983365 40.744104 -73.964707 40.775718
-73.973158 40.715662 -74.000028 40.708396
-73.996009 40.771734 -74.013337 40.726128
-73.947962 40.770756 -73.984524 40.742615
-73.975357 40.710421 -73.997927 40.748051
-73.997599 40.733843 -73.982256 40.768916
-73.978819 40.7119 -74.006753 40.708456
-73.972928 40.745682 -73.995032 40.717156
-73.951732 40.788086 -73.98509 40.721283
-73.968498 40.749858 -73.99162 40.734861
-73.941905 40.803583 -73.954038 40.77584
-73.951288 40.772185 -73.986641 40.757803
-73.948247 40.801968 -73.98671 40.770794
-73.993688 40.718619 -74.002653 40.756723
-73.945355 40.77829 -73.988219 40.765314
-73.954734 40.768935 -73.98755 40.769956
-73.945251 40.774862 -73.963301 40.741381
-74.006755 40.756203 -74.009285 40.710688
-73.947421 40.761241 -73.987502 40.740044
-73.941238 40.797515 -74.001871 40.709414
-73.948082 40.779343 -74.015125 40.70119
-73.961719 40.748886 -73.981592 40.747499
-73.993548 40.734604 -73.961658 40.783408
-73.917259 40.76154 -73.996909 40.727484
-73.965235 40.753597 -73.994676 40.710294
-73.97174 40.77443 -73.994128 40.739986
-73.934761 40.803856 -73.971282 40.764421
-73.933099 40.764964 -73.960648 40.740581
-73.990508 40.77261 -74.009466 40.724224
-74.014773 40.704192 -73.980337 40.756524
-74.015329 40.712018 -73.995109 40.768277
-73.964474 40.752286 -73.948325 40.788417
-73.980372 40.756584 -74.013886 40.705445
-73.95747 40.767435 -73.983503 40.757923
-73.948096 40.778477 -73.975102 40.758085
-73.953821 40.806914 -73.973106 40.75061
-74.016867 40.723297 -73.94876 40.726085
-73.948962 40.789004 -74.002986 40.708409
-74.000764 40.734527 -73.986822 40.768547
-73.977829 40.759192 -73.946184 40.790179
-74.016138 40.703466 -73.972825 40.746724
-73.966957 40.791049 -74.002932 40.729815
-73.973077 40.735775 -74.004213 40.706997
-73.998401 40.778765 -74.005259 40.723806
-73.952205 40.780248 -73.985544 40.76623
-73.990441 40.707701 -73.969118 40.750711
-74.001777 40.758111 -73.961705 40.761451
-73.992944 40.749487 -73.972853 40.77957
-73.973856 40.746065 -74.004181 40.720714
-73.982183 40.774981 -73.94526 40.782803
-73.95251 40.776619 -73.949478 40.723831
-73.96694 40.754506 -73.949584 40.785813
-74.016247 40.711315 -74.002207 40.759112
-73.993053 40.74665 -73.958282 40.710609
-73.925403 40.761929 -73.989562 40.747725
-74.015255 40.717891 -73.998932 40.74794
-74.006561 40.761561 -74.015607 40.718712
-74.015286 40.717688 -73.980233 40.751777
-74.016028 40.714067 -73.995226 40.735267
-73.947612 40.772687 -73.975585 40.755492
-73.940043 40.751217 -73.945413 40.787503
-73.97736 40.752379 -73.98928 40.724311
-73.951458 40.756665 -73.937836 40.79152
-73.99204 40.702057 -73.969717 40.751218
-73.9654 40.767621 -73.959837 40.803226
-73.993735 40.753066 -73.954774 40.760576
-73.917799 40.748919 -73.959561 40.765693
-73.954355 40.762982 -74.004829 40.70363
-73.96117 40.800785 -73.982129 40.773251
-74.013483 40.729198 -73.980947 40.757688
-73.94783 40.789719 -73.974824 40.777873
-73.963812 40.740026 -73.959941 40.786006
-73.950621 40.781606 -73.981714 40.767437
-74.009983 40.718365 -73.989567 40.750691
-73.980146 40.723867 -73.967127 40.765747
-73.922758 40.754907 -73.955887 40.726945
-74.011903 40.705221 -73.984919 40.749313
-73.991839 40.755061 -74.000286 40.716813
-73.979818 40.718441 -74.009713 40.703594
-74.007955 40.723286 -73.990924 40.765502
-73.950086 40.780491 -73.985627 40.730783
-73.978692 40.776713 -73.998357 40.749089
-73.977804 40.740058 -73.918899 40.762938
-73.917829 40.76072 -73.990627 40.723157
-73.973964 40.743996 -74.014994 40.728749
-74.016579 40.711536 -73.980179 40.756741
-73.971863 40.754819 -74.014921 40.706014
-73.924096 40.769735 -73.943864 40.742192
-73.998764 40.731655 -73.980407 40.762731
-73.989413 40.766145 -73.942275 40.742396
-73.940972 40.792382 -73.980335 40.736876
-73.955061 40.765903 -73.974235 40.71342
-73.993323 40.739836 -74.012406 40.717211
-74.008102 40.768028 -74.01572 40.71304
-73.942482 40.800163 -73.955477 40.772497
-73.927648 40.765978 -73.959164 40.742547
-74.010077 40.702242 -73.999143 40.737484
-73.949378 40.787561 -73.983025 40.729603
-73.954134 40.783301 -73.976396 40.75881
-73.998723 40.754883 -73.968686 40.764033
-73.980111 40.780654 -74.00288 40.725954
-73.980728 40.751641 -74.000387 40.724189
-73.962793 40.749643 -73.982087 40.739252
-73.986941 40.746377 -74.012302 40.711292
-73.990527 40.716576 -73.964159 40.718664
-73.980812 40.749139 -74.002919 40.708991
-73.966443 40.756166 -73.990472 40.737094
-73.947271 40.772283 -73.976259 40.751484
-73.938488 40.757467 -73.977318 40.756372
-74.004433 40.704478 -73.974958 40.752498
-73.957336 40.791804 -73.977526 40.761084
-73.957272 40.794397 -73.979225 40.752681
-73.96612 40.804384 -73.982809 40.772526
-73.992387 40.731125 -73.978842 40.767413
-73.92681 40.76814 -73.958687 40.743246
-73.953195 40.761135 -74.014237 40.703147
-73.92609 40.763657 -73.972264 40.758261
-73.990164 40.739028 -74.00147 40.700864
-73.973113 40.784078 -73.944697 40.773087
-73.986617 40.729599 -74.00802 40.757815
-73.948393 40.719826 -73.934082 40.747181
-73.941416 40.752154 -73.94873 40.786991
-74.006314 40.765423 -73.97511 40.788609
-73.925491 40.789739 -73.982234 40.735297
-73.996686 40.736279 -73.956932 40.764088
-73.950935 40.712639 -73.927058 40.744412
-73.968337 40.756024 -73.997866 40.723592
-73.994336 40.746116 -74.013353 40.713537
-73.961627 40.761937 -73.973475 40.740482
-73.951852 40.786858 -73.987739 40.732607
-73.925485 40.791435 -73.987684 40.733975
-73.947889 40.795721 -73.969377 40.759904
-73.948788 40.772584 -73.988079 40.756405
-73.995206 40.736939 -73.986711 40.761749
-73.951155 40.712461 -73.933819 40.745774
-73.988823 40.730404 -74.011777 40.710926
-73.974933 40.770249 -73.942108 40.805619
-73.969665 40.755393 -74.006744 40.705613
-73.930337 40.79323 -73.983609 40.739442
-74.013363 40.71609 -73.993577 40.74879
-73.993387 40.718989 -73.975199 40.74905
-73.925671 40.797822 -73.983968 40.738817
-73.941047 40.793853 -73.978369 40.786262
-73.96105 40.800712 -73.984932 40.771403
-73.988246 40.738286 -73.97727 40.768321
-73.944828 40.711541 -73.926417 40.742961
-73.991281 40.713851 -74.007254 40.750877
-73.952484 40.769409 -73.993939 40.748599
-74.010131 40.708331 -73.997781 40.758498
-73.981819 40.702842 -74.002535 40.747933
-73.921728 40.774476 -73.963176 40.765804
-73.946941 40.753448 -73.934714 40.795931
-73.927423 40.758803 -73.997567 40.714306
-73.95372 40.763844 -74.003034 40.747463
-74.014277 40.710452 -73.985299 40.756176
-73.974867 40.717991 -73.916624 40.796353
-73.957322 40.762078 -73.992339 40.741431
-74.016601 40.718431 -73.996484 40.753394
-73.937243 40.800328 -73.957598 40.766194
-73.991099 40.744234 -74.015606 40.713165
-73.95074 40.800332 -73.984141 40.761217
-73.986373 40.724193 -73.959118 40.765985
-73.986644 40.724525 -73.954237 40.773409
-73.98709 40.741599 -73.961166 40.784634
-73.944802 40.788294 -73.985087 40.737008
-73.996514 40.756243 -73.957775 40.773609
-73.969199 40.763377 -74.002153 40.718928
-74.014014 40.717639 -73.989519 40.758444
-73.955444 40.769798 -73.941699 40.804928
-74.017599 40.711732 -73.994306 40.763105
-73.979046 40.774704 -73.943592 40.804808
-73.997835 40.754607 -73.946666 40.784652
-73.991683 40.707796 -73.971422 40.751217
-74.001282 40.756966 -74.012115 40.7025
-73.997976 40.729453 -73.972034 40.762654
-73.972869 40.754199 -73.99191 40.724436
-73.980061 40.713055 -73.918727 40.797773
-73.947735 40.750408 -73.940827 40.791494
-73.946046 40.790619 -73.970346 40.75981
-73.954758 40.791026 -73.975204 40.768821
-73.983595 40.769877 -74.008836 40.711578
-73.997673 40.723811 -73.979019 40.765701
-74.001501 40.701152 -73.975228 40.755438
-73.976623 40.729505 -74.00285 40.706553
-73.960183 40.751326 -73.958088 40.786741
-73.976634 40.775222 -73.996693 40.74597
-73.981697 40.735417 -74.002335 40.707421
-73.958471 40.742757 -73.982672 40.744751
-74.010517 40.728969 -73.977987 40.752564
