-73.953099 40.776167 -73.979749 40.751659
-74.003731 40.706117 -73.970958 40.775826
-73.973198 40.767398 -73.959644 40.780226
-73.951997 40.781976 -73.977618 40.750529
-73.970595 40.765908 -74.003636 40.716437
-73.944591 40.754362 -73.941776 40.795531
-73.972169 40.795914 -73.99153 40.757071
-73.964683 40.782851 -73.996413 40.762663
-73.968557 40.804904 -73.982733 40.778328
-74.007725 40.766053 -73.972292 40.784952
-73.990197 40.747936 -74.002088 40.707827
-74.007358 40.70611 -73.954826 40.767412
-73.980324 40.748873 -73.998162 40.713411
-73.991729 40.754979 -73.968449 40.765809
-73.997247 40.739013 -73.954275 40.761291
-73.969787 40.75584 -74.004702 40.703464
-73.92957 40.768488 -73.957669 40.741652
-74.001225 40.756135 -73.959949 40.761978
-73.923715 40.75224 -73.954529 40.728994
-73.919804 40.76866 -73.991679 40.721729
-73.919321 40.752187 -73.960656 40.722234
-73.991666 40.752751 -73.955557 40.769697
-73.993908 40.743755 -73.977414 40.781007
-73.978947 40.717073 -73.923097 40.798362
-73.955215 40.790572 -73.987981 40.766957
-73.970298 40.807283 -73.969603 40.757799
-73.991498 40.757041 -74.008135 40.728635
-73.995903 40.709872 -73.96542 40.757676
-73.946579 40.715822 -73.931772 40.749363
-73.963627 40.808627 -73.993266 40.752638
-74.006315 40.725434 -73.993338 40.775182
-74.008358 40.7223 -73.995552 40.755619
-73.919159 40.752402 -73.953769 40.726076
-73.950748 40.778535 -73.971837 40.75085
-73.996878 40.758286 -73.957644 40.807077
-73.957444 40.741385 -73.981914 40.742398
-74.00131 40.75113 -74.017777 40.706093
-73.966715 40.801153 -73.989119 40.765885
-73.981172 40.753131 -73.99391 40.722266
-73.988274 40.758582 -73.955121 40.788468
-74.009325 40.717941 -73.981906 40.755764
-73.948618 40.785908 -74.016694 40.703609
-73.970403 40.774207 -73.994766 40.758545
-73.996655 40.758332 -73.969536 40.765173
-73.965893 40.791278 -73.96369 40.764254
-74.015755 40.71229 -73.990583 40.74588
-74.002892 40.746271 -74.012852 40.718405
-73.970218 40.79711 -73.987272 40.76087
-73.974333 40.746977 -74.00293 40.716644
-73.99646 40.755186 -73.96943 40.801961
-73.983943 40.757304 -74.007804 40.726387
-73.97964 40.758971 -74.006722 40.742628
-73.941957 40.752675 -73.949242 40.781031
-73.981614 40.773735 -73.945766 40.781407
-73.979398 40.732527 -74.017502 40.709108
-74.004984 40.756478 -73.96052 40.764043
-73.920945 40.775568 -73.971368 40.769115
-73.990445 40.716648 -73.988966 40.742707
-73.977473 40.735007 -73.984947 40.773468
-74.009818 40.715185 -73.996085 40.753635
-74.004039 40.736284 -73.982092 40.775928
-73.989252 40.752044 -74.000974 40.735747
-73.992361 40.701928 -73.966546 40.756459
-73.937946 40.798262 -74.00652 40.702927
-73.963452 40.793658 -74.000709 40.744485
-73.918616 40.76942 -73.952102 40.743775
-73.949242 40.796668 -73.966462 40.768803
-73.931603 40.765201 -73.971692 40.760478
-73.945918 40.716384 -73.92749 40.745917
-74.00849 40.759035 -74.003428 40.707883
-73.993673 40.759394 -74.011369 40.709047
-74.002694 40.759968 -74.01235 40.712639
-73.991774 40.740709 -73.92158 40.746508
-74.003784 40.737673 -73.976862 40.748062
-73.992502 40.701685 -73.968197 40.756188
-73.95172 40.773228 -73.972574 40.757671
-73.968065 40.78285 -73.98692 40.760399
-73.934001 40.764383 -73.967242 40.768851
-73.945483 40.778376 -73.964118 40.750677
-74.003231 40.757123 -73.956231 40.761363
-73.946404 40.780525 -73.996823 40.742575
-73.951483 40.778618 -73.96817 40.75853
-73.928788 40.79866 -73.98594 40.735551
-74.006384 40.716815 -74.005547 40.757075
-73.918306 40.742676 -73.95988 40.762447
-73.953409 40.782573 -73.981039 40.762018
-73.917005 40.747127 -73.966593 40.763208
-73.990758 40.72623 -73.955555 40.764656
-73.925714 40.758886 -73.997697 40.719668
-73.977273 40.739518 -74.010234 40.701893
-73.973167 40.776683 -73.959897 40.80766
-73.983937 40.718321 -73.971178 40.755476
-74.013005 40.71347 -73.987688 40.742267
-73.948713 40.779457 -73.977379 40.759442
-73.980667 40.795822 -73.99262 40.762453
-73.965567 40.779298 -73.991721 40.764505
-73.958569 40.778245 -73.99046 40.742053
-73.964651 40.785727 -73.997643 40.768285
-73.95258 40.779463 -74.012764 40.709519
-74.01035 40.723805 -73.991766 40.753861
-73.979436 40.768744 -74.011285 40.719838
-73.96072 40.776008 -73.985532 40.746071
-73.999944 40.744761 -73.979556 40.760539
-73.954379 40.780258 -73.977575 40.759009
-73.939099 40.807263 -73.961599 40.788999
-73.9537 40.802747 -73.972795 40.757251
-73.993184 40.747956 -73.960443 40.767931
-73.925575 40.763767 -73.96926 40.764695
-73.952486 40.788765 -73.991444 40.730255
-74.014997 40.715924 -73.972075 40.750738
-73.942567 40.798957 -73.97157 40.765093
-73.997613 40.766526 -74.017232 40.717237
-73.966712 40.783812 -73.985459 40.756373
-74.005063 40.75744 -74.012022 40.715514
-74.005724 40.7213 -73.982363 40.754647
-73.959632 40.8067 -73.971887 40.76267
-73.948425 40.769575 -73.990133 40.749008
-73.998783 40.751198 -74.01239 40.720072
-73.957491 40.777976 -73.981385 40.743714
-74.008304 40.763453 -74.015345 40.717242
-73.970533 40.750865 -73.989672 40.723573
-74.006644 40.738203 -73.985346 40.766144
-73.990708 40.725886 -73.955373 40.72063
-73.961564 40.794688 -73.976744 40.761229
-74.008645 40.717606 -73.995368 40.75134
-74.000747 40.718706 -73.993107 40.753198
-73.992578 40.758522 -74.007137 40.715464
-74.016404 40.708503 -73.991973 40.73058
-73.98867 40.753547 -73.954624 40.804277
-74.004974 40.730706 -73.977852 40.752889
-73.995352 40.753352 -73.968632 40.777583
-73.972706 40.739177 -73.98415 40.77188
-73.924099 40.773906 -73.951825 40.742003
-73.924653 40.766729 -73.995434 40.727768
-73.993743 40.756272 -74.01426 40.72092
-73.951505 40.783077 -73.977503 40.748111
-73.991209 40.735751 -73.96927 40.752416
-73.978874 40.745248 -73.949014 40.778165
-73.994889 40.745742 -73.985959 40.777619
-74.005186 40.732473 -73.978965 40.771577
-73.92056 40.758942 -73.956775 40.727607
-74.000524 40.726332 -73.988565 40.743153
-73.968854 40.804809 -73.99495 40.760071
-74.013956 40.722003 -73.995182 40.754957
-74.007322 40.752041 -74.014171 40.710663
-73.920143 40.763932 -73.9983 40.723925
-73.963227 40.797603 -73.982435 40.75671
-73.973061 40.718694 -73.922581 40.79378
-73.953666 40.771416 -73.99441 40.753166
-73.990493 40.738837 -73.962875 40.75346
-73.965265 40.7667 -74.002985 40.706311
-73.990747 40.748376 -74.010638 40.708478
-73.969094 40.768194 -73.99669 40.739197
-74.001579 40.737194 -73.976948 40.751328
-73.923206 40.778129 -73.970132 40.762532
-73.919298 40.767879 -73.99475 40.729505
-74.00033 40.751666 -73.957353 40.762288
-73.953858 40.781972 -73.980026 40.753932
-73.966758 40.781822 -73.980373 40.754864
-73.966941 40.803872 -74.00537 40.746021
-73.966051 40.764843 -74.004202 40.704157
-73.967663 40.778503 -73.990401 40.755542
-73.928195 40.754232 -73.999375 40.716185
-73.964871 40.802238 -73.987 40.773483
-73.954244 40.78293 -74.009301 40.708716
-73.961444 40.774531 -74.003044 40.749846
-74.004599 40.746145 -74.011891 40.711311
-73.996166 40.700728 -73.971686 40.755955
-74.003749 40.768787 -74.017777 40.714987
-73.933563 40.787748 -73.967926 40.786571
-73.933183 40.778237 -73.994159 40.728422
-73.97774 40.713815 -73.992232 40.747194
-73.947517 40.77518 -73.966634 40.756677
-73.978193 40.746469 -73.996582 40.720412
-73.921507 40.759474 -73.959508 40.723552
-73.962766 40.792187 -73.973979 40.732842
-73.96904 40.756807 -74.004251 40.713436
-73.97895 40.746376 -74.009108 40.715667
-73.973953 40.795193 -73.932149 40.794598
-74.008304 40.745255 -73.980706 40.764878
-73.99085 40.734362 -73.953363 40.757237
-73.994404 40.744296 -73.977228 40.770114
-73.950078 40.787522 -73.99796 40.755177
-73.997175 40.737234 -73.975472 40.760901
-73.978982 40.795235 -74.01366 40.715394
-73.994205 40.735954 -73.987105 40.762236
-73.99324 40.707926 -73.97068 40.753323
-73.964626 40.765955 -74.000279 40.732741
-74.000564 40.707229 -73.975892 40.73985
-73.988799 40.745118 -74.001753 40.705727
-74.010163 40.712891 -73.992046 40.75163
-74.002154 40.732545 -73.97964 40.75938
-73.952322 40.778694 -73.970376 40.748856
-73.998286 40.725546 -73.987749 40.772474
-73.921745 40.778662 -73.96265 40.759692
-73.996271 40.754072 -73.958193 40.781984
-73.991648 40.734192 -73.982548 40.709406
-73.955459 40.785984 -74.000267 40.707324
-74.005013 40.725512 -73.978017 40.757607
-73.956451 40.785107 -73.985693 40.753391
-73.980337 40.789142 -73.943393 40.805269
-73.932197 40.795712 -73.98531 40.733137
-73.963207 40.804141 -73.977567 40.761501
-73.970426 40.793849 -73.981721 40.759497
-73.986113 40.764417 -74.007663 40.728017
-73.978152 40.796722 -73.937435 40.800624
-73.976949 40.733203 -74.005017 40.704085
-73.954992 40.773609 -73.998732 40.732755
-73.917326 40.74659 -73.97078 40.764241
-73.973896 40.742703 -73.919515 40.765022
-73.976421 40.749188 -74.006511 40.716097
-73.986947 40.746074 -74.01079 40.702818
-73.959785 40.780998 -73.972719 40.768916
-74.003117 40.714252 -74.001947 40.743892
-74.000063 40.749308 -73.975153 40.7884
-73.977551 40.73218 -73.957303 40.76096
-73.933432 40.793491 -73.985335 40.730104
-73.98513 40.758342 -74.014543 40.714815
-73.976438 40.743192 -74.011952 40.70599
-74.0139 40.710847 -74.001264 40.749681
-74.014824 40.714117 -73.97479 40.768225
-73.920585 40.767077 -73.992796 40.722203
-73.98059 40.748705 -74.004543 40.702429
-73.94923 40.805014 -73.989639 40.77139
-73.974699 40.740526 -74.000525 40.70471
-73.937214 40.757189 -73.978361 40.749911
-73.950932 40.710642 -73.928172 40.743959
-73.974875 40.787155 -73.997088 40.754812
-73.961446 40.806627 -73.948922 40.777974
-73.999653 40.748897 -73.98668 40.782329
-73.961416 40.757935 -73.946772 40.722252
-73.992778 40.714326 -73.970206 40.757089
-73.966122 40.808483 -73.993446 40.757298
-73.953461 40.743357 -73.983375 40.744115
-73.964846 40.801192 -74.008787 40.754952
-73.995032 40.703779 -73.969089 40.757038
-73.973656 40.793119 -73.997168 40.757057
-73.973047 40.730304 -73.98683 40.774057
-73.942015 40.805702 -73.963221 40.764962
-73.945719 40.759529 -74.006454 40.70628
-73.929891 40.775267 -73.996047 40.727398
-73.994997 40.75161 -73.995274 40.726324
-73.96101 40.807331 -73.954051 40.775196
-73.979498 40.748354 -74.001378 40.724634
-73.949401 40.712227 -73.930078 40.739956
-73.959333 40.776536 -73.990409 40.75762
-74.010248 40.715858 -74.002324 40.755352
-73.973213 40.750584 -74.004219 40.706345
-73.977962 40.740088 -74.001517 40.72329
-74.01563 40.719274 -73.97892 40.768135
-73.92282 40.743441 -73.968664 40.756319
-73.944367 40.773638 -73.987666 40.757842
-74.005775 40.703523 -73.983012 40.747674
-73.990788 40.759372 -74.008407 40.724656
-73.941938 40.790834 -73.981841 40.769638
-73.970192 40.768251 -74.005625 40.702815
-74.005127 40.730143 -74.014135 40.70045
-74.004428 40.710662 -73.993365 40.762587
-73.946678 40.711007 -73.932219 40.744817
-73.951753 40.769712 -73.974738 40.754029
-74.002166 40.74148 -73.966837 40.783522
-73.988079 40.76224 -74.007086 40.72642
-73.973481 40.770127 -74.008392 40.74901
-74.007671 40.715601 -73.9679 40.753691
-74.005635 40.738271 -73.971348 40.748865
-73.978309 40.731437 -74.006218 40.704998
-73.920778 40.75762 -73.957987 40.721471
-73.989003 40.727629 -73.96557 40.752256
-73.997207 40.739727 -74.014678 40.707143
-73.958209 40.762506 -73.996892 40.743003
-73.955316 40.745257 -73.989828 40.745741
-73.958146 40.753367 -74.011235 40.709334
-74.0099 40.724064 -73.990037 40.758658
-73.948581 40.772187 -73.972589 40.757771
-73.980711 40.740629 -74.018029 40.713688
-73.973884 40.74124 -74.008118 40.717892
-73.994454 40.755907 -73.975412 40.787474
-73.930459 40.798385 -73.983741 40.734584
-73.982141 40.742209 -74.004137 40.715533
-73.999312 40.756659 -73.99206 40.716249
-73.962916 40.76759 -73.9781 40.731633
-73.948562 40.766672 -74.004589 40.706422
-73.9898 40.716337 -73.947218 40.712749
-73.945022 40.78268 -73.962714 40.757027
-73.996046 40.722426 -73.982165 40.777202
-73.926303 40.76463 -73.957589 40.74028
-73.919103 40.778559 -73.964813 40.759544
-73.996113 40.74047 -73.999682 40.717651
-73.961992 40.75033 -74.014646 40.701007
-73.915995 40.760747 -73.994166 40.725368
-73.96342 40.775799 -73.999176 40.752865
-73.988632 40.742133 -74.011046 40.70057
-73.962833 40.750339 -73.995148 40.737367
-73.976741 40.74138 -74.012987 40.706483
-73.968423 40.778618 -73.934633 40.80106
-73.988156 40.779636 -74.003572 40.755482
-73.993959 40.750702 -73.9686 40.765704
-74.005609 40.738871 -73.989496 40.764931
-73.917902 40.760826 -73.993245 40.729037
-73.933359 40.784416 -73.969666 40.78851
