-73.989297 40.7775 -73.967839 40.80389
-73.961421 40.787903 -73.980653 40.756258
-73.948744 40.71499 -73.929263 40.742665
-73.992654 40.703647 -73.968423 40.75617
-74.002204 40.766125 -73.955916 40.783728
-73.980651 40.740956 -73.99626 40.719811
-73.962942 40.762496 -73.992781 40.747938
-73.974496 40.744533 -74.000241 40.724762
-73.966747 40.757178 -74.000882 40.704281
-73.974689 40.714998 -74.009705 40.706497
-73.978515 40.792457 -73.990883 40.76689
-73.949027 40.782257 -73.976573 40.750739
-73.998147 40.76151 -73.963064 40.804584
-73.989167 40.750627 -74.015387 40.709201
-73.945641 40.776815 -73.987296 40.741566
-73.934884 40.802048 -73.95522 40.779303
-73.974944 40.727993 -73.995365 40.754149
-73.964357 40.749339 -73.958193 40.788716
-74.002169 40.76172 -73.973048 40.737906
-73.957564 40.7925 -73.968362 40.762356
-73.951716 40.772736 -73.978745 40.755672
-73.980072 40.740243 -73.95276 40.782245
-73.974952 40.74862 -74.004755 40.728898
-73.977308 40.73623 -74.004869 40.702669
-74.015538 40.710057 -73.987801 40.739846
-73.985159 40.753934 -74.003141 40.728465
-73.953637 40.794412 -73.964654 40.759878
-73.931523 40.766252 -73.969057 40.762387
-73.91875 40.773296 -73.970431 40.762059
-74.003049 40.72926 -73.980235 40.754627
-73.973009 40.784371 -73.939688 40.78943
-74.012459 40.725234 -73.999568 40.744592
-73.952715 40.791343 -73.989525 40.774944
-73.997337 40.727616 -73.976251 40.755739
-73.92707 40.755521 -73.999245 40.712017
-74.014405 40.715531 -73.994743 40.741952
-74.000219 40.711811 -73.992394 40.765436
-73.919697 40.775656 -73.949247 40.748084
-74.013339 40.725047 -73.99119 40.752689
-73.975015 40.779915 -73.992989 40.75729
-73.959196 40.762028 -73.981822 40.754139
-73.955302 40.78456 -73.976722 40.75944
-73.981488 40.745407 -74.016803 40.70189
-73.992534 40.737347 -73.953347 40.752864
-73.949482 40.800029 -73.981029 40.775425
-73.976636 40.762305 -73.999346 40.72445
-74.012047 40.724206 -73.978556 40.753289
-74.009324 40.70459 -73.980098 40.75754
-73.945529 40.770946 -73.987093 40.747893
-73.927122 40.782477 -73.967873 40.783701
-73.979644 40.7962 -74.008219 40.728368
-73.939799 40.798294 -73.979585 40.734523
-73.974147 40.767071 -73.994487 40.729209
-73.990631 40.732496 -73.960593 40.779955
-73.967435 40.750769 -74.009183 40.702536
-73.995839 40.735713 -74.014868 40.705942
-73.983785 40.731039 -73.959534 40.764477
-74.000019 40.766508 -74.015425 40.712683
-73.972043 40.741075 -74.010897 40.716499
-73.967033 40.757411 -73.987714 40.737258
-73.961242 40.759355 -73.997857 40.740088
-73.957994 40.764052 -73.99183 40.735531
-73.974151 40.717452 -73.920887 40.795714
-73.967253 40.74162 -73.947836 40.786021
-73.95714 40.745875 -73.981923 40.748232
-73.98607 40.746679 -73.962192 40.780762
-73.996607 40.771979 -74.002016 40.725679
-73.9502 40.75801 -73.940951 40.792503
-73.95806 40.785356 -73.98747 40.765642
-74.008699 40.765692 -74.009748 40.711571
-73.968416 40.79087 -73.979374 40.737068
-73.992242 40.744772 -74.009187 40.704214
-73.945122 40.773072 -73.983045 40.767103
-73.980288 40.783537 -73.994401 40.751475
-73.977368 40.713788 -73.999136 40.742618
-73.972397 40.788862 -74.00808 40.745804
-73.976709 40.779684 -73.982059 40.745788
-73.976239 40.784266 -73.992556 40.753832
-73.990629 40.721636 -73.962347 40.764222
-73.987343 40.75667 -74.014926 40.700845
-73.955681 40.78633 -73.983864 40.752598
-73.956557 40.749529 -73.984703 40.747836
-73.969915 40.767822 -73.984135 40.73536
-73.971348 40.753917 -73.932561 40.768934
-73.958385 40.791147 -73.980987 40.767978
-73.96414 40.773491 -73.996379 40.725834
-73.94699 40.771417 -74.017195 40.719827
-73.965815 40.746506 -73.999638 40.706217
-73.949178 40.717036 -73.928557 40.739879
-74.009383 40.709391 -74.005661 40.753704
-74.007751 40.711753 -74.002816 40.745879
-73.989243 40.739766 -73.976069 40.751254
-73.984666 40.75407 -74.000265 40.72399
-73.993544 40.72495 -73.974732 40.751668
-74.010231 40.701832 -73.973244 40.73004
-73.970485 40.773838 -73.934682 40.799117
-73.986512 40.757548 -74.015421 40.716186
-73.942747 40.794752 -73.970848 40.762573
-73.999813 40.759718 -74.014669 40.716108
-73.977325 40.745819 -74.005783 40.700624
-73.992141 40.7151 -73.979291 40.740792
-73.929242 40.796468 -73.990172 40.729951
-73.975311 40.762771 -73.996018 40.715527
-73.987054 40.744724 -74.006442 40.705371
-73.918322 40.76542 -73.991642 40.727596
-73.976212 40.76925 -74.010001 40.719278
-73.979053 40.786572 -73.992327 40.745811
-74.015024 40.703309 -74.000164 40.749236
-73.995759 40.732938 -73.971881 40.768766
-73.993309 40.735192 -73.935507 40.77256
-74.011521 40.705829 -73.970797 40.758511
-73.945981 40.752209 -73.935895 40.79206
-73.974203 40.764531 -73.93484 40.740951
-73.941581 40.80353 -73.954693 40.787399
-73.979478 40.742731 -74.00174 40.706956
-73.975356 40.749017 -74.000954 40.728541
-73.986661 40.779446 -73.967305 40.752912
-73.997004 40.749065 -73.975946 40.782196
-73.983138 40.721731 -74.001476 40.754248
-73.97918 40.762252 -73.938732 40.746053
-73.973442 40.766384 -73.931267 40.760826
-73.986056 40.749828 -74.000724 40.722512
-73.99589 40.737311 -73.923869 40.774727
-74.004532 40.722584 -73.991347 40.773338
-73.963268 40.80724 -74.006139 40.75573
-73.962449 40.801249 -73.935485 40.751959
-73.967885 40.766414 -73.93986 40.791261
-73.963725 40.782777 -73.991633 40.754547
-73.977901 40.728356 -74.006305 40.710582
-73.957251 40.755517 -73.947892 40.720208
-73.917009 40.761157 -73.995178 40.724391
-74.004208 40.760335 -73.970174 40.806467
-73.982719 40.754962 -74.003811 40.711667
-73.982579 40.754495 -74.013377 40.715974
-73.954544 40.775156 -74.003561 40.753729
-73.997517 40.73036 -73.974571 40.751221
-73.916679 40.772 -73.944664 40.740077
-73.947494 40.806475 -73.990042 40.773766
-73.973208 40.766427 -73.964228 40.808271
-73.988621 40.788404 -73.992031 40.741762
-73.960949 40.787229 -73.984653 40.750093
-73.996704 40.74222 -73.967486 40.76507
-73.965321 40.756339 -73.997475 40.733239
-73.935566 40.757933 -73.949341 40.784262
-73.974297 40.740899 -74.017612 40.707669
-73.94528 40.715195 -73.932619 40.740033
-74.010005 40.704852 -73.972651 40.758465
-73.953484 40.792944 -73.971819 40.7559
-73.961818 40.761798 -73.982115 40.76963
-74.007038 40.744342 -73.985067 40.722712
-73.995923 40.747419 -73.955897 40.744732
-73.963713 40.76794 -74.001475 40.737472
-74.005895 40.768986 -73.97384 40.790162
-73.972089 40.766745 -73.996299 40.726084
-73.993602 40.743199 -73.967744 40.763797
-73.99071 40.767933 -73.944284 40.782739
-73.952689 40.749717 -73.942585 40.790212
-73.977488 40.786693 -73.996618 40.748761
-73.964309 40.742334 -74.005076 40.704083
-73.939608 40.774967 -73.96551 40.758317
-73.957229 40.769538 -73.986735 40.772088
-73.99547 40.725657 -73.963415 40.775174
-73.972564 40.797608 -73.987807 40.754604
-73.989893 40.75121 -73.960774 40.802957
-73.981087 40.721393 -74.003734 40.766913
-73.98434 40.770302 -74.001163 40.711031
-73.952613 40.788877 -73.99951 40.720271
-74.001127 40.745149 -73.963768 40.774328
-73.921479 40.775967 -73.970278 40.76869
-74.01364 40.708725 -74.000199 40.752077
-73.996258 40.727888 -73.94582 40.776144
-73.926793 40.762316 -73.975457 40.75133
-73.975707 40.768226 -74.009367 40.717388
-73.946912 40.803763 -73.987397 40.76204
-73.996876 40.759796 -73.996686 40.717884
-74.006519 40.749826 -74.01528 40.700867
-74.003907 40.765316 -73.980667 40.731951
-73.955044 40.760104 -74.002199 40.747593
-73.955337 40.749165 -73.983741 40.742169
-73.998158 40.739005 -73.938081 40.772939
-73.977969 40.742049 -73.957027 40.763828
-73.9985 40.744337 -73.968787 40.765036
-73.967131 40.757642 -73.99245 40.727306
-73.977406 40.731815 -74.000317 40.707255
-73.9493 40.756322 -73.938449 40.797049
-73.969631 40.797603 -73.983401 40.760009
-73.984886 40.752624 -74.008559 40.724069
-73.995525 40.72052 -73.966268 40.775682
-73.991834 40.748007 -73.955745 40.765385
-73.945649 40.766082 -74.01041 40.702633
-73.948668 40.786964 -73.987488 40.723638
-73.981005 40.751367 -73.961753 40.776488
-74.011974 40.703336 -73.985712 40.745926
-74.009231 40.702044 -74.00041 40.741223
-73.997475 40.713132 -73.981039 40.740462
-73.985367 40.756788 -73.991284 40.72971
-73.965321 40.748631 -74.004104 40.709191
-73.972653 40.741633 -74.007515 40.709406
-73.977269 40.768342 -74.006283 40.750025
-74.006719 40.760366 -74.012768 40.711908
-73.979412 40.763086 -73.962733 40.795075
-74.009634 40.712135 -73.979248 40.741354
-73.958565 40.742665 -73.985823 40.746124
-73.990993 40.73667 -73.969172 40.767749
-73.98229 40.758322 -74.017622 40.707928
-73.984593 40.788128 -73.953224 40.767101
-73.999394 40.73559 -73.954357 40.762156
-74.007409 40.727837 -73.986571 40.75133
-73.972607 40.783394 -73.99625 40.74003
-73.951264 40.749918 -73.937615 40.798048
-73.981138 40.751535 -74.006407 40.714052
-73.953694 40.787665 -73.973242 40.754428
-73.97214 40.76645 -73.991677 40.734224
-73.980383 40.787383 -73.989841 40.745229
-74.006643 40.760904 -73.980996 40.78872
-73.965765 40.75251 -74.018152 40.711459
-73.991679 40.729787 -73.965764 40.775493
-73.988368 40.734128 -73.960624 40.761596
-73.961961 40.78348 -73.978463 40.755057
-73.988 40.72241 -73.979958 40.754678
-73.946723 40.799712 -73.98304 40.778489
-74.007314 40.744904 -73.972807 40.717591
-74.01761 40.719779 -73.987935 40.730848
-73.944106 40.787295 -73.978672 40.765821
-73.972984 40.710381 -74.006279 40.708772
-73.962347 40.763579 -73.934989 40.804169
-73.997487 40.733011 -74.015329 40.702559
-73.997859 40.717452 -73.969852 40.719395
-73.994523 40.73142 -73.978423 40.763157
-73.983711 40.756175 -74.00435 40.704607
-74.006373 40.724296 -73.989932 40.754167
-73.997027 40.707577 -73.964932 40.75362
-73.9314 40.776824 -73.994789 40.722075
-73.946366 40.711346 -73.928713 40.740245
-73.993693 40.750844 -74.00166 40.702386
-73.947946 40.805982 -73.987656 40.777109
-73.976547 40.788541 -73.997216 40.756473
-73.944606 40.787388 -73.984126 40.767717
-74.005714 40.712293 -73.983026 40.740074
-73.978626 40.711377 -73.921907 40.791301
-73.952852 40.77251 -74.009563 40.713781
-74.005595 40.746476 -73.988363 40.766008
-73.97324 40.782677 -73.973777 40.755675
-73.996147 40.771222 -74.002627 40.726641
-73.997072 40.727613 -73.98069 40.767405
-73.990441 40.706506 -73.965677 40.756644
-73.965591 40.740245 -74.004876 40.705477
-73.973839 40.737057 -73.955164 40.782802
-73.979612 40.779836 -73.988946 40.750436
-74.013396 40.719073 -73.987978 40.756503
-73.981082 40.746913 -73.958911 40.761292
-73.954942 40.771949 -73.987684 40.740187
-73.96668 40.795035 -74.002206 40.740235
-73.947438 40.761869 -73.986365 40.723906
-73.996899 40.739352 -73.986433 40.760027
-73.966182 40.776303 -73.998994 40.732677
-73.999077 40.742609 -73.956348 40.762561
-74.017672 40.717963 -73.991984 40.757446
-73.986109 40.733242 -73.965593 40.765272
-73.974617 40.748144 -73.935414 40.799223
-73.993482 40.72473 -73.963625 40.761528
-74.003886 40.747332 -73.964558 40.767794
-73.931842 40.772893 -73.993929 40.720724
-73.946705 40.772907 -73.9995 40.744349
-74.006281 40.746331 -73.971992 40.766534
-73.973823 40.742807 -74.011189 40.700768
-73.958218 40.779942 -73.980529 40.766632
-73.993035 40.77585 -74.014933 40.729105
-74.012717 40.701447 -73.989996 40.733489
-73.968903 40.758202 -73.986006 40.728005
-73.960845 40.751583 -73.98393 40.736457
-74.014644 40.701992 -73.986211 40.735402
-73.97817 40.782387 -73.986752 40.740793
-73.945294 40.751709 -73.939837 40.792957
-74.000455 40.743692 -73.970634 40.760507
-74.012564 40.720475 -73.99709 40.753871
-73.957242 40.764167 -73.953475 40.807637
-73.996172 40.745501 -74.000799 40.706931
-73.931459 40.772887 -73.996123 40.727788
-73.980047 40.736635 -74.001878 40.708666
-73.987764 40.735357 -74.013596 40.712533
-74.006271 40.743619 -74.01137 40.719456
-73.957192 40.781536 -73.980898 40.767642
-73.941139 40.798662 -74.00352 40.704323
-73.975723 40.743001 -74.006693 40.719746
-74.00223 40.739874 -74.014387 40.71863
-73.999484 40.772152 -74.013895 40.721969
-73.959237 40.769165 -73.988958 40.755517
-73.9502 40.770427 -73.978628 40.751793
-73.960508 40.777727 -74.007777 40.752395
-73.983002 40.758279 -73.958975 40.769927
-73.981108 40.743284 -74.007399 40.705263
-73.992316 40.777933 -74.008203 40.720571
-73.990099 40.739514 -73.954612 40.778217
-73.927114 40.785281 -73.964615 40.783198
-74.011986 40.714234 -74.007815 40.75305
-74.005238 40.766216 -73.970119 40.801176
-73.976716 40.717715 -74.013728 40.704762
-73.978336 40.766297 -73.991646 40.719275
-73.957511 40.783899 -73.980113 40.752398
