-73.972942 40.781765 -73.998522 40.747065
-73.923078 40.764634 -73.994021 40.726465
-73.984102 40.723357 -74.012685 40.70799
-73.958156 40.77936 -73.994118 40.767064
-73.973628 40.74457 -74.012323 40.712512
-73.998253 40.721331 -73.975526 40.754321
-73.995043 40.729287 -73.967279 40.769768
-73.953147 40.792252 -73.97824 40.750417
-73.974653 40.79601 -73.946836 40.773585
-74.014352 40.709723 -74.007431 40.755463
-74.005041 40.744915 -74.000246 40.709884
-74.006905 40.742037 -73.965658 40.764493
-73.920424 40.742666 -73.986779 40.760633
-73.956611 40.760261 -73.985383 40.743694
-73.976847 40.746829 -74.01783 40.701848
-74.005571 40.742391 -73.974763 40.759979
-73.925997 40.798752 -73.989104 40.732192
-73.988185 40.782543 -73.986423 40.735533
-73.991748 40.736166 -73.967027 40.753863
-73.976787 40.786228 -74.016207 40.719306
-73.961151 40.763976 -73.983921 40.748575
-74.013741 40.722618 -73.98475 40.755829
-73.988131 40.716061 -73.97152 40.750098
-73.934186 40.787531 -73.969174 40.786904
-73.945994 40.805501 -73.982058 40.765644
-73.92546 40.794698 -73.989361 40.735237
-73.947592 40.772667 -73.986548 40.722647
-74.017756 40.700847 -74.001956 40.757686
-73.98264 40.774387 -73.951354 40.78265
-73.976658 40.782343 -73.996607 40.749508
-73.934023 40.774774 -73.994957 40.727571
-73.991011 40.766627 -73.996238 40.736761
-73.982276 40.768613 -73.967315 40.789592
-73.99902 40.723535 -73.963101 40.772588
-74.009098 40.700651 -73.978012 40.758752
-73.958271 40.767076 -74.011727 40.715392
-73.953565 40.76654 -74.007437 40.711268
-74.005832 40.76478 -73.969119 40.804549
-73.950043 40.754387 -73.94018 40.795037
-73.956932 40.777409 -73.942835 40.799396
-73.978696 40.786038 -73.995078 40.75654
-73.991412 40.720366 -73.963702 40.767737
-73.985339 40.718325 -73.986519 40.748524
-73.986729 40.7527 -74.000306 40.722297
-73.926622 40.770777 -73.998634 40.727572
-73.978079 40.7591 -73.983189 40.72323
-73.979727 40.752004 -74.008598 40.726753
-74.012261 40.704516 -73.977725 40.737162
-73.961085 40.790489 -73.988256 40.7631
-73.953002 40.774147 -73.964856 40.739816
-73.958665 40.797831 -73.96895 40.764103
-73.949039 40.781203 -73.973609 40.752426
-73.961337 40.782396 -73.977825 40.752114
-73.978713 40.781517 -74.007819 40.741557
-73.943985 40.783705 -73.990237 40.780762
-73.985542 40.754101 -74.017454 40.705224
-73.96992 40.749681 -73.949498 40.774617
-74.011146 40.720105 -73.978955 40.751196
-73.94842 40.778119 -73.979157 40.728126
-73.927222 40.788824 -73.970598 40.78346
-73.990515 40.755246 -73.964542 40.762063
-73.917332 40.773787 -73.96384 40.760812
-73.975074 40.787328 -74.000574 40.725203
-74.008463 40.742975 -73.978815 40.766901
-73.97722 40.747332 -74.011721 40.717975
-73.971775 40.730954 -74.006588 40.704476
-73.982205 40.746227 -73.956883 40.770356
-73.97895 40.75636 -74.017617 40.706674
-73.987794 40.720201 -73.956387 40.703133
-73.967151 40.790703 -74.001177 40.745387
-74.015003 40.70131 -73.971951 40.750299
-73.951369 40.788119 -73.98071 40.758685
-73.97212 40.758999 -73.991759 40.721841
-73.947121 40.784797 -73.982983 40.728511
-73.939298 40.753547 -73.975784 40.75731
-73.989986 40.756792 -74.005982 40.730563
-73.995838 40.730689 -73.979131 40.765766
-73.981591 40.729075 -73.977644 40.756608
-73.977668 40.764761 -73.993189 40.730378
-73.942968 40.756756 -73.952006 40.786025
-73.998614 40.724799 -73.987854 40.773461
-73.945541 40.784604 -73.981845 40.769261
-73.988523 40.735121 -73.958897 40.764346
-73.979217 40.738452 -74.000115 40.701825
-74.009344 40.71938 -73.991498 40.750154
-73.987636 40.768721 -74.004759 40.748615
-73.968623 40.752928 -73.949445 40.78638
-73.974525 40.79428 -74.005071 40.757473
-73.95925 40.740772 -73.983443 40.745166
-73.950047 40.787252 -73.966041 40.756153
-73.986752 40.706135 -73.967074 40.775048
-73.99414 40.757718 -73.960425 40.760024
-73.952644 40.771043 -73.976485 40.75135
-73.951411 40.782075 -73.967459 40.750643
-73.973612 40.788076 -73.996347 40.751487
-74.006678 40.739956 -73.966516 40.775996
-73.980389 40.784258 -73.997601 40.754383
-73.962499 40.766501 -74.007497 40.73887
-73.95328 40.791815 -73.97418 40.766539
-73.971048 40.769131 -73.94567 40.794476
-74.012594 40.712009 -73.979977 40.751067
-73.963766 40.767686 -74.002805 40.728757
-73.954156 40.759795 -74.005581 40.736687
-73.969899 40.791105 -73.986973 40.753675
-73.977119 40.743165 -74.014253 40.722807
-74.014596 40.702365 -73.979616 40.740316
-73.977326 40.789903 -73.973133 40.765231
-73.948991 40.779696 -73.983908 40.735297
-73.951365 40.803874 -73.986298 40.76962
-73.971353 40.740351 -73.952653 40.781383
-73.948198 40.783895 -73.968588 40.757319
-73.937747 40.79259 -73.978443 40.779991
-73.955593 40.769257 -73.990861 40.736769
-73.981732 40.705608 -73.999967 40.74554
-73.958717 40.766213 -73.993069 40.756526
-73.999573 40.725688 -73.979156 40.759555
-73.943702 40.79816 -73.98499 40.773429
-73.925455 40.749798 -73.99226 40.711819
-73.978921 40.733265 -74.003384 40.701227
-73.989894 40.721071 -74.004716 40.751315
-73.988726 40.734793 -73.957417 40.762252
-73.944538 40.777195 -73.968821 40.74358
-73.979073 40.750613 -74.010949 40.708777
-74.008236 40.707119 -73.980418 40.751313
-73.929277 40.759618 -73.990254 40.741351
-74.014482 40.708219 -73.985958 40.741237
-73.986531 40.753002 -74.014971 40.715665
-73.955898 40.790727 -73.998951 40.749585
-73.9386 40.790188 -73.97565 40.781567
-73.977435 40.784676 -73.998887 40.744825
-73.978408 40.785402 -73.987292 40.749963
-73.98779 40.724277 -73.957909 40.773364
-73.950526 40.787662 -74.01699 40.700709
-73.96898 40.75937 -73.981113 40.721585
-73.971357 40.766396 -73.949264 40.791249
-73.962194 40.76622 -74.005385 40.704975
-73.953876 40.795998 -73.978456 40.76152
-73.986956 40.776465 -73.956874 40.799832
-73.98237 40.728097 -74.006775 40.758495
-73.964989 40.79283 -73.996879 40.750308
-73.946403 40.788442 -73.986103 40.761585
-74.011813 40.703374 -73.980566 40.757488
-73.981083 40.772765 -74.000107 40.711612
-73.991635 40.725887 -73.972937 40.754542
-73.947577 40.778558 -73.964795 40.80229
-73.926065 40.768165 -73.962968 40.762548
-73.964446 40.797197 -74.000617 40.722915
-73.998168 40.739896 -73.989792 40.776499
-73.973896 40.798641 -74.013841 40.712236
-73.975474 40.782781 -73.973899 40.759411
-73.981938 40.743747 -74.002407 40.702138
-73.986638 40.727841 -73.95722 40.762216
-74.00265 40.767148 -73.9591 40.786889
-73.978235 40.761292 -73.996192 40.734248
-73.944786 40.775862 -73.965835 40.740184
-73.985274 40.746655 -74.002071 40.700599
-73.978717 40.784573 -74.008169 40.754479
-73.95821 40.767572 -74.008402 40.706571
-73.944982 40.784063 -73.968766 40.7543
-73.960271 40.766913 -73.991708 40.765333
-73.963778 40.795995 -73.993441 40.748837
-73.975214 40.780728 -73.94829 40.786693
-73.991207 40.75746 -74.013497 40.719897
-73.950341 40.799396 -73.98619 40.774781
-73.961878 40.796576 -73.970007 40.765625
-73.998862 40.720813 -73.973103 40.761027
-74.011572 40.717539 -73.994948 40.750063
-73.919119 40.744481 -73.966697 40.766618
-73.983509 40.720609 -74.003634 40.756439
-73.999741 40.70296 -73.973646 40.748726
-73.977671 40.79005 -73.928405 40.793488
-73.99065 40.770432 -74.002304 40.727176
-73.921618 40.776993 -73.946849 40.745563
-73.980316 40.744785 -74.001738 40.714941
-73.995818 40.750374 -73.953774 40.765914
-73.984116 40.708749 -73.966897 40.773364
-74.003409 40.719864 -73.981171 40.747916
-73.918235 40.746947 -73.985622 40.768643
-73.975715 40.750569 -74.008158 40.708026
-73.998915 40.710465 -73.9985 40.759134
-73.97091 40.752004 -73.984067 40.734547
-73.941178 40.75631 -73.947082 40.787193
-73.960851 40.761741 -73.929738 40.793144
-74.008584 40.744918 -74.015498 40.718358
-73.982875 40.748263 -74.007804 40.706903
-73.945031 40.805434 -73.983272 40.778144
-73.970203 40.758839 -73.996445 40.71311
-73.94955 40.808172 -73.988246 40.773486
-73.946369 40.771973 -73.976515 40.754141
-73.955403 40.784645 -74.005617 40.70243
-74.007451 40.74825 -73.988872 40.766248
-73.958163 40.769957 -73.939501 40.802478
-73.919077 40.741283 -73.987836 40.744828
-73.948103 40.773695 -74.017042 40.702548
-73.961503 40.797449 -73.979803 40.764167
-73.970814 40.784892 -73.977132 40.750643
-73.967773 40.761199 -74.014946 40.711599
-73.995341 40.736141 -73.98195 40.767159
-73.975071 40.754887 -74.004838 40.718318
-73.984653 40.756831 -74.009226 40.703715
-73.99686 40.728877 -73.960447 40.761583
-73.961529 40.80006 -73.978209 40.753509
-73.95558 40.759546 -73.994448 40.768727
-73.964913 40.753267 -74.010393 40.702265
-73.967674 40.763431 -74.006524 40.767648
-74.012896 40.709247 -74.004875 40.751216
-73.953554 40.769003 -73.986875 40.748872
-73.998755 40.754507 -74.017417 40.709612
-74.004348 40.741823 -74.012554 40.719932
-73.926999 40.765711 -73.98212 40.745338
-74.011992 40.700693 -74.002317 40.745336
-73.975109 40.780305 -73.994717 40.755851
-73.993941 40.720423 -74.003389 40.750519
-73.955108 40.770006 -73.992424 40.758744
-74.00364 40.708817 -73.9778 40.756185
-73.978741 40.780799 -73.987531 40.734073
-73.972797 40.732767 -73.955709 40.784622
-73.962526 40.806854 -73.957677 40.775294
-73.997459 40.739323 -73.969547 40.753319
-73.9529 40.802656 -73.986195 40.766795
-73.993783 40.74885 -74.013996 40.710763
-74.001736 40.734697 -73.992057 40.772089
-73.978014 40.757909 -73.991603 40.720399
-73.989621 40.728073 -74.014209 40.702218
-73.964765 40.802224 -74.004126 40.74451
-73.954067 40.797416 -73.971779 40.751313
-73.982592 40.766576 -74.006665 40.724749
-73.956697 40.774701 -73.941877 40.803714
-73.94988 40.777181 -73.974991 40.742442
-73.971194 40.77305 -73.996483 40.767448
-74.013226 40.706384 -73.985236 40.738471
-73.964827 40.779664 -73.985553 40.75414
-73.976412 40.788878 -73.989028 40.751466
-73.949977 40.783559 -73.979639 40.773365
-73.978974 40.721521 -73.997951 40.759208
-73.993326 40.76967 -74.016575 40.722461
-73.962945 40.787352 -73.91769 40.792104
-73.960289 40.784752 -73.977164 40.745311
-74.009657 40.707805 -74.007925 40.741229
-73.966304 40.75432 -74.006311 40.705772
-73.939018 40.702611 -73.965851 40.752614
-74.016973 40.70167 -73.980451 40.749747
-73.994193 40.735319 -73.924423 40.771762
-74.004516 40.70547 -73.966242 40.773995
-73.958844 40.791891 -73.969829 40.764511
-73.952228 40.779628 -73.996599 40.723135
-73.974233 40.765939 -73.963851 40.80582
-73.978269 40.79856 -74.002363 40.721094
-74.003195 40.758163 -74.010156 40.711882
-73.976738 40.785088 -73.973172 40.750592
-73.93199 40.771517 -73.990966 40.724942
-73.981439 40.757898 -74.007805 40.723457
-74.016305 40.711452 -73.98293 40.745596
-73.947488 40.801648 -73.985439 40.767275
-73.944792 40.783119 -73.97314 40.757808
-73.936299 40.755632 -73.973738 40.753563
-73.943143 40.709505 -73.964351 40.753103
-73.983059 40.758147 -74.001042 40.728555
-73.970035 40.765336 -74.007987 40.714947
-73.939177 40.75234 -73.979527 40.751191
-73.952415 40.781264 -74.006799 40.70223
-73.949255 40.776696 -73.975602 40.759429
-73.955896 40.774711 -73.938493 40.800671
-73.986003 40.762507 -74.008924 40.711697
-73.956383 40.764767 -73.99603 40.744434
-73.99433 40.761568 -73.997031 40.725193
-73.960643 40.770401 -73.941119 40.805876
-73.956066 40.786665 -73.979584 40.740178
-73.986357 40.777391 -73.934624 40.801101
-73.949806 40.785545 -73.996007 40.741187
-74.004289 40.725161 -73.992908 40.749798
-73.932651 40.784108 -73.968516 40.780041
-74.01647 40.709422 -73.981764 40.712137
-74.005208 40.768767 -73.97576 40.731736
-73.993923 40.756123 -73.979889 40.775042
-73.975936 40.744219 -74.012616 40.709862
-73.973786 40.780765 -73.998794 40.759379
-73.977958 40.719054 -74.01565 40.70999
-73.965044 40.806733 -73.986596 40.774581
-73.979816 40.757458 -74.008142 40.74378
-73.99432 40.738015 -74.015408 40.713776
-73.92129 40.761018 -73.99349 40.728133
-73.938696 40.779107 -73.962783 40.752717
-74.005581 40.763216 -73.972713 40.735164
-73.972085 40.754792 -74.015913 40.701345
-73.947272 40.779794 -73.981868 40.730767
-73.999161 40.738606 -73.967558 40.758498
-74.00621 40.740981 -73.964751 40.781843
-74.004688 40.718872 -73.976851 40.753842
-73.953908 40.762405 -73.941062 40.801703
-73.970346 40.752588 -73.928867 40.76624
-73.970276 40.791339 -73.938531 40.806027
-73.985447 40.751704 -73.960267 40.777019
-73.984225 40.763072 -74.002757 40.720981
-73.984114 40.717777 -73.963902 40.751759
-73.944901 40.786205 -73.968568 40.74277
-73.963871 40.798145 -73.992633 40.756985
-73.916702 40.777054 -73.950213 40.74037
-73.979199 40.759578 -73.970655 40.806962
-73.980911 40.755922 -74.003436 40.743438
