-73.953601 40.80504 -73.949967 40.772285
-73.973061 40.792515 -73.982678 40.759812
-73.930304 40.754116 -73.996573 40.712256
-73.991044 40.726405 -73.952861 40.774269
-73.951011 40.785622 -73.97957 40.776378
-73.934423 40.750167 -73.990752 40.717494
-73.985713 40.753511 -74.008334 40.718045
-73.998702 40.749706 -74.009077 40.712421
-73.980564 40.775135 -73.94252 40.805595
-73.970045 40.769836 -73.951995 40.805904
-73.919033 40.76536 -73.999426 40.720397
-73.928896 40.78281 -73.969585 40.783258
-73.95941 40.750151 -73.985881 40.734739
-73.991471 40.758035 -73.994873 40.714033
-73.976711 40.751568 -74.003438 40.708461
-73.975284 40.756223 -74.005047 40.701182
-73.99235 40.735398 -73.955501 40.767585
-74.015784 40.72068 -73.997392 40.759272
-74.017463 40.723867 -73.996427 40.756626
-73.973692 40.711548 -74.005715 40.708691
-74.007964 40.742903 -74.004382 40.705219
-73.944773 40.785239 -73.971561 40.749108
-73.938685 40.804363 -73.958505 40.770767
-74.008437 40.737496 -73.986347 40.760972
-73.975716 40.754717 -73.953483 40.780966
-73.960735 40.764555 -74.00401 40.741983
-74.006502 40.769013 -73.974509 40.783036
-73.955747 40.792125 -73.972749 40.76399
-74.00373 40.728277 -73.980672 40.729232
-73.972375 40.71858 -73.997149 40.742957
-73.971595 40.755447 -73.946229 40.785151
-73.9739 40.791162 -73.988593 40.754742
-73.944119 40.780466 -73.971339 40.751611
-73.995621 40.724708 -73.976487 40.749752
-73.990137 40.740611 -73.954168 40.76262
-73.97641 40.78726 -74.006266 40.742338
-74.000273 40.734715 -73.982478 40.775708
-73.964504 40.756234 -73.956101 40.806637
-73.99535 40.701495 -73.963605 40.753553
-73.945882 40.78555 -73.96339 40.753651
-73.929589 40.779176 -73.967841 40.779257
-73.955468 40.749534 -73.988057 40.741545
-73.983722 40.723725 -73.977081 40.756003
-73.965932 40.789641 -73.985007 40.763259
-73.962163 40.784761 -73.987066 40.761839
-73.967714 40.772343 -73.940138 40.798922
-73.976506 40.755053 -73.953183 40.780151
-73.957532 40.767195 -73.976098 40.795153
-73.964539 40.758721 -74.01394 40.701091
-73.960548 40.780858 -74.006602 40.746915
-73.979997 40.788796 -73.950181 40.807863
-73.987507 40.747361 -74.004299 40.724649
-73.988484 40.75047 -74.002893 40.715162
-73.971992 40.792867 -73.950356 40.771743
-74.006767 40.746604 -73.969664 40.775272
-74.004623 40.747229 -73.981384 40.727854
-73.95328 40.785028 -73.980724 40.757823
-73.946979 40.770551 -73.939206 40.808029
-73.952623 40.768626 -74.002287 40.706924
-73.988601 40.72297 -73.955286 40.778227
-73.980869 40.725606 -74.000065 40.71537
-73.938046 40.709255 -73.970839 40.753586
-73.995437 40.703764 -73.971255 40.759287
-73.999483 40.71672 -73.988127 40.746989
-73.982016 40.724999 -74.015458 40.70434
-73.956779 40.773444 -73.965032 40.806642
-73.950867 40.7507 -73.936209 40.791722
-73.975245 40.750395 -73.993995 40.727968
-73.945113 40.719904 -73.929653 40.746694
-74.007846 40.740644 -73.98055 40.768962
-73.99598 40.716215 -73.973568 40.761763
-73.976964 40.739317 -73.957522 40.764052
-73.97384 40.749805 -74.015159 40.702151
-73.98745 40.727006 -74.017007 40.707662
-73.974529 40.724941 -73.999694 40.716107
-73.92043 40.764131 -73.990652 40.729829
-73.953884 40.764634 -73.987913 40.74783
-73.928644 40.755283 -73.99671 40.711032
-73.941633 40.70096 -73.964997 40.755825
-73.950906 40.750795 -73.94046 40.792897
-73.944567 40.774942 -73.993769 40.745251
-73.963309 40.758577 -73.979406 40.794378
-73.932863 40.754326 -73.993349 40.713513
-73.920493 40.762156 -73.995385 40.727082
-74.004939 40.741173 -74.014867 40.711625
-73.947224 40.76999 -73.97826 40.757373
-73.916227 40.776448 -73.970831 40.765941
-73.959 40.767321 -73.998523 40.737791
-73.959779 40.767193 -73.993976 40.748557
-73.97819 40.78591 -73.993959 40.753726
-73.965668 40.764005 -73.985771 40.723959
-74.013796 40.722157 -73.994768 40.751925
-73.988884 40.741772 -73.960848 40.787227
-73.963002 40.750962 -74.001798 40.709704
-73.997885 40.754841 -74.002626 40.717623
-73.967288 40.777822 -73.995657 40.765685
-73.969599 40.797674 -73.996043 40.750899
-73.982867 40.748726 -74.002418 40.707867
-73.974707 40.792125 -73.948594 40.774565
-73.96608 40.767879 -74.01458 40.716313
-73.961648 40.756868 -73.960813 40.785339
-73.98269 40.724301 -73.964822 40.758234
-73.982281 40.725747 -74.017469 40.706604
-73.966714 40.773886 -73.994469 40.756743
-73.956522 40.785483 -73.973954 40.758211
-73.995907 40.72327 -73.975488 40.757724
-73.966508 40.773411 -73.997798 40.725267
-73.923819 40.764216 -73.991237 40.726961
-73.945797 40.717234 -73.930299 40.74744
-73.956118 40.798042 -73.972073 40.768604
-73.945868 40.779919 -74.013995 40.720767
-73.933247 40.758957 -73.993854 40.714628
-73.963982 40.749974 -73.993449 40.752063
-74.001163 40.74082 -74.014666 40.713663
-73.994007 40.755379 -73.955447 40.76463
-73.963356 40.756448 -73.986772 40.721371
-74.004314 40.744848 -74.010616 40.710726
-73.948876 40.789845 -73.965014 40.765132
-73.952336 40.754889 -73.937278 40.792515
-74.004694 40.745669 -74.007751 40.710217
-73.977884 40.763175 -73.993478 40.723696
-73.988607 40.760787 -73.954456 40.785863
-73.93611 40.700993 -73.968966 40.753817
-73.954204 40.787492 -74.000609 40.748667
-73.954818 40.758021 -73.995473 40.742822
-73.939029 40.702347 -73.970522 40.753096
-73.955655 40.779743 -73.977975 40.750088
-73.992823 40.737246 -74.015179 40.713243
-73.985004 40.746317 -73.980262 40.778412
-73.962428 40.771042 -73.992192 40.734022
-73.949987 40.771682 -73.982724 40.760229
-73.964666 40.798806 -74.008329 40.747734
-73.976562 40.750453 -74.011038 40.702578
-73.952289 40.718412 -73.930021 40.749437
-73.97649 40.736168 -74.011195 40.710528
-73.9816 40.74686 -73.962244 40.766665
-74.008593 40.704573 -74.006607 40.762811
-73.940401 40.701201 -73.962761 40.758607
-74.00645 40.703234 -73.999277 40.735822
-73.980366 40.78653 -73.992934 40.753975
-73.938528 40.778215 -73.966824 40.756844
-73.972195 40.784988 -74.003729 40.728891
-73.971689 40.766343 -73.981674 40.741121
-74.001935 40.726101 -73.973053 40.756036
-73.973631 40.739687 -74.014644 40.709854
-73.946478 40.770678 -73.981715 40.760401
-73.95436 40.783321 -73.973806 40.7576
-73.957185 40.778796 -74.003624 40.763256
-73.942327 40.750142 -73.976495 40.754227
-74.003884 40.715043 -73.959714 40.708414
-73.968488 40.74157 -73.959001 40.779864
-73.96596 40.794641 -73.975999 40.752486
-73.939734 40.705697 -73.968849 40.752051
-73.924214 40.775041 -73.964371 40.765861
-73.971898 40.751785 -74.005655 40.748916
-73.974731 40.794305 -73.996823 40.758791
-73.963569 40.758372 -73.992671 40.729453
-73.990725 40.764856 -73.946663 40.784873
-73.996202 40.757419 -74.000141 40.713056
-73.995392 40.774752 -74.00389 40.721682
-73.977947 40.758097 -74.018173 40.706965
-73.975402 40.718486 -74.010302 40.704329
-74.008833 40.74901 -74.011321 40.709797
-73.932229 40.766873 -73.974814 40.750049
-73.92527 40.762975 -73.962075 40.746411
-73.984624 40.75533 -74.007614 40.720164
-73.985342 40.773667 -73.974912 40.749606
-73.997991 40.74792 -73.958562 40.748679
-73.959666 40.754185 -74.009296 40.705568
-73.973096 40.748591 -74.013818 40.709615
-73.986926 40.725154 -73.94992 40.776372
-73.963683 40.753883 -73.994492 40.728908
-73.981584 40.760717 -73.956602 40.786021
-73.938455 40.709116 -73.967734 40.758388
-73.917603 40.768054 -73.99163 40.722319
-74.015825 40.708299 -73.990611 40.770464
-73.997551 40.732517 -74.013042 40.711632
-73.936129 40.770638 -73.967425 40.753539
-73.942482 40.791576 -73.974786 40.78011
-73.945365 40.761271 -73.98881 40.7262
-73.928579 40.787332 -73.969667 40.787755
-74.007124 40.703005 -73.974332 40.750898
-73.95934 40.765568 -73.990125 40.745318
-74.004028 40.75696 -74.009409 40.712699
-73.916714 40.754132 -73.961176 40.728691
-73.984235 40.752758 -73.992841 40.716486
-73.965527 40.767194 -73.977868 40.736491
-73.977456 40.732192 -74.00731 40.70865
-73.986735 40.788827 -74.007774 40.750791
-73.979672 40.745914 -74.015237 40.720513
-74.010176 40.712802 -73.997684 40.766468
-73.944267 40.756236 -73.940887 40.792644
-73.922223 40.769571 -73.965914 40.762305
-73.961234 40.770799 -73.996259 40.761638
-73.938364 40.791509 -73.972622 40.785141
-73.959599 40.75198 -74.016806 40.709311
-73.945151 40.780363 -73.969343 40.758151
-73.97528 40.761956 -74.016198 40.703132
-73.97692 40.771273 -73.982764 40.740136
-74.010689 40.703901 -73.974312 40.759321
-74.006793 40.741659 -73.972827 40.759853
-73.982187 40.727762 -74.00912 40.707457
-73.938597 40.802236 -73.960051 40.776799
-74.003017 40.725729 -73.973241 40.753702
-73.990421 40.708011 -73.964025 40.754139
-73.937657 40.775504 -73.971691 40.758133
-73.966341 40.75172 -74.010173 40.702802
-73.97718 40.785408 -73.984164 40.746511
-73.93373 40.771614 -73.996984 40.724567
-73.92113 40.764315 -73.994084 40.728446
-73.99053 40.763656 -73.96095 40.776488
-73.917664 40.765871 -73.993495 40.727515
-73.9548 40.786587 -73.998435 40.753564
-73.956449 40.784048 -73.985681 40.756618
-74.007804 40.708452 -73.982125 40.757595
-73.995873 40.705821 -73.9685 40.757623
-73.996507 40.727315 -73.971864 40.754508
-73.943265 40.757762 -73.975945 40.753927
-74.001333 40.748442 -73.9798 40.761924
-73.945732 40.780408 -73.968463 40.75417
-73.970027 40.764027 -73.945657 40.796132
-73.940258 40.769496 -73.965415 40.757284
-73.980855 40.749683 -73.98306 40.721196
-73.951673 40.788976 -73.966707 40.745064
-74.005357 40.702505 -73.958855 40.767755
-73.917877 40.75312 -73.961549 40.72932
-73.989342 40.727054 -74.014161 40.709151
-73.992025 40.711181 -73.97735 40.743663
-73.998119 40.752841 -73.957869 40.762115
-73.966679 40.753012 -73.996328 40.755935
-73.988773 40.764317 -74.003949 40.721439
-74.001459 40.735901 -73.972535 40.766421
-73.97501 40.768114 -73.953117 40.782744
-73.942803 40.80265 -73.954729 40.788416
-73.963043 40.777975 -73.986586 40.752221
-73.985463 40.773983 -73.957969 40.806905
-73.965301 40.752566 -74.014934 40.710208
-73.945934 40.780867 -74.013173 40.725694
-74.006332 40.730256 -73.974713 40.753996
-73.927531 40.752076 -73.995541 40.715674
-73.940819 40.705505 -73.968729 40.751842
-74.004024 40.736613 -73.97715 40.756559
-73.978144 40.742708 -74.006003 40.727815
-74.000666 40.718515 -73.98175 40.75279
-74.009459 40.708828 -73.974832 40.732309
-73.993126 40.703347 -73.971643 40.752154
-73.957313 40.740953 -73.982679 40.749214
-73.970845 40.789057 -73.999085 40.751448
-73.974677 40.792929 -73.986897 40.757563
-73.932116 40.771281 -73.995712 40.720201
-73.951334 40.780766 -74.012021 40.727143
-74.000288 40.702404 -73.996602 40.732465
-73.965907 40.749997 -74.002726 40.703422
-73.966146 40.754834 -73.9486 40.77997
-73.981314 40.781228 -73.956901 40.764988
-74.005699 40.706459 -73.993055 40.75611
-73.96211 40.800461 -73.952237 40.770861
-73.967741 40.741448 -74.00881 40.705697
-73.989507 40.760525 -73.966924 40.797141
-73.971462 40.761875 -73.992246 40.74475
-73.95401 40.767598 -73.984252 40.727332
-73.935664 40.700868 -73.970897 40.752685
-74.007005 40.731134 -73.979766 40.756372
-73.921349 40.750442 -73.955701 40.727245
-73.989683 40.775572 -73.97798 40.744839
-73.991704 40.733232 -73.980375 40.76386
-73.940757 40.80091 -73.956324 40.768503
-73.986234 40.752131 -74.012759 40.706707
-73.946782 40.789424 -73.981694 40.77523
-73.919849 40.763113 -73.991259 40.724058
-73.962902 40.750391 -74.014644 40.706752
-74.009455 40.702791 -74.003987 40.744428
-73.918729 40.776017 -73.965637 40.769278
-73.980043 40.727552 -73.997242 40.759118
-73.991018 40.737014 -73.973628 40.760208
-73.982346 40.765575 -73.959664 40.785922
-73.962046 40.771458 -73.991863 40.752935
-74.007159 40.76003 -73.968481 40.764819
-73.94621 40.77393 -73.976124 40.756484
-73.954851 40.756288 -74.015121 40.701107
-73.994531 40.751142 -74.000368 40.719349
-73.945646 40.778988 -73.98718 40.767088
-73.941488 40.795128 -73.963759 40.763889
-73.975036 40.740972 -74.015969 40.71615
-73.974249 40.780289 -73.981493 40.754114
-73.964027 40.801805 -73.972882 40.762956
-74.003148 40.740439 -74.013743 40.713301
-73.97907 40.763474 -74.01249 40.701059
-73.969121 40.808134 -73.976722 40.76133
-73.973914 40.77199 -73.998646 40.748094
-73.950778 40.716686 -73.932167 40.746232
-73.96871 40.749307 -74.008498 40.702079
-73.950042 40.781572 -73.982839 40.739828
-73.95481 40.776245 -74.004624 40.764627
-73.99422 40.718217 -73.973469 40.749265
-73.92892 40.762576 -73.984526 40.741392
-73.964588 40.74982 -74.015183 40.701339
-73.995833 40.7045 -73.969069 40.753809
-73.984148 40.763487 -74.003117 40.745888
-73.967056 40.791252 -73.980473 40.761802
