-73.957611 40.784028 -73.977499 40.751218
-73.99508 40.751295 -73.965278 40.76517
-73.980552 40.791159 -73.988432 40.758376
-73.950972 40.780336 -73.972415 40.767928
-73.963852 40.793932 -73.963651 40.761284
-73.95946 40.772462 -73.969494 40.799921
-73.969031 40.7542 -74.010402 40.713071
-73.998115 40.735523 -73.957665 40.763901
-73.9965 40.701224 -73.962622 40.75894
-73.988402 40.701195 -73.965436 40.775223
-73.999369 40.753623 -74.007511 40.715102
-73.95369 40.751153 -73.994644 40.738655
-73.968067 40.752979 -73.999288 40.73163
-73.963674 40.788183 -73.98181 40.756251
-73.984281 40.752499 -73.96156 40.777006
-74.013892 40.716334 -73.97315 40.749804
-74.015782 40.717449 -73.986249 40.740475
-73.945674 40.788874 -73.995412 40.736427
-73.984194 40.741085 -74.017029 40.702496
-73.950199 40.786907 -73.998743 40.759563
-73.92966 40.773172 -73.996471 40.725949
-73.930695 40.752551 -73.994479 40.711976
-74.010927 40.706596 -74.003868 40.75391
-74.014101 40.704836 -73.974871 40.749321
-73.988493 40.729991 -74.013189 40.704252
-73.978884 40.745598 -73.992946 40.70571
-73.993053 40.724801 -73.983435 40.754461
-74.00723 40.701397 -73.976663 40.751395
-74.01457 40.715156 -73.980485 40.786195
-74.014605 40.7188 -73.99783 40.758125
-73.97843 40.76764 -74.01614 40.717551
-73.972777 40.753233 -74.005164 40.728225
-73.94694 40.788344 -73.984559 40.768454
-74.016398 40.703503 -73.997464 40.748646
-73.926667 40.755053 -73.993871 40.713652
-73.992488 40.753261 -73.970405 40.766816
-73.923174 40.745807 -73.965609 40.751883
-73.953661 40.763101 -73.962581 40.799548
-73.955229 40.78015 -73.986255 40.761896
-73.966369 40.778908 -73.993535 40.737932
-73.981345 40.752054 -74.005952 40.732149
-73.915931 40.744391 -73.971079 40.760222
-73.996096 40.777161 -74.002315 40.725306
-73.989912 40.768769 -73.995105 40.725293
-73.978556 40.778102 -74.004491 40.763555
-73.938974 40.770676 -73.965874 40.757924
-73.954164 40.775231 -73.936171 40.803133
-73.947233 40.758688 -73.938949 40.794074
-73.985715 40.75453 -74.007676 40.723684
-73.979924 40.741659 -74.006662 40.72794
-73.980439 40.797518 -73.988481 40.754416
-73.975021 40.744251 -74.005559 40.702954
-74.003186 40.703726 -73.970515 40.754105
-73.96033 40.763197 -74.013894 40.707935
-73.963218 40.749512 -73.946536 40.784621
-73.922791 40.741142 -73.969995 40.76136
-73.949231 40.785165 -73.976422 40.757093
-73.961753 40.771996 -73.939534 40.79968
-74.006259 40.757689 -73.987126 40.787317
-73.947897 40.788435 -73.966501 40.758507
-74.007036 40.73098 -73.98576 40.764757
-74.003427 40.737416 -73.955544 40.764719
-73.971328 40.802117 -74.008327 40.756651
-73.942633 40.769893 -73.967164 40.750437
-74.004991 40.717553 -74.006945 40.746945
-73.932004 40.76974 -73.995291 40.726886
-73.96919 40.757551 -74.001037 40.706021
-73.997057 40.745481 -74.008447 40.719707
-74.003241 40.755677 -73.988049 40.782868
-73.993822 40.769194 -73.998361 40.736783
-74.013604 40.717103 -73.972479 40.748209
-73.962203 40.788993 -73.988596 40.760929
-73.927948 40.769506 -73.993403 40.72358
-73.961679 40.767125 -73.988583 40.751185
-73.935969 40.771943 -73.965424 40.755838
-73.945316 40.774078 -73.980569 40.753508
-73.931751 40.772701 -73.990437 40.721257
-73.999392 40.707464 -73.971591 40.750071
-73.974235 40.75853 -73.948088 40.792645
-73.99949 40.754185 -74.007717 40.716255
-73.94634 40.753153 -73.934512 40.792744
-73.931698 40.773105 -73.991688 40.721949
-73.98607 40.761305 -73.96869 40.78912
-73.99584 40.769353 -74.013886 40.723812
-73.969096 40.791738 -73.998766 40.753393
-73.961611 40.763547 -74.009531 40.703433
-73.961335 40.768215 -73.994085 40.757152
-73.955231 40.781022 -73.987055 40.76742
-74.007951 40.760426 -73.978229 40.785318
-73.966333 40.74645 -74.000812 40.707047
-73.923472 40.764236 -73.995454 40.72594
-73.93947 40.777885 -73.990064 40.759631
-73.987374 40.717713 -73.948469 40.701638
-73.962211 40.766513 -74.00687 40.749102
-73.957691 40.804288 -73.989616 40.753121
-73.998887 40.731938 -74.018 40.710198
-73.963883 40.7561 -73.92955 40.741797
-74.009842 40.718638 -73.97588 40.757058
-73.970733 40.740901 -73.999678 40.702299
-73.973979 40.797181 -73.992943 40.743784
-73.931967 40.795513 -73.988578 40.736623
-73.992843 40.747832 -74.017781 40.714925
-73.974922 40.747487 -74.014863 40.723416
-73.945113 40.753129 -73.936628 40.795194
-73.99831 40.733602 -73.972711 40.762141
-73.963996 40.752579 -73.989567 40.736989
-73.929025 40.760825 -73.969927 40.761969
-74.004689 40.763283 -73.965342 40.769008
-73.974227 40.741082 -74.008175 40.727046
-73.994369 40.732209 -73.959846 40.760874
-73.980742 40.770294 -73.936941 40.803833
-73.973088 40.750084 -73.955499 40.788135
-73.935006 40.777379 -73.964527 40.755942
-74.01807 40.710073 -74.005735 40.753671
-73.988671 40.716761 -73.964089 40.757863
-74.006891 40.739203 -73.978624 40.761354
-73.959869 40.802995 -73.980103 40.75148
-74.000127 40.712379 -73.973249 40.764095
-73.935638 40.774987 -73.986944 40.766003
-73.971614 40.772276 -73.995632 40.722849
-74.013319 40.715411 -74.008185 40.747967
-73.997653 40.774046 -74.0035 40.724249
-73.986552 40.751272 -74.014753 40.709377
-73.987084 40.757614 -73.955045 40.770382
-73.946346 40.803373 -73.98723 40.767697
-73.954365 40.798726 -73.976524 40.760005
-73.984538 40.744269 -73.957073 40.78838
-73.938036 40.778843 -73.967453 40.753432
-73.971359 40.792988 -73.998929 40.753421
-73.973603 40.74711 -73.94133 40.807906
-73.991087 40.75405 -74.013249 40.710664
-73.976222 40.721409 -73.965925 40.766716
-73.953238 40.757929 -74.010924 40.708684
-73.969006 40.795607 -73.984344 40.761354
-73.966053 40.801169 -74.005551 40.755353
-73.969959 40.76568 -74.008724 40.763107
-73.92461 40.762903 -73.997876 40.729293
-74.011718 40.718249 -73.999387 40.749655
-73.953972 40.761299 -73.992299 40.730594
-74.010694 40.703618 -74.00425 40.744068
-73.994247 40.76241 -73.958263 40.772739
-73.947465 40.786419 -73.967528 40.757751
-73.988886 40.776527 -74.015718 40.719615
-73.995846 40.760127 -73.965324 40.803575
-74.017337 40.703437 -73.978786 40.753272
-73.950706 40.78399 -73.979035 40.762339
-74.011514 40.71024 -73.980689 40.741413
-74.003543 40.768633 -73.956869 40.783137
-73.919837 40.746052 -73.970758 40.762727
-73.983771 40.756735 -73.995215 40.719088
-73.990336 40.729466 -73.980759 40.76448
-73.923808 40.774982 -73.949848 40.745625
-73.967778 40.79172 -73.986414 40.762806
-73.948347 40.80834 -73.984879 40.764757
-73.955538 40.761433 -73.996899 40.750773
-73.917358 40.763707 -73.998704 40.721545
-73.970824 40.758785 -73.962176 40.808637
-74.002717 40.733062 -73.974696 40.755452
-74.011389 40.726061 -73.994712 40.755847
-73.942524 40.757193 -73.972385 40.757634
-73.9674 40.755709 -74.006416 40.701774
-73.947942 40.797769 -73.972764 40.776624
-73.955161 40.753012 -73.953694 40.784165
-73.957011 40.78389 -73.978639 40.751516
-73.952556 40.71235 -73.932365 40.746009
-73.945765 40.711431 -73.932307 40.74738
-73.96463 40.799022 -74.000114 40.756424
-74.012899 40.717531 -73.993258 40.7607
-73.962063 40.770286 -73.973904 40.755518
-73.967547 40.791641 -73.980591 40.754889
-73.98688 40.723013 -74.01621 40.700561
-73.939425 40.769731 -73.964842 40.759086
-73.964123 40.756972 -73.99636 40.723224
-73.954315 40.76876 -74.015318 40.70883
-73.972547 40.711127 -74.01184 40.707616
-73.996649 40.75841 -73.999855 40.717025
-73.987036 40.748266 -73.919531 40.745562
-73.995625 40.701102 -73.968656 40.750365
-73.985533 40.712743 -73.965475 40.756984
-73.955896 40.780327 -73.977398 40.751536
-74.01136 40.725597 -73.997923 40.756956
-73.98626 40.70586 -73.963592 40.777472
-73.991314 40.723768 -74.007862 40.751527
-74.017199 40.709321 -73.975472 40.747957
-74.004511 40.733485 -73.97691 40.753501
-73.976049 40.781205 -73.981365 40.75092
-73.926195 40.755059 -73.993075 40.719098
-73.99371 40.756225 -73.95905 40.783792
-74.003081 40.720096 -73.973284 40.758308
-74.006493 40.731032 -73.977315 40.75096
-74.010645 40.724402 -73.998736 40.742493
-73.946122 40.781961 -74.00796 40.707961
-73.91691 40.741536 -73.963352 40.763098
-73.94979 40.77179 -73.977468 40.753389
-73.953178 40.745405 -73.989116 40.740981
-73.945977 40.711334 -73.933672 40.741082
-73.958642 40.765473 -73.994555 40.734257
-73.955857 40.799305 -73.949354 40.777726
-73.91616 40.753113 -73.955745 40.721815
-73.977808 40.727903 -74.004899 40.708478
-74.012355 40.707689 -74.000754 40.742135
-73.939269 40.776573 -73.983659 40.763513
-73.960158 40.745834 -73.988668 40.741133
-73.960274 40.7897 -73.974928 40.768569
-73.979312 40.735827 -73.960691 40.767953
-73.98186 40.725828 -74.014719 40.707506
-73.934442 40.752193 -73.993835 40.715029
-74.00112 40.757374 -74.007878 40.706209
-73.966805 40.785254 -73.91935 40.790527
-73.918968 40.742039 -73.986231 40.744516
-73.983261 40.78608 -73.962467 40.750313
-73.944212 40.788359 -73.966893 40.752579
-73.994692 40.730971 -73.97056 40.760089
-73.979748 40.742229 -74.010007 40.713959
-73.973671 40.743811 -74.00952 40.715687
-73.989512 40.730148 -73.96102 40.759688
-73.946163 40.780736 -73.979414 40.754057
-73.955333 40.762056 -74.015139 40.708107
-73.981937 40.724903 -73.974241 40.758484
-73.95745 40.802779 -73.982052 40.766402
-73.980685 40.719012 -73.991303 40.748646
-73.974647 40.730968 -74.001202 40.719324
-73.936399 40.77457 -73.966015 40.750816
-73.94488 40.807626 -73.989377 40.767182
-73.976446 40.737124 -74.017876 40.719237
-74.010728 40.707086 -73.991733 40.740224
-73.98584 40.74676 -73.96017 40.773183
-73.995718 40.763086 -73.961496 40.774452
-73.965819 40.751594 -74.008199 40.727164
-73.968808 40.780215 -73.997947 40.75125
-73.945819 40.786769 -73.988452 40.729584
-73.974172 40.742198 -73.992601 40.728157
-73.988876 40.700562 -73.966026 40.77771
-74.01537 40.707861 -73.972378 40.756444
-73.999381 40.702748 -73.968705 40.75031
-73.965429 40.755241 -73.985564 40.722235
-73.99408 40.768987 -73.964505 40.801859
-74.018155 40.707707 -73.99212 40.739405
-73.956684 40.791018 -73.978851 40.763742
-73.955616 40.800371 -73.944713 40.770857
-74.001126 40.708113 -73.980929 40.746523
-73.955214 40.75619 -73.99119 40.7442
-73.980274 40.736912 -74.002297 40.714141
-73.989774 40.75184 -74.00818 40.717713
-74.0164 40.701622 -73.991407 40.762161
-73.943308 40.777703 -73.987155 40.762252
-73.95982 40.766576 -74.000391 40.73596
-73.938361 40.798425 -73.969342 40.760705
-73.98936 40.728154 -73.951483 40.719179
-73.966745 40.771038 -73.995632 40.733848
-73.993029 40.76361 -73.959062 40.799784
-73.929326 40.760813 -73.969588 40.764908
-74.015621 40.704218 -73.972646 40.740771
-73.944413 40.784123 -73.986515 40.760271
-73.922532 40.771431 -73.949189 40.748015
-73.999391 40.743013 -74.014361 40.707759
-73.945074 40.783781 -73.976801 40.758022
-73.976328 40.728932 -73.95341 40.767631
-74.006797 40.701039 -73.998791 40.757824
-73.919001 40.741325 -73.966147 40.758075
-74.014609 40.725821 -73.996384 40.747025
-74.010993 40.711262 -73.992177 40.753382
-73.981376 40.782913 -73.955549 40.804421
-73.949758 40.779246 -73.986155 40.720255
-73.916301 40.747816 -73.958094 40.761888
-73.94803 40.802664 -73.984429 40.760938
-73.920455 40.7683 -73.999173 40.728021
-74.011596 40.71202 -73.980511 40.781037
-74.010024 40.711291 -73.993529 40.737817
-73.993403 40.765786 -73.939733 40.789098
-73.984949 40.73095 -74.000243 40.701228
-73.952228 40.785939 -73.977699 40.756342
-73.957045 40.763527 -73.988673 40.745216
-73.921055 40.758771 -73.954177 40.720264
-73.968371 40.758414 -74.00464 40.719184
-73.958701 40.752855 -73.955172 40.779861
-74.002311 40.711613 -73.981639 40.749221
-73.996151 40.765775 -73.943515 40.796585
-73.945968 40.781496 -74.009503 40.725575
-73.954199 40.761115 -73.94061 40.806679
-74.018134 40.713749 -73.999289 40.743175
-73.938725 40.798932 -73.961051 40.767859
-73.926313 40.774355 -73.998177 40.727256
-73.945658 40.75261 -73.941032 40.789346
-73.998539 40.754456 -74.017838 40.718596
-73.998362 40.731713 -73.965751 40.775209
-73.984222 40.71345 -73.944346 40.719644
-73.976774 40.780989 -73.99287 40.756655
-73.983367 40.743958 -73.949416 40.796629
-73.98745 40.781289 -73.967699 40.750264
-73.938244 40.776408 -73.969637 40.758181
-73.944118 40.781247 -73.994941 40.724888
-73.921218 40.749618 -73.983359 40.765662
-73.954163 40.783913 -73.981394 40.760937
-73.993162 40.701436 -73.966897 40.754031
-73.985486 40.736515 -73.947608 40.776775
-73.985573 40.786588 -73.994907 40.745737
-73.944111 40.785968 -73.986766 40.73812
-73.967377 40.797179 -73.987812 40.759425
-73.980146 40.736494 -73.953249 40.761845
