113.230713 23.157975 113.278126 23.134824
113.27278 23.199938 113.279137 23.124616
113.331527 23.134824 113.282876 23.163355
113.29178 23.14534 113.262918 23.141358
113.297292 23.155283 113.283677 23.118142
113.25295 23.11703 113.318338 23.138617
113.312597 23.122405 113.326618 23.129143
113.265337 23.144467 113.273058 23.206771
113.27163 23.154554 113.270332 23.133649
113.305374 23.128111 113.292526 23.14289
113.256968 23.142069 113.27901 23.167836
113.229117 23.124342 113.272747 23.132832
113.276233 23.138952 113.257321 23.183056
113.276922 23.12951 113.2344 23.110393
113.232828 23.118859 113.333329 23.122657
113.26739 23.130671 113.307023 23.131376
113.254179 23.196843 113.259029 23.157553
113.231575 23.161912 113.249754 23.12814
113.265204 23.132544 113.305913 23.129406
113.260554 23.137809 113.229578 23.138301
113.315556 23.109914 113.314388 23.155016
113.276382 23.135687 113.265283 23.152366
113.231072 23.148847 113.278836 23.136794
113.245503 23.116616 113.257413 23.1953
113.278925 23.132668 113.321111 23.149548
113.292838 23.144458 113.270599 23.142278
113.243555 23.178284 113.260403 23.108135
113.26319 23.206267 113.311083 23.155582
113.261347 23.129468 113.227807 23.145223
113.264824 23.125178 113.320609 23.156378
113.229234 23.142591 113.326478 23.131457
113.25656 23.180718 113.319493 23.152515
113.292049 23.147875 113.257406 23.166471
113.27651 23.137916 113.31822 23.151252
113.280927 23.120288 113.32219 23.123336
113.265602 23.206581 113.311098 23.150254
113.323869 23.112881 113.280207 23.108714
113.284604 23.133487 113.322403 23.120383
113.273216 23.133662 113.31897 23.119642
113.256108 23.115739 113.285418 23.139651
113.292035 23.124163 113.233687 23.111435
113.257536 23.181701 113.319474 23.156212
113.248446 23.177566 113.25229 23.204816
113.280331 23.145943 113.273196 23.123804
113.22284 23.164486 113.250933 23.118131
113.235352 23.108512 113.239855 23.144602
113.245759 23.169955 113.261905 23.113962
113.281725 23.206339 113.269642 23.113797
113.252335 23.114245 113.253858 23.193198
113.236929 23.10983 113.256915 23.178402
113.284623 23.140043 113.268022 23.139237
113.233854 23.121713 113.330936 23.120746
113.260143 23.130391 113.226986 23.143348
113.300617 23.152364 113.319349 23.184245
113.275445 23.133348 113.256918 23.110407
113.290277 23.112968 113.263445 23.123671
113.292942 23.13958 113.270788 23.144753
113.264877 23.175046 113.271355 23.139015
113.23594 23.126513 113.332678 23.122368
113.230485 23.146107 113.328736 23.130249
113.27308 23.157201 113.304427 23.124628
113.257683 23.14068 113.269892 23.120574
113.236947 23.117582 113.295029 23.157453
113.286089 23.149543 113.268512 23.139173
113.308363 23.127942 113.269848 23.114735
113.290152 23.126791 113.258457 23.199652
113.253134 23.129099 113.250485 23.139363
113.284548 23.140066 113.265843 23.139929
113.223133 23.149228 113.277232 23.135038
113.300555 23.162444 113.269092 23.16744
113.242709 23.153193 113.275149 23.148283
113.329461 23.136089 113.277456 23.165091
113.30149 23.15497 113.288029 23.125471
113.318568 23.117408 113.322185 23.154775
113.320758 23.188114 113.308594 23.153519
113.225825 23.145921 113.327566 23.135366
113.293297 23.140757 113.27986 23.137252
113.276405 23.137529 113.320712 23.122808
113.330623 23.116014 113.277764 23.115175
113.31118 23.126259 113.285806 23.141253
113.249936 23.148584 113.281964 23.144719
113.294914 23.147343 113.328534 23.158535
113.323656 23.12227 113.320354 23.138419
113.224748 23.100106 113.313936 23.135098
113.298723 23.150648 113.289875 23.122824
113.282255 23.202497 113.268837 23.113247
113.308706 23.115947 113.280959 23.109431
113.261215 23.20442 113.273384 23.205157
113.322482 23.178045 113.309065 23.13275
113.235115 23.126158 113.327158 23.127781
113.274474 23.122728 113.322892 23.121008
113.326502 23.126475 113.31722 23.145029
113.331384 23.152474 113.294169 23.131636
113.315585 23.176679 113.305848 23.13192
113.316178 23.137478 113.299979 23.130176
113.306788 23.132229 113.240893 23.112609
113.257808 23.108208 113.290928 23.139444
113.261385 23.188966 113.254463 23.149689
113.244293 23.18359 113.257017 23.153515
113.25847 23.207552 113.296529 23.158136
113.294136 23.121768 113.266423 23.10529
113.291227 23.155276 113.268447 23.143353
113.300629 23.127584 113.266944 23.101334
113.289358 23.121985 113.238738 23.108724
113.247677 23.128434 113.271357 23.130771
113.30659 23.143066 113.28017 23.101544
113.257279 23.151428 113.278839 23.137681
113.266684 23.104018 113.255284 23.110454
113.305051 23.133637 113.332573 23.121258
113.320169 23.166819 113.282485 23.120855
113.298361 23.154656 113.287278 23.118301
113.234004 23.123506 113.282876 23.134991
113.286342 23.119314 113.313029 23.158444
113.309449 23.1208 113.324956 23.137575
113.227608 23.16482 113.247446 23.11827
113.303958 23.126594 113.32699 23.129957
113.319371 23.110452 113.313571 23.156741
113.293616 23.16082 113.263385 23.164655
113.316371 23.186975 113.303881 23.156114
113.246629 23.115969 113.257821 23.19302
113.329009 23.131703 113.24042 23.169007
113.330759 23.153154 113.29372 23.133751
113.28072 23.200216 113.267178 23.110718
113.254627 23.206824 113.302594 23.157541
113.22606 23.141488 113.326853 23.136282
113.278488 23.139135 113.329317 23.131177
113.299303 23.120009 113.272705 23.107276
113.296918 23.148774 113.289356 23.123797
113.273972 23.142561 113.266426 23.108096
113.24993 23.17781 113.251049 23.19991
113.25731 23.131481 113.332446 23.132499
113.251531 23.155179 113.311179 23.139342
113.243882 23.13545 113.282566 23.136366
113.277238 23.13222 113.315949 23.158264
113.325908 23.137666 113.240779 23.169662
113.303718 23.10003 113.31252 23.158169
113.286653 23.149374 113.272687 23.14082
113.303983 23.136514 113.226861 23.100096
113.300974 23.153469 113.320359 23.18144
113.302952 23.135761 113.243384 23.10945
113.270416 23.103256 113.262202 23.11563
113.251797 23.162298 113.227485 23.117874
113.245186 23.204747 113.231305 23.133741
113.327916 23.120962 113.313789 23.14111
113.223629 23.100011 113.269436 23.104967
113.270226 23.101549 113.260229 23.11782
113.272144 23.137241 113.312588 23.120406
113.323422 23.109131 113.275616 23.111907
113.249453 23.178089 113.255415 23.114999
113.278084 23.201209 113.263935 23.115668
113.318605 23.116437 113.314085 23.150428
113.250955 23.172712 113.254696 23.110613
113.234342 23.144677 113.281406 23.120219
113.281212 23.136186 113.321102 23.121005
113.30496 23.128057 113.324339 23.12922
113.252084 23.175216 113.253213 23.111501
113.24351 23.177797 113.249132 23.201961
113.25424 23.184746 113.322111 23.150541
113.232226 23.142574 113.33155 23.133341
113.245635 23.2087 113.231501 23.137375
113.330082 23.157637 113.30544 23.153913
113.255221 23.163588 113.258234 23.099564
113.299043 23.155321 113.332364 23.156928
113.280518 23.154602 113.30497 23.126098
113.264686 23.127916 113.316008 23.134485
113.295139 23.139846 113.330243 23.164334
113.248231 23.131804 113.270582 23.140591
113.272703 23.168334 113.280166 23.199264
113.254452 23.137949 113.246227 23.1434
113.320291 23.115459 113.317745 23.148697
113.298148 23.159854 113.27147 23.160047
113.291158 23.124957 113.310008 23.148978
113.266847 23.098477 113.262612 23.108891
113.282732 23.15231 113.306574 23.129461
113.249347 23.176658 113.260248 23.111889
113.279932 23.141666 113.307567 23.13003
113.273881 23.140585 113.323641 23.131218
113.227967 23.16926 113.234046 23.121606
113.254882 23.203289 113.273838 23.201167
113.29474 23.149904 113.328203 23.156756
113.257957 23.118072 113.291033 23.138977
113.268017 23.171653 113.270944 23.143414
113.318727 23.140487 113.327694 23.167434
113.298353 23.165796 113.269549 23.161406
113.323812 23.125031 113.321834 23.138509
113.237556 23.125951 113.323441 23.120376
113.241348 23.135871 113.305252 23.150396
113.223813 23.149895 113.280864 23.13039
113.327095 23.137881 113.235514 23.170064
113.239615 23.131368 113.307435 23.157092
113.293796 23.152443 113.283801 23.123475
113.244545 23.173098 113.255323 23.114372
113.238681 23.126281 113.282712 23.129173
113.288235 23.123785 113.30697 23.149211
113.32676 23.154413 113.312102 23.153033
113.23374 23.109474 113.283808 23.133513
113.255318 23.149901 113.329913 23.131065
113.296376 23.155874 113.32758 23.157889
113.242867 23.179493 113.226963 23.139306
113.226553 23.165529 113.246909 23.125339
113.259213 23.201053 113.276907 23.201811
113.246276 23.178341 113.249273 23.20426
113.288178 23.138242 113.31863 23.11912
113.313203 23.122518 113.330863 23.146165
113.284732 23.1477 113.267603 23.146452
113.253986 23.188169 113.313229 23.15237
113.315483 23.154654 113.261845 23.119546
113.325545 23.155967 113.302379 23.137191
113.269277 23.171248 113.265648 23.143732
113.255244 23.182442 113.315384 23.155141
113.247346 23.208369 113.231157 23.128567
113.260733 23.194992 113.262471 23.157931
113.256955 23.111205 113.28439 23.145702
113.262436 23.191375 113.252233 23.153222
113.325647 23.112861 113.273735 23.1123
113.247911 23.184117 113.23148 23.14656
113.287219 23.141358 113.266157 23.144125
113.273049 23.207272 113.265764 23.110907
113.26987 23.14386 113.267446 23.163584
113.246632 23.110316 113.255447 23.1951
113.273636 23.137605 113.318203 23.146694
113.288766 23.154063 113.264154 23.146557
113.321192 23.11095 113.323244 23.15726
113.283363 23.130141 113.314795 23.118346
113.243603 23.169285 113.246471 23.200255
113.258589 23.131454 113.32882 23.130903
113.317315 23.110303 113.314857 23.154215
113.258948 23.163383 113.316983 23.204684
113.312299 23.099645 113.305933 23.152994
113.272148 23.1251 113.322821 23.132169
113.294973 23.160202 113.272354 23.163689
113.252534 23.163877 113.231099 23.113524
113.2702 23.119423 113.223778 23.102852
113.317198 23.162032 113.278728 23.141771
113.249511 23.163325 113.232155 23.118088
113.24331 23.17456 113.261251 23.11758
113.233167 23.134458 113.311126 23.149864
113.301113 23.164025 113.269252 23.159217
113.283757 23.111499 113.268162 23.126523
113.298631 23.130067 113.245612 23.113702
113.293415 23.121843 113.266388 23.100588
113.266506 23.19908 113.241409 23.20032
113.291202 23.130128 113.248624 23.136502
113.28164 23.207396 113.269286 23.11788
113.315204 23.109349 113.322776 23.151052
113.256813 23.156487 113.280851 23.135293
113.320828 23.167501 113.314187 23.131653
113.291442 23.143731 113.267904 23.147708
113.225524 23.119308 113.269683 23.13757
113.28009 23.205143 113.266579 23.113386
113.304608 23.126962 113.225998 23.148016
113.257635 23.12822 113.224054 23.146822
113.272697 23.179716 113.25109 23.152637
113.235438 23.135569 113.30345 23.155462
113.290532 23.146198 113.262803 23.14026
113.263429 23.187179 113.244843 23.149961
113.283718 23.139179 113.252775 23.162024
113.254577 23.125053 113.285275 23.128008
113.257695 23.185447 113.320032 23.153261
113.331298 23.135418 113.246755 23.135083
113.297751 23.124235 113.26372 23.103016
113.265676 23.200123 113.240705 23.208533
113.263679 23.122413 113.314739 23.158288
113.319822 23.156906 113.270772 23.162077
113.303956 23.143395 113.27483 23.129264
113.282505 23.12442 113.314485 23.124339
113.275769 23.155488 113.309137 23.128061
113.289419 23.157345 113.263018 23.1445
113.247246 23.173846 113.253789 23.111396
113.301344 23.138649 113.269079 23.163601
113.268818 23.185524 113.245008 23.149168
113.300318 23.155141 113.329837 23.150591
113.282368 23.155956 113.305713 23.121889
113.292593 23.141145 113.26104 23.167734
113.294358 23.10847 113.228546 23.131653
113.325205 23.132142 113.232883 23.171157
113.248603 23.187533 113.254871 23.157371
113.301098 23.142498 113.331316 23.161919
113.303188 23.118614 113.289833 23.138447
113.331062 23.132174 113.245776 23.136516
113.269852 23.115962 113.315111 23.138976
113.283632 23.143262 113.254355 23.160935
113.294821 23.151049 113.320257 23.188524
113.278464 23.205104 113.249199 23.157793
113.316885 23.117647 113.313347 23.155592
113.271103 23.149774 113.264947 23.119684
113.245263 23.136778 113.321084 23.148256
113.308791 23.141379 113.327579 23.119273
113.25399 23.127613 113.320013 23.152773
113.264488 23.144975 113.263585 23.16045
113.226925 23.14232 113.328697 23.129049
113.270907 23.170569 113.267592 23.140305
113.318959 23.168761 113.309087 23.133803
113.309127 23.134525 113.314247 23.158175
113.271332 23.20774 113.305276 23.151494
113.324576 23.152787 113.294139 23.136266
113.252626 23.17074 113.257341 23.108917
113.271913 23.141411 113.247084 23.125747
113.279243 23.125332 113.313634 23.124037
113.325656 23.134325 113.320899 23.158009
