113.264914 23.18698 113.249523 23.150103
113.246799 23.207678 113.229683 23.134147
113.295764 23.122211 113.268863 23.097985
113.263654 23.130431 113.309441 23.133843
113.258714 23.190185 113.246744 23.153058
113.299361 23.110909 113.226899 23.129294
113.330973 23.146288 113.270495 23.163561
113.24521 23.109928 113.254631 23.193751
113.264779 23.199277 113.27409 23.122303
113.265554 23.1093 113.312176 23.13374
113.271263 23.126022 113.225811 23.106551
113.274508 23.20056 113.250907 23.155597
113.329242 23.153114 113.309728 23.157366
113.286874 23.121502 113.259734 23.204067
113.316726 23.158662 113.275918 23.140784
113.272896 23.145094 113.328615 23.098828
113.243972 23.200218 113.227245 23.138167
113.318557 23.162017 113.274552 23.145354
113.228587 23.107529 113.271712 23.101165
113.304561 23.107224 113.306818 23.158065
113.279206 23.126851 113.316866 23.119954
113.297559 23.161675 113.26958 23.164521
113.325265 23.145227 113.267526 23.167993
113.320253 23.120587 113.241851 23.10783
113.248542 23.108049 113.254772 23.196958
113.267221 23.14005 113.270988 23.16797
113.270029 23.187234 113.247576 23.1497
113.317113 23.164838 113.278184 23.140819
113.259323 23.130663 113.246331 23.144802
113.309389 23.130456 113.270606 23.137785
113.241433 23.116229 113.242076 23.148044
113.320967 23.160255 113.322126 23.133375
113.24596 23.163851 113.269694 23.195012
113.313219 23.151656 113.254066 23.159793
113.256247 23.174743 113.26871 23.191874
113.274581 23.132574 113.265577 23.181004
113.299226 23.150451 113.320651 23.18377
113.250498 23.168206 113.272609 23.19138
113.255448 23.172844 113.269945 23.189758
113.224829 23.104826 113.264447 23.099876
113.22889 23.099927 113.322235 23.133712
113.312757 23.099206 113.311488 23.157307
113.254591 23.14578 113.2764 23.162188
113.233087 23.116701 113.253143 23.174794
113.23193 23.125533 113.265823 23.137421
113.253118 23.113116 113.289964 23.14173
113.300874 23.112004 113.230315 23.128515
113.24789 23.156362 113.303949 23.147708
113.313063 23.157327 113.323592 23.134897
113.309276 23.101624 113.309809 23.150719
113.297155 23.166332 113.264988 23.166369
113.257959 23.131676 113.329898 23.129604
113.260604 23.165195 113.317114 23.203553
113.239684 23.140834 113.273518 23.126204
113.270186 23.131148 113.261283 23.16247
113.278924 23.098764 113.247616 23.123555
113.266748 23.177204 113.270247 23.147216
113.281287 23.120637 113.307232 23.126628
113.226062 23.167688 113.246821 23.12675
113.225381 23.149068 113.273434 23.12948
113.269327 23.182855 113.245462 23.148904
113.306826 23.155779 113.329761 23.137344
113.251148 23.114185 113.259987 23.196558
113.301979 23.163441 113.268037 23.165919
113.304744 23.14303 113.325277 23.123932
113.290614 23.11144 113.270549 23.119346
113.264642 23.139372 113.251559 23.176976
113.26539 23.182427 113.245518 23.151063
113.309697 23.140975 113.2823 23.135472
113.305602 23.103908 113.308811 23.153974
113.280048 23.137992 113.236332 23.110038
113.275968 23.118372 113.310574 23.120853
113.246424 23.203948 113.224781 23.132105
113.290259 23.134454 113.24497 23.130247
113.232479 23.164813 113.249635 23.121908
113.298255 23.140077 113.323393 23.162709
113.230576 23.140977 113.332439 23.130857
113.273526 23.123004 113.312423 23.122955
113.247702 23.131778 113.264501 23.138933
113.311259 23.148744 113.326111 23.129917
113.330712 23.156326 113.308591 23.151919
113.278005 23.134863 113.253235 23.116057
113.297108 23.123162 113.267904 23.106241
113.223242 23.105288 113.272068 23.101203
113.307013 23.154442 113.329423 23.133186
113.272052 23.148203 113.274082 23.199826
113.330737 23.14966 113.305438 23.149562
113.267162 23.128036 113.223359 23.098055
113.226095 23.107849 113.319223 23.134543
113.222856 23.125125 113.258832 23.165503
113.292314 23.140881 113.257861 23.165387
113.320875 23.181281 113.309185 23.14846
113.264839 23.119992 113.320269 23.149363
113.316237 23.156146 113.257014 23.164293
113.251794 23.12086 113.259404 23.186721
113.268444 23.177605 113.272495 23.139802
113.256545 23.208513 113.278085 23.208846
113.249284 23.122418 113.304949 23.145348
113.298109 23.119569 113.266754 23.10508
113.29673 23.16289 113.265491 23.161558
113.225238 23.178111 113.241343 23.119878
113.281317 23.103611 113.320187 23.153625
113.231407 23.170974 113.240019 23.120052
113.32339 23.156765 113.302644 23.131553
113.270652 23.169466 113.266499 23.144938
113.307107 23.152312 113.33259 23.137906
113.25875 23.188186 113.321292 23.155702
113.267387 23.167042 113.289757 23.131606
113.296625 23.167599 113.26568 23.161115
113.332934 23.153137 113.29384 23.132506
113.273014 23.116259 113.326328 23.134421
113.283467 23.156834 113.268131 23.145279
113.326161 23.159109 113.316922 23.192666
113.281715 23.100377 113.250824 23.126555
113.267997 23.120235 113.316651 23.155547
113.330412 23.158173 113.308047 23.149559
113.316949 23.13652 113.243266 23.11098
113.305209 23.126622 113.290045 23.145771
113.332905 23.177613 113.24823 23.153993
113.329859 23.127131 113.323008 23.144591
113.296596 23.109473 113.228322 23.13827
113.300874 23.123336 113.264109 23.102876
113.318125 23.128187 113.235867 23.100624
113.257693 23.194653 113.262553 23.14894
113.305907 23.131809 113.233132 23.112025
113.265747 23.122294 113.317768 23.149323
113.296698 23.111414 113.229395 23.137693
113.277261 23.101338 113.248904 23.121739
113.329543 23.1784 113.251244 23.153486
113.252683 23.183282 113.320746 23.153797
113.329048 23.123058 113.317342 23.146696
113.256441 23.198334 113.255475 23.154648
113.296433 23.151171 113.33172 23.149012
113.257667 23.132764 113.325994 23.131653
113.267347 23.122746 113.225018 23.107052
113.247769 23.206497 113.226116 23.128977
113.223868 23.103437 113.271044 23.102019
113.26136 23.169668 113.250503 23.132131
113.227237 23.141079 113.323816 23.136862
113.250444 23.171448 113.253191 23.115046
113.275141 23.155947 113.308704 23.128848
113.298368 23.161372 113.268242 23.167539
113.232057 23.148014 113.332182 23.134132
113.327792 23.137414 113.250569 23.129575
113.284917 23.126176 113.310415 23.157914
113.253633 23.127505 113.322893 23.155866
113.260425 23.18441 113.314326 23.156587
113.244737 23.171441 113.25761 23.112812
113.230702 23.126764 113.258871 23.161689
113.289483 23.122061 113.261703 23.206524
113.282879 23.149368 113.305623 23.132347
113.255636 23.133375 113.333343 23.13221
113.276913 23.205708 113.269453 23.109518
113.31626 23.182543 113.30533 23.158421
113.331809 23.164723 113.315853 23.189424
113.29167 23.153238 113.26291 23.148029
113.276625 23.100771 113.245804 23.123233
113.322028 23.175352 113.308071 23.136721
113.29131 23.144667 113.266439 23.141015
113.281371 23.105155 113.252504 23.124736
113.25886 23.140561 113.275607 23.166821
113.320756 23.135443 113.296364 23.134604
113.300778 23.114786 113.226464 23.134812
113.314913 23.134195 113.254221 23.118885
113.32326 23.142858 113.332618 23.160406
113.291479 23.121674 113.253446 23.199392
113.288106 23.108436 113.265279 23.126312
113.266113 23.126186 113.317901 23.131863
113.296872 23.155423 113.328976 23.157668
113.303678 23.100984 113.303519 23.150222
113.303617 23.116706 113.280332 23.114637
113.323987 23.115955 113.278434 23.115739
113.317079 23.118436 113.331629 23.147493
113.254129 23.181462 113.320582 23.157566
113.323593 23.143413 113.265115 23.166947
113.228483 23.163419 113.246666 23.124483
113.246262 23.14933 113.265282 23.146325
113.33283 23.172844 113.243973 23.148998
113.315493 23.144743 113.325713 23.159988
113.263485 23.147771 113.24548 23.127648
113.286748 23.152341 113.271134 23.140057
113.302276 23.167202 113.272628 23.161133
113.267553 23.127084 113.224699 23.099248
113.261004 23.124541 113.288316 23.134986
113.273398 23.137946 113.263841 23.149246
113.306647 23.100308 113.307751 23.15692
113.277104 23.109021 113.250733 23.109859
113.254253 23.135226 113.333098 23.132391
113.258583 23.178888 113.317229 23.150432
113.234087 23.131108 113.305162 23.158032
113.271448 23.104646 113.257442 23.114768
113.234851 23.143104 113.273082 23.127068
113.238553 23.141978 113.278147 23.125842
113.30835 23.145771 113.280856 23.102341
113.232975 23.11466 113.240597 23.141777
113.227877 23.102227 113.315467 23.13746
113.293361 23.15564 113.315735 23.186969
113.322347 23.150277 113.282897 23.15202
113.306729 23.119461 113.286583 23.146574
113.257772 23.172963 113.2475 23.129737
113.303171 23.131405 113.228759 23.106828
113.270547 23.127693 113.317752 23.129774
113.284417 23.138304 113.261207 23.159451
113.25797 23.12423 113.285769 23.131667
113.298069 23.16345 113.271041 23.161235
113.255284 23.163338 113.253333 23.107855
113.330229 23.154049 113.301329 23.136489
113.318773 23.165381 113.277926 23.14658
113.258537 23.182006 113.318435 23.151607
113.276791 23.14311 113.265106 23.104105
113.317289 23.151133 113.256496 23.164937
113.263698 23.183912 113.247397 23.156232
113.271984 23.185938 113.249575 23.152305
113.276963 23.124329 113.31354 23.127322
113.232671 23.145059 113.275686 23.127461
113.238269 23.121387 113.281455 23.129248
113.226949 23.100469 113.316302 23.133176
113.322921 23.15711 113.278966 23.156391
113.326899 23.124861 113.322471 23.139871
113.265885 23.16646 113.317778 23.134095
113.31539 23.145389 113.33024 23.164702
113.230025 23.104449 113.263389 23.097962
113.261987 23.159255 113.322534 23.170678
113.316103 23.126786 113.241897 23.105252
113.326242 23.173784 113.250272 23.153721
113.27907 23.099233 113.313348 23.150678
113.322004 23.167837 113.282004 23.124304
113.244555 23.178541 113.255284 23.115039
113.323139 23.165929 113.276471 23.127655
113.268804 23.104351 113.25772 23.114542
113.264756 23.15012 113.265266 23.133298
113.279495 23.202924 113.246132 23.155418
113.269788 23.120904 113.225806 23.102516
113.233818 23.142938 113.276251 23.123219
113.297195 23.136694 113.246428 23.11781
113.266504 23.111483 113.314089 23.139387
113.310707 23.130765 113.324555 23.121184
113.250135 23.122815 113.258566 23.18402
113.272459 23.172089 113.266052 23.144182
113.296241 23.163671 113.26518 23.16043
113.264526 23.097947 113.260856 23.113398
113.226339 23.105937 113.313847 23.13158
113.287823 23.133463 113.317942 23.120126
113.235561 23.111978 113.238431 23.146049
113.330599 23.149608 113.312126 23.149
113.310129 23.115424 113.313694 23.147485
113.25382 23.171404 113.243954 23.136218
113.265636 23.180247 113.246352 23.149191
113.22455 23.147337 113.332918 23.133416
113.324448 23.131366 113.288298 23.13126
113.273961 23.156259 113.311674 23.136943
113.312269 23.133725 113.227201 23.098884
113.32149 23.122049 113.330439 23.145711
113.290907 23.13438 113.321474 23.12045
113.253135 23.195665 113.247165 23.14999
113.245804 23.20764 113.230735 23.136072
113.239803 23.120419 113.32831 23.119137
113.258157 23.180687 113.318323 23.152391
113.233406 23.116235 113.234701 23.139922
113.256121 23.201636 113.281424 23.205743
113.269688 23.106552 113.258546 23.118097
113.248281 23.148706 113.31177 23.139279
113.321585 23.163335 113.317368 23.137162
113.26974 23.203067 113.240483 23.202779
113.326786 23.152957 113.298492 23.13124
113.321646 23.120007 113.331115 23.141224
113.259713 23.188532 113.320503 23.151472
113.301933 23.151545 113.333122 23.152549
113.263609 23.204556 113.242264 23.207295
113.311172 23.145315 113.288498 23.127572
113.271904 23.166724 113.282126 23.200231
113.29982 23.159877 113.267269 23.165267
113.304458 23.117876 113.32051 23.147769
113.309068 23.119833 113.287103 23.147244
113.255636 23.142821 113.280966 23.161466
113.263885 23.125603 113.230941 23.10444
113.259791 23.131349 113.22885 23.146194
113.258546 23.121893 113.322321 23.153597
113.275894 23.123925 113.308895 23.126701
113.244903 23.185803 113.230633 23.14272
113.333343 23.156088 113.303275 23.15625
113.281987 23.208508 113.250815 23.154649
113.273528 23.105286 113.250888 23.125487
113.286176 23.143298 113.255585 23.163752
113.278322 23.201499 113.263849 23.116195
113.275372 23.117388 113.252538 23.112505
113.298006 23.165904 113.263509 23.167579
113.314158 23.183389 113.308426 23.155951
113.256564 23.138734 113.26297 23.11946
113.274639 23.135686 113.256877 23.11341
113.278792 23.10269 113.251641 23.127933
113.313493 23.161349 113.322262 23.132066
113.32978 23.120307 113.322429 23.147963
113.29787 23.140531 113.267313 23.165347
113.295348 23.127958 113.265774 23.103908
113.283954 23.140257 113.264841 23.144408
113.255371 23.206225 113.281638 23.120232
113.22825 23.140713 113.331054 23.13102
113.264748 23.164495 113.27771 23.202643
113.277619 23.101857 113.247309 23.122242
