113.243805 23.13345 113.271894 23.135475
113.309411 23.129799 113.3201 23.149716
113.254372 23.138841 113.27982 23.16299
113.256459 23.127911 113.283423 23.127114
113.288693 23.122532 113.24033 23.114662
113.309691 23.152802 113.329174 23.13561
113.316167 23.173792 113.30388 23.136419
113.231178 23.16688 113.251712 23.122895
113.32126 23.163558 113.277909 23.123689
113.319173 23.177149 113.311036 23.135518
113.296194 23.109491 113.229336 23.128796
113.290606 23.136369 113.253793 23.148732
113.280196 23.11575 113.333027 23.131688
113.229792 23.171513 113.239983 23.127359
113.280323 23.116008 113.243547 23.11337
113.295424 23.109197 113.227502 23.137406
113.271455 23.162954 113.31622 23.129639
113.303433 23.107933 113.304277 23.156204
113.289822 23.144471 113.268897 23.147085
113.28536 23.138315 113.253385 23.164155
113.245725 23.125021 113.261177 23.180834
113.325986 23.177016 113.250825 23.158022
113.227246 23.170889 113.236585 23.11833
113.269841 23.110108 113.304301 23.133174
113.258003 23.182911 113.316192 23.154682
113.320431 23.17818 113.308455 23.137827
113.258793 23.187619 113.31599 23.153389
113.275801 23.112759 113.248349 23.112421
113.256686 23.163426 113.321077 23.176527
113.329761 23.172115 113.245665 23.149642
113.252403 23.109165 113.253257 23.19137
113.329497 23.151337 113.294269 23.137051
113.281794 23.20027 113.265841 23.111699
113.300993 23.135879 113.244876 23.108477
113.295667 23.14176 113.264481 23.163807
113.320033 23.108128 113.315915 23.150038
113.224861 23.104368 113.264905 23.107952
113.25122 23.149097 113.306563 23.138324
113.316024 23.17448 113.30775 23.131553
113.291813 23.108193 113.270215 23.124999
113.243044 23.200659 113.232026 23.131907
113.252663 23.110748 113.252947 23.191283
113.282174 23.111846 113.251652 23.111691
113.261911 23.141442 113.275479 23.161062
113.256145 23.162342 113.315437 23.205522
113.308896 23.144157 113.291297 23.119865
113.225249 23.144432 113.328601 23.129743
113.33019 23.155319 113.311554 23.15416
113.225185 23.149635 113.273461 23.13328
113.264875 23.115656 113.313964 23.143332
113.261566 23.160514 113.261189 23.106451
113.298176 23.110509 113.231204 23.135792
113.268762 23.139354 113.277875 23.200384
113.274323 23.148491 113.31168 23.136919
113.306963 23.118391 113.291876 23.138885
113.224484 23.140717 113.332045 23.130654
113.321016 23.146278 113.323372 23.164466
113.272792 23.169596 113.270139 23.146725
113.241228 23.133976 113.305255 23.1496
113.2692 23.124568 113.226812 23.098959
113.24587 23.126696 113.262145 23.18931
113.257474 23.141529 113.2723 23.120161
113.321023 23.144029 113.332094 23.163913
113.270677 23.136629 113.307479 23.121383
113.326528 23.178385 113.246336 23.150833
113.228818 23.098523 113.272386 23.104677
113.248757 23.113615 113.259639 23.192609
113.266036 23.116126 113.31242 23.129614
113.239025 23.111634 113.233195 23.143641
113.248808 23.120013 113.258096 23.181418
113.25344 23.124438 113.314749 23.1573
113.294387 23.161351 113.262829 23.166533
113.260274 23.153255 113.284905 23.143344
113.29102 23.152809 113.263259 23.146618
113.304769 23.102492 113.303244 23.154174
113.228427 23.144547 113.331438 23.136654
113.324294 23.154611 113.299979 23.128497
113.274546 23.139207 113.303591 23.131203
113.254198 23.135962 113.244852 23.145211
113.292557 23.149832 113.267862 23.144495
113.333169 23.140452 113.268749 23.162045
113.230316 23.14206 113.325232 23.13091
113.242956 23.115889 113.25973 23.196062
113.269318 23.177068 113.266881 23.13982
113.247886 23.134796 113.268164 23.141866
113.252924 23.134295 113.325571 23.136622
113.229835 23.12129 113.272436 23.137089
113.258267 23.146506 113.271856 23.12144
113.266894 23.114268 113.310505 23.130445
113.24534 23.114334 113.260316 23.192604
113.234985 23.117209 113.292882 23.135676
113.291674 23.142037 113.25305 23.16321
113.278496 23.121215 113.305608 23.127693
113.288683 23.119421 113.254376 23.203691
113.276292 23.154619 113.312183 23.120426
113.254404 23.122357 113.291436 23.122979
113.322674 23.118285 113.331822 23.142957
113.250852 23.167024 113.232336 23.112663
113.291476 23.127446 113.30505 23.151089
113.24937 23.161885 113.231837 23.109957
113.29964 23.115749 113.231026 23.129018
113.236191 23.11045 113.26118 23.176999
113.255465 23.155921 113.274625 23.129692
113.295837 23.130218 113.24303 23.118025
113.230058 23.154102 113.279708 23.131476
113.321145 23.148618 113.2802 23.153773
113.26396 23.143463 113.268834 23.15906
113.295809 23.111207 113.228708 23.132385
113.259976 23.183596 113.313993 23.156955
113.281497 23.133051 113.321363 23.142697
113.242938 23.118121 113.257171 23.190287
113.259853 23.170871 113.245451 23.13611
113.323251 23.139419 113.327625 23.162318
113.253381 23.129117 113.222752 23.144478
113.325494 23.166462 113.313729 23.191448
113.304379 23.128107 113.328232 23.132499
113.275513 23.208651 113.271381 23.117759
113.27395 23.124539 113.30562 23.119515
113.317472 23.180406 113.310493 23.156681
113.24894 23.110826 113.25764 23.195803
113.240178 23.112317 113.261535 23.168647
113.290497 23.112382 113.264733 23.124591
113.295425 23.134167 113.247443 23.109859
113.293886 23.12236 113.262787 23.102069
113.266952 23.145396 113.244972 23.126401
113.260631 23.138675 113.26318 23.121632
113.292466 23.155498 113.266854 23.142673
113.229061 23.172871 113.236108 23.12147
113.256077 23.165491 113.261463 23.099357
113.306202 23.124581 113.267996 23.11661
113.249723 23.108578 113.258493 23.192789
113.226671 23.150584 113.281232 23.1356
113.242792 23.130178 113.254362 23.099282
113.258502 23.183331 113.314097 23.157713
113.268238 23.176572 113.26292 23.139466
113.226173 23.139696 113.324084 23.136728
113.262159 23.121831 113.286442 23.134577
113.255272 23.126481 113.290178 23.132706
113.299291 23.167035 113.266581 23.16665
113.249986 23.116902 113.262098 23.190058
113.333288 23.136291 113.279622 23.165343
113.231065 23.147416 113.325536 23.13634
113.264145 23.177389 113.264892 23.144968
113.269919 23.159113 113.28521 23.132993
113.286146 23.154845 113.269128 23.140633
113.273818 23.141602 113.27682 23.120478
113.321987 23.17552 113.306302 23.130362
113.302067 23.115958 113.229175 23.130972
113.226552 23.161298 113.249548 23.119485
113.277276 23.125116 113.320705 23.127912
113.228477 23.148325 113.330713 23.1287
113.317926 23.146773 113.325877 23.161039
113.252421 23.132279 113.279793 23.133621
113.256638 23.179398 113.322513 23.157043
113.305022 23.103554 113.304334 23.156953
113.315674 23.179122 113.308185 23.158333
113.253737 23.157193 113.273356 23.137145
113.323413 23.158309 113.312733 23.152928
113.288126 23.120259 113.304122 23.155853
113.25602 23.152608 113.278904 23.131682
113.241643 23.145575 113.275371 23.124432
113.223526 23.150411 113.275973 23.13135
113.316258 23.142111 113.330327 23.166139
113.280529 23.147802 113.301104 23.133161
113.24827 23.134731 113.272524 23.146072
113.293637 23.130383 113.243626 23.118018
113.257887 23.111168 113.322567 23.14469
113.249693 23.170348 113.257531 23.115797
113.234088 23.133608 113.309087 23.155311
113.294055 23.113875 113.222634 23.13004
113.303452 23.126951 113.264686 23.117427
113.25112 23.133672 113.322677 23.14336
113.320542 23.177713 113.303831 23.134786
113.283309 23.116281 113.271707 23.121492
113.302543 23.119414 113.266866 23.098412
113.272981 23.110278 113.247537 23.111184
113.264505 23.138569 113.252677 23.169627
113.223099 23.178585 113.242539 23.121991
113.289719 23.132293 113.260208 23.125828
113.27102 23.142808 113.242873 23.120059
113.244001 23.114289 113.258858 23.195027
113.303615 23.107854 113.306724 23.154833
113.260875 23.191454 113.256713 23.15305
113.258997 23.160922 113.318105 23.170244
113.271616 23.143604 113.244345 23.11998
113.325246 23.110112 113.273829 23.116065
113.312341 23.153719 113.328866 23.132004
113.247621 23.173811 113.244376 23.205815
113.27708 23.106577 113.248615 23.123621
113.329175 23.151793 113.29401 23.135639
113.23127 23.143621 113.332144 23.130069
113.256715 23.129818 113.229837 23.145565
113.235967 23.145689 113.275682 23.1229
113.262243 23.153435 113.285998 23.138515
113.267948 23.134796 113.312465 23.125447
113.259858 23.132178 113.248201 23.140578
113.268256 23.104468 113.261532 23.112352
113.310322 23.143431 113.287141 23.121933
113.320518 23.144566 113.33072 23.16666
113.309413 23.102614 113.311687 23.150161
113.246058 23.127975 113.312276 23.145393
113.315339 23.124405 113.323961 23.142116
113.294289 23.160221 113.26832 23.168137
113.331742 23.135998 113.286051 23.133088
113.302294 23.128052 113.265006 23.102587
113.260519 23.108785 113.316771 23.141432
113.30801 23.119658 113.271539 23.116359
113.266585 23.15209 113.265384 23.126368
113.29514 23.152088 113.317418 23.180655
113.227567 23.171173 113.242035 23.124843
113.315074 23.139993 113.33068 23.164155
113.32729 23.111899 113.274952 23.112525
113.270531 23.114375 113.308474 23.128846
113.283892 23.151569 113.267887 23.14556
113.288813 23.12649 113.256335 23.207844
113.314342 23.142495 113.331664 23.166526
113.228238 23.159753 113.247058 23.120905
113.228311 23.175609 113.241149 23.119997
113.250824 23.200514 113.231721 23.131708
113.314298 23.132186 113.252846 23.125376
113.253496 23.140517 113.264066 23.127039
113.25594 23.140076 113.267771 23.123968
113.322923 23.143202 113.325046 23.160333
113.309138 23.105647 113.312329 23.156997
113.251891 23.205389 113.231083 23.137965
113.326486 23.142519 113.266828 23.15876
113.261413 23.127861 113.283233 23.130143
113.316568 23.139248 113.326082 23.161717
113.266358 23.168586 113.269599 23.141998
113.226561 23.177945 113.237716 23.122076
113.311713 23.158168 113.328071 23.135288
113.257975 23.131385 113.223404 23.145905
113.309049 23.115824 113.315151 23.144824
113.276439 23.202556 113.250215 23.148637
113.236648 23.146306 113.273661 23.120064
113.263667 23.176132 113.268745 23.146723
113.316702 23.155631 113.278531 23.15581
113.22261 23.126167 113.259558 23.166326
113.244894 23.136673 113.264764 23.137511
113.314054 23.143053 113.330512 23.165942
113.262651 23.14626 113.277052 23.164523
113.325546 23.153445 113.293484 23.12911
113.265313 23.111733 113.316243 23.140861
113.315651 23.124168 113.332388 23.146389
113.275268 23.136483 113.265497 23.187783
113.302198 23.127836 113.263935 23.104065
113.300952 23.108343 113.22648 23.135748
113.30232 23.15595 113.332153 23.155678
113.234366 23.132544 113.310093 23.148637
113.268066 23.148229 113.249982 23.126019
113.314809 23.122606 113.233258 23.104521
113.281174 23.132794 113.237466 23.114024
113.231333 23.101642 113.267401 23.098653
113.22352 23.100464 113.270881 23.105091
113.248383 23.153699 113.26935 23.147736
113.265712 23.135771 113.309204 23.130874
113.2557 23.117165 113.290944 23.144831
113.275392 23.122461 113.320921 23.123126
113.266148 23.171017 113.272728 23.147079
113.227532 23.159747 113.249913 23.121207
113.313809 23.151196 113.280356 23.151358
113.29014 23.113913 113.265342 23.120885
113.2565 23.166132 113.261258 23.106408
113.28119 23.207153 113.249683 23.157465
113.317124 23.124203 113.330915 23.147784
113.257547 23.137214 113.245741 23.138995
113.248776 23.119561 113.308971 23.140443
113.254149 23.14718 113.263809 23.126878
113.312089 23.141284 113.284546 23.125872
113.288902 23.109977 113.268332 23.12097
113.268855 23.145293 113.268707 23.159573
113.257979 23.150526 113.282025 23.133659
113.297841 23.115773 113.224524 23.129048
113.325277 23.170889 113.245878 23.151559
113.332544 23.161208 113.317617 23.18919
113.294198 23.117742 113.224284 23.137704
113.243151 23.120298 113.25328 23.196581
113.329387 23.123705 113.315073 23.148109
113.256803 23.166039 113.260465 23.102089
113.273493 23.143075 113.30171 23.135347
113.257396 23.165399 113.319275 23.204125
113.293924 23.128719 113.24701 23.114258
113.253653 23.163874 113.31323 23.170567
113.262734 23.149361 113.285611 23.138549
113.266586 23.131575 113.258663 23.165869
113.269039 23.143005 113.245436 23.121079
113.293921 23.109089 113.226597 23.132971
113.2768 23.120018 113.321687 23.118549
113.28531 23.110647 113.270588 23.127076
113.246054 23.11412 113.253576 23.19273
113.318739 23.119319 113.325022 23.146875
113.268356 23.163738 113.273626 23.206592
113.230581 23.140501 113.324046 23.130121
113.29683 23.152776 113.315583 23.182846
113.297728 23.149414 113.286963 23.127552
113.231211 23.146687 113.325409 23.135733
113.253008 23.109706 113.314325 23.146427
113.323118 23.129274 113.30414 23.134974
113.258213 23.118265 113.284775 23.118496
113.254861 23.125762 113.28458 23.134598
