113.316328 23.188503 113.307248 23.149348
113.315193 23.136054 113.304105 23.129859
113.304948 23.143046 113.328245 23.12553
113.259062 23.140677 113.269785 23.122677
113.275842 23.10798 113.321313 23.149806
113.273169 23.157517 113.303514 23.135782
113.231097 23.106469 113.319536 23.13569
113.322632 23.131147 113.245159 23.113816
113.305934 23.153084 113.328214 23.134619
113.281702 23.200391 113.270023 23.118022
113.231684 23.149147 113.280515 23.130431
113.294837 23.150956 113.287993 23.124691
113.274552 23.134876 113.320963 23.14372
113.323666 23.114947 113.279994 23.109336
113.25761 23.137275 113.330499 23.137197
113.306431 23.104481 113.303386 23.157335
113.257508 23.132187 113.245995 23.146125
113.234787 23.140103 113.276169 23.119109
113.321936 23.140022 113.331894 23.162745
113.260323 23.121384 113.284665 23.128071
113.259075 23.185703 113.315813 23.153496
113.224896 23.172757 113.235364 23.118253
113.255674 23.152419 113.277689 23.131683
113.318695 23.133789 113.27504 23.18785
113.272079 23.150044 113.272832 23.123019
113.298879 23.124488 113.271104 23.101589
113.290951 23.123835 113.254548 23.204526
113.313633 23.10925 113.316454 23.151329
113.288147 23.153762 113.263626 23.14262
113.271426 23.10672 113.253782 23.11073
113.318824 23.130951 113.299761 23.1376
113.252677 23.120322 113.311778 23.142052
113.296841 23.154487 113.321001 23.184875
113.307644 23.138826 113.281958 23.100323
113.305303 23.137379 113.31896 23.160901
113.263129 23.163252 113.24436 23.116151
113.328741 23.140481 113.266281 23.162615
113.327666 23.131324 113.290385 23.137344
113.267401 23.102266 113.256953 23.111832
113.227456 23.121276 113.254548 23.160974
113.269037 23.139469 113.251971 23.119737
113.289149 23.146282 113.27102 23.141285
113.328985 23.177117 113.249067 23.150959
113.270234 23.155628 113.263047 23.121917
113.22446 23.098323 113.322521 23.132248
113.286608 23.14381 113.263348 23.140755
113.271976 23.12594 113.228185 23.102607
113.281841 23.102898 113.314484 23.150488
113.237339 23.123313 113.327146 23.125079
113.321028 23.135989 113.274079 23.183594
113.2472 23.161554 113.269814 23.189059
113.310649 23.132968 113.269087 23.134201
113.224785 23.120435 113.254671 23.127565
113.253484 23.119576 113.314542 23.151461
113.316575 23.118148 113.239022 23.107474
113.24225 23.126373 113.277027 23.137095
113.263324 23.1677 113.276137 23.207529
113.286272 23.131751 113.247072 23.155952
113.311125 23.117529 113.31648 23.140494
113.254456 23.152577 113.280692 23.132825
113.313316 23.135765 113.251751 23.11436
113.253028 23.168395 113.317259 23.208851
113.232965 23.131412 113.312203 23.149941
113.308053 23.124842 113.286311 23.139801
113.274429 23.205077 113.269635 23.114502
113.284713 23.1124 113.270177 23.121782
113.250143 23.11409 113.252977 23.197375
113.229179 23.1069 113.269962 23.100611
113.282094 23.104643 113.320576 23.155117
113.247129 23.180841 113.225541 23.140906
113.265037 23.138851 113.269949 23.159625
113.313993 23.135306 113.247033 23.11234
113.274155 23.118793 113.313715 23.126375
113.276336 23.136123 113.267085 23.186065
113.237695 23.111309 113.240247 23.140607
113.329128 23.172498 113.251993 23.152376
113.32262 23.150123 113.256266 23.123533
113.257898 23.18649 113.318898 23.155687
113.245959 23.16295 113.228555 23.109287
113.25578 23.126496 113.285651 23.119246
113.265569 23.14208 113.246553 23.126068
113.298626 23.115568 113.230494 23.130685
113.306362 23.155785 113.324158 23.132296
113.258557 23.151162 113.291787 23.148129
113.270845 23.102888 113.25784 23.115248
113.314294 23.161083 113.319765 23.136566
113.292974 23.128391 113.251918 23.15107
113.317458 23.139554 113.33211 23.161616
113.311679 23.130408 113.227359 23.107967
113.282135 23.204705 113.252037 23.152671
113.310928 23.1371 113.291279 23.119282
113.278765 23.102778 113.31962 23.151545
113.269056 23.148573 113.27015 23.121054
113.300465 23.151939 113.327439 23.148532
113.322322 23.124289 113.233281 23.103538
113.322154 23.124269 113.325655 23.145623
113.3112 23.144361 113.284786 23.119346
113.256906 23.169336 113.264861 23.18975
113.230926 23.12245 113.270818 23.134177
113.324208 23.14651 113.263345 23.164008
113.236606 23.111393 113.259971 23.169509
113.279976 23.120069 113.312563 23.118416
113.226858 23.101045 113.271502 23.102582
113.279201 23.199693 113.246641 23.150881
113.286716 23.13978 113.271333 23.139412
113.302293 23.108898 113.227552 23.130499
113.307431 23.121551 113.268899 23.117782
113.226129 23.123955 113.254853 23.163462
113.318248 23.135287 113.253013 23.120357
113.305374 23.10662 113.304725 23.15596
113.320716 23.141876 113.332277 23.161194
113.283533 23.125438 113.238263 23.115494
113.291319 23.130213 113.248547 23.13564
113.330929 23.148834 113.307483 23.148389
113.3306 23.13558 113.279495 23.163797
113.258126 23.170675 113.264086 23.196931
113.262781 23.124175 113.31395 23.153869
113.273467 23.150109 113.306063 23.123587
113.30687 23.148605 113.326493 23.13068
113.323733 23.148062 113.269055 23.166184
113.317871 23.143114 113.333264 23.16404
113.27059 23.112689 113.319837 23.138422
113.265691 23.178528 113.269249 23.142461
113.307665 23.114292 113.314559 23.146542
113.226063 23.106936 113.269028 23.099427
113.267384 23.122567 113.319045 23.12891
113.278207 23.116937 113.332068 23.132375
113.331605 23.172161 113.24265 23.153014
113.320801 23.132562 113.253124 23.118958
113.23613 23.129207 113.305128 23.151496
113.324608 23.142303 113.266555 23.158866
113.314044 23.11266 113.316072 23.153053
113.233482 23.143162 113.276059 23.124459
113.238619 23.117036 113.252732 23.175166
113.228246 23.103214 113.265814 23.104239
113.31978 23.116177 113.317682 23.148649
113.269066 23.176488 113.270768 23.141541
113.255606 23.123979 113.285894 23.13005
113.320423 23.144358 113.323879 23.162234
113.262417 23.170112 113.263281 23.196208
113.268534 23.164161 113.322913 23.129551
113.236135 23.143773 113.278388 23.125411
113.270493 23.124388 113.232075 23.102521
113.270564 23.132868 113.305989 23.136252
113.253209 23.11398 113.321929 23.145205
113.316072 23.116682 113.322391 23.14987
113.274129 23.101641 113.314782 23.153757
113.333002 23.136046 113.243024 23.137087
113.249832 23.114614 113.253461 23.193979
113.267372 23.199237 113.240929 23.200344
113.32283 23.176135 113.306316 23.131915
113.277005 23.20017 113.263876 23.114512
113.253804 23.162374 113.255986 23.106576
113.285019 23.14326 113.255121 23.162244
113.264822 23.116218 113.31523 23.140958
113.258354 23.169034 113.247465 23.134361
113.3305 23.150542 113.303197 23.157997
113.283333 23.12528 113.309343 23.149073
113.254693 23.155421 113.27776 23.131359
113.24984 23.171163 113.261063 23.111789
113.262102 23.160434 113.320287 23.208617
113.255211 23.172899 113.265284 23.194523
113.333286 23.147922 113.270314 23.163537
113.295454 23.109015 113.222939 23.131976
113.270539 23.1612 113.279629 23.199662
113.28577 23.149078 113.270594 23.143158
113.252818 23.204778 113.295158 23.149206
113.284307 23.142834 113.255471 23.16566
113.231431 23.119835 113.250882 23.129155
113.320646 23.135696 113.294839 23.137428
113.303795 23.116727 113.275835 23.110496
113.250992 23.200586 113.227799 23.129084
113.323277 23.136311 113.282452 23.182897
113.248102 23.167249 113.26505 23.163296
113.226883 23.123986 113.248017 23.131373
113.314687 23.166357 113.278627 23.14079
113.259817 23.136269 113.242733 23.138362
113.32248 23.137533 113.247677 23.109455
113.270656 23.109544 113.319103 23.14724
113.256848 23.203794 113.316269 23.168292
113.238384 23.131411 113.305518 23.156891
113.232716 23.144092 113.275591 23.123296
113.238177 23.146135 113.275302 23.123573
113.267891 23.161232 113.277014 23.199107
113.230777 23.126303 113.248314 23.136737
113.268942 23.119982 113.3162 23.135537
113.254784 23.141789 113.266247 23.121943
113.308845 23.134985 113.314843 23.152916
113.246579 23.137948 113.26425 23.142604
113.268293 23.09837 113.253934 23.109124
113.27386 23.149564 113.306105 23.118796
113.325239 23.141725 113.26788 23.165602
113.311699 23.133839 113.230473 23.106994
113.267504 23.122108 113.230688 23.107725
113.29066 23.147107 113.261821 23.167952
113.242983 23.121476 113.30932 23.141124
113.269974 23.1858 113.252566 23.157304
113.291508 23.145819 113.254419 23.159254
113.24875 23.13772 113.254984 23.098267
113.313662 23.137534 113.297579 23.129668
113.287503 23.145551 113.263862 23.146079
113.275578 23.113361 113.245689 23.112857
113.290669 23.155147 113.267764 23.144041
113.332846 23.120603 113.320292 23.144763
113.27986 23.202569 113.251839 23.148962
113.318491 23.130177 113.31123 23.137902
113.325248 23.171098 113.250931 23.148439
113.321904 23.131714 113.303506 23.130071
113.316328 23.126622 113.328624 23.14683
113.236756 23.131931 113.303537 23.149088
113.291213 23.129597 113.259068 23.158331
113.27916 23.154772 113.308659 23.122997
113.267514 23.16371 113.280636 23.198957
113.316954 23.147042 113.328369 23.167572
113.262237 23.121136 113.290348 23.133575
113.254763 23.140974 113.263201 23.119955
113.311881 23.15394 113.325489 23.130407
113.254595 23.110734 113.283934 23.141096
113.27673 23.198996 113.272205 23.108647
113.243283 23.172257 113.250675 23.199589
113.275628 23.203255 113.272065 23.115171
113.294316 23.124979 113.263589 23.104194
113.301821 23.133741 113.24994 23.11611
113.263434 23.166874 113.287317 23.131023
113.230991 23.12077 113.255338 23.160581
113.232166 23.106919 113.271568 23.09973
113.308219 23.153113 113.326549 23.131952
113.314194 23.129776 113.311829 23.128231
113.228484 23.099225 113.267862 23.102029
113.241041 23.147982 113.277736 23.127918
113.227323 23.098466 113.321857 23.136738
113.243327 23.175398 113.251305 23.202358
113.271336 23.203417 113.279476 23.122399
113.318528 23.139553 113.332559 23.160933
113.316875 23.128078 113.239737 23.101295
113.269442 23.200966 113.312541 23.157164
113.271173 23.107925 113.254685 23.115984
113.232228 23.105765 113.320738 23.135057
113.261565 23.134024 113.246036 23.14147
113.307989 23.149299 113.323733 23.131076
113.283887 23.137809 113.262719 23.124882
113.230401 23.156132 113.278765 23.137173
113.317466 23.130621 113.247392 23.115912
113.306676 23.143148 113.323966 23.121705
113.301831 23.147742 113.273085 23.129546
113.317725 23.133657 113.28085 23.179519
113.27141 23.180018 113.245749 23.157638
113.290093 23.134252 113.315266 23.123071
113.312062 23.154433 113.326298 23.13307
113.301541 23.111459 113.2278 23.128986
113.329084 23.116441 113.278859 23.115681
113.273126 23.156029 113.308547 23.130637
113.223599 23.099102 113.267762 23.100211
113.32466 23.172248 113.24868 23.151609
113.264427 23.102861 113.262401 23.108817
113.320265 23.161254 113.279098 23.126816
113.320517 23.13047 113.253448 23.127327
113.223615 23.154413 113.282759 23.137317
113.263667 23.112373 113.317997 23.141021
113.324322 23.129203 113.320947 23.152537
113.268756 23.172949 113.263837 23.141784
113.260164 23.174049 113.244395 23.13312
113.242906 23.148627 113.269512 23.14562
113.259552 23.140139 113.277591 23.168249
113.270022 23.126294 113.315227 23.155852
113.261904 23.130185 113.329893 23.130908
113.28217 23.116606 113.329222 23.129001
113.252144 23.156617 113.304856 23.146957
113.236268 23.147308 113.281014 23.123549
113.241645 23.110898 113.292038 23.13105
113.250667 23.127339 113.253838 23.197188
113.255722 23.15711 113.333303 23.133553
113.260556 23.13752 113.329673 23.133135
113.243718 23.155546 113.305481 23.143895
113.306237 23.109324 113.314229 23.139796
113.291369 23.139574 113.263793 23.139911
113.26519 23.154454 113.26892 23.12403
113.273099 23.151116 113.306101 23.120824
113.299854 23.144494 113.262874 23.167163
113.288069 23.139324 113.270399 23.139233
113.318859 23.168197 113.278175 23.147312
113.28387 23.108069 113.266918 23.120072
113.285328 23.145916 113.268393 23.147378
113.31483 23.149898 113.254629 23.12122
113.280892 23.101412 113.246812 23.121232
113.301974 23.132085 113.245305 23.115183
113.304151 23.146242 113.329464 23.126023
113.303933 23.121306 113.265362 23.117265
113.282902 23.125207 113.317803 23.126821
113.323287 23.171591 113.250059 23.148693
113.281159 23.121247 113.316379 23.119742
113.281687 23.098408 113.245058 23.121978
113.305262 23.141263 113.278383 23.129271
113.263053 23.199452 113.306519 23.151414
113.301314 23.116864 113.230863 23.130993
113.291199 23.141836 113.267001 23.147587
113.280317 23.205846 113.25181 23.153622
113.263983 23.18832 113.244698 23.158074
113.290572 23.128654 113.243138 23.150399
113.244724 23.126506 113.260877 23.19711
