113.24863 23.156435 113.276126 23.146715
113.275445 23.119267 113.322949 23.126461
113.276652 23.149931 113.313116 23.135684
113.244108 23.201943 113.224219 23.137011
113.274563 23.102416 113.315165 23.151202
113.27569 23.0984 113.320389 23.155907
113.280369 23.115795 113.333005 23.128228
113.256857 23.184128 113.321875 23.151906
113.249752 23.124514 113.311427 23.141846
113.317139 23.121889 113.328265 23.143898
113.325726 23.16075 113.314739 23.195807
113.321228 23.116541 113.31479 23.153594
113.263651 23.143995 113.252085 23.177127
113.331139 23.121954 113.313427 23.143717
113.254326 23.108267 113.28302 23.145279
113.22306 23.176783 113.242252 23.120914
113.22705 23.121349 113.252817 23.166926
113.280312 23.204834 113.267409 23.115568
113.260189 23.108782 113.321769 23.144529
113.230284 23.124081 113.247503 23.136032
113.292244 23.152255 113.271446 23.148195
113.309069 23.121586 113.2701 23.116858
113.315204 23.12522 113.325829 23.139742
113.252551 23.159421 113.227988 23.116772
113.294703 23.148599 113.288839 23.123265
113.259766 23.135472 113.24365 23.143163
113.265141 23.171346 113.264434 23.148041
113.296005 23.109394 113.224765 23.13087
113.231662 23.148801 113.280391 23.130114
113.305924 23.119978 113.290681 23.138687
113.249434 23.202058 113.231967 23.138268
113.243929 23.132698 113.272086 23.136083
113.284445 23.116997 113.26367 23.125985
113.300631 23.142964 113.325594 23.164277
113.297617 23.11452 113.228769 23.136847
113.314595 23.142417 113.326651 23.167437
113.254363 23.153694 113.229639 23.130423
113.306905 23.1335 113.285704 23.120973
113.251663 23.111088 113.256227 23.198116
113.31425 23.149312 113.276596 23.149387
113.241906 23.131273 113.306799 23.157475
113.314689 23.12557 113.237373 23.10471
113.253577 23.108031 113.286161 23.140179
113.256041 23.154467 113.225256 23.136271
113.224437 23.098706 113.319193 23.134485
113.253662 23.113466 113.319999 23.143889
113.267441 23.145188 113.249584 23.119116
113.289742 23.138784 113.256915 23.163899
113.297283 23.145 113.331347 23.158551
113.256361 23.167049 113.255115 23.100301
113.264712 23.128802 113.30436 23.129322
113.287973 23.150507 113.272585 23.146789
113.286399 23.155586 113.270997 23.147233
113.268294 23.183845 113.248874 23.149221
113.248891 23.121991 113.262222 23.191917
113.315361 23.173808 113.306504 23.13075
113.320407 23.165643 113.276937 23.147327
113.321171 23.139773 113.327795 23.166055
113.24541 23.152849 113.282146 23.146838
113.292894 23.125506 113.303704 23.156497
113.306976 23.144452 113.282471 23.134283
113.305315 23.100065 113.309234 23.152762
113.257061 23.11466 113.314722 23.143526
113.296859 23.144382 113.331004 23.166192
113.28666 23.116322 113.270342 23.121542
113.325589 23.159684 113.319896 23.195329
113.307345 23.098345 113.310098 23.14841
113.30268 23.122743 113.264744 23.102588
113.289703 23.114141 113.266543 23.118993
113.288238 23.142506 113.25404 23.158568
113.254676 23.132494 113.229063 23.138729
113.319806 23.184349 113.306025 23.157766
113.256991 23.125229 113.319812 23.150428
113.259871 23.179886 113.317113 23.155958
113.2228 23.170483 113.23328 23.124209
113.263416 23.174853 113.267527 23.142522
113.304663 23.12149 113.227239 23.144966
113.244855 23.137658 113.318336 23.141791
113.27495 23.124289 113.314681 23.124626
113.260569 23.122006 113.283596 23.120976
113.254076 23.133792 113.250327 23.148314
113.32819 23.149501 113.294699 23.129896
113.323387 23.112238 113.274 23.110108
113.294651 23.140083 113.276494 23.137829
113.245273 23.130282 113.264051 23.147372
113.299244 23.146017 113.280687 23.129742
113.312064 23.114834 113.321314 23.142609
113.326616 23.163675 113.313635 23.19766
113.320587 23.114269 113.322657 23.155441
113.268512 23.155256 113.271505 23.134755
113.251292 23.117728 113.255184 23.196256
113.291632 23.145252 113.256916 23.166719
113.266378 23.204006 113.277706 23.12281
113.251341 23.122517 113.253953 23.195536
113.287522 23.151072 113.267496 23.143988
113.249893 23.11489 113.259309 23.196508
113.330991 23.119373 113.321966 23.146306
113.269745 23.153758 113.266178 23.13193
113.262195 23.201052 113.299664 23.148763
113.31276 23.143251 113.29227 23.124369
113.298153 23.140932 113.274335 23.135883
113.326233 23.157985 113.303668 23.158294
113.249616 23.108744 113.259942 23.19589
113.274971 23.102408 113.24521 23.123315
113.267994 23.157204 113.2695 23.120386
113.255101 23.119214 113.292981 23.125712
113.268419 23.121913 113.223555 23.106972
113.318152 23.141306 113.325316 23.168045
113.329218 23.135249 113.278654 23.163392
113.271646 23.169814 113.267906 23.139619
113.244525 23.15278 113.28192 23.140619
113.230636 23.171205 113.23441 23.118213
113.27509 23.130299 113.314662 23.12226
113.323892 23.122965 113.318893 23.139549
113.316579 23.121793 113.326785 23.139332
113.328747 23.149237 113.298083 23.136928
113.275606 23.153778 113.307577 23.128193
113.306521 23.118697 113.226773 23.142727
113.285866 23.143563 113.253185 23.162867
113.251281 23.114531 113.257346 23.192312
113.309355 23.138023 113.321362 23.162493
113.236383 23.148286 113.281598 23.121894
113.311321 23.118525 113.287524 23.139299
113.269592 23.14216 113.279952 23.199541
113.273953 23.204375 113.246792 23.153434
113.233064 23.125857 113.33178 23.12406
113.30261 23.136718 113.243802 23.108865
113.294896 23.151122 113.320368 23.187424
113.310368 23.136226 113.226377 23.106733
113.286807 23.155921 113.271579 23.14473
113.278021 23.116029 113.327104 23.129551
113.263362 23.144702 113.245199 23.175802
113.268678 23.179408 113.243062 23.151606
113.246002 23.110361 113.260593 23.195283
113.254001 23.115924 113.288733 23.140163
113.319147 23.16354 113.31867 23.132336
113.239073 23.142521 113.27973 23.126149
113.325666 23.155017 113.300202 23.130696
113.313291 23.152274 113.270509 23.188427
113.282329 23.123415 113.321821 23.125096
113.264564 23.172103 113.264565 23.138299
113.226582 23.165903 113.246717 23.120596
113.306468 23.114003 113.278642 23.111765
113.24406 23.114812 113.256467 23.188942
113.228135 23.146692 113.331845 23.138071
113.243466 23.123656 113.260796 23.180598
113.293251 23.150137 113.291123 23.121156
113.283875 23.133725 113.322884 23.122949
113.326113 23.134727 113.275497 23.16831
113.309921 23.126782 113.267766 23.114379
113.230143 23.126465 113.264727 23.134788
113.326457 23.161718 113.317051 23.191047
113.318168 23.176341 113.30608 23.129204
113.316009 23.148546 113.262924 23.160672
113.284799 23.134559 113.315437 23.126766
113.260653 23.167522 113.319807 23.203992
113.259792 23.186866 113.316897 23.151269
113.321944 23.13716 113.298372 23.129063
113.321338 23.108462 113.314527 23.15751
113.249918 23.112009 113.258283 23.196507
113.317212 23.161557 113.318737 23.136864
113.294641 23.146593 113.263568 23.165391
113.331272 23.120923 113.322594 23.142566
113.309602 23.10553 113.311745 23.153738
113.272508 23.145681 113.248805 23.174088
113.26896 23.152135 113.266462 23.129499
113.229211 23.119176 113.259012 23.159004
113.273191 23.207643 113.272817 23.114973
113.322023 23.169423 113.310148 23.129628
113.322665 23.166974 113.277992 23.145856
113.332257 23.134361 113.317212 23.14897
113.330063 23.131868 113.291867 23.134882
113.318706 23.180974 113.303865 23.14944
113.250001 23.11241 113.255824 23.19174
113.229921 23.166103 113.247206 23.120194
113.241913 23.141743 113.281632 23.125485
113.328166 23.168462 113.315453 23.191883
113.233896 23.116853 113.25329 23.17362
113.294417 23.146037 113.263352 23.166022
113.237225 23.145954 113.280865 23.119445
113.277572 23.139807 113.27237 23.10305
113.246105 23.13132 113.277333 23.134705
113.317755 23.138959 113.329297 23.166497
113.292382 23.15788 113.263004 23.146869
113.257802 23.150271 113.226749 23.129914
113.270806 23.149526 113.264129 23.131011
113.265402 23.118838 113.226078 23.101631
113.319153 23.157268 113.311482 23.132348
113.315236 23.13059 113.278627 23.181042
113.228074 23.177624 113.240294 23.124289
113.324539 23.147999 113.270505 23.162472
113.303553 23.129135 113.316645 23.157501
113.331692 23.15547 113.30427 23.158037
113.319281 23.113608 113.322273 23.154148
113.298544 23.108544 113.23194 23.135447
113.252493 23.129131 113.277586 23.13527
113.285665 23.142823 113.262328 23.165725
113.250742 23.166446 113.269559 23.192066
113.265828 23.169435 113.271099 23.140284
113.247268 23.113759 113.253482 23.19426
113.331348 23.159065 113.313773 23.194285
113.250919 23.15608 113.279572 23.138808
113.255473 23.122898 113.286439 23.118601
113.258901 23.135854 113.324446 23.137003
113.269375 23.157934 113.271213 23.125919
113.271899 23.156016 113.270572 23.130092
113.252824 23.129969 113.326506 23.131763
113.277406 23.135916 113.319027 23.121299
113.246357 23.148678 113.278632 23.147972
113.312766 23.133736 113.226626 23.098336
113.264028 23.127261 113.322323 23.129823
113.276611 23.120727 113.310749 23.118292
113.308014 23.136375 113.225613 23.100291
113.250823 23.164782 113.270121 23.197367
113.267568 23.118524 113.322891 23.148631
113.307747 23.119471 113.330805 23.135724
113.224352 23.10292 113.271844 23.106245
113.309443 23.135146 113.239994 23.110537
113.319706 23.146053 113.331562 23.163648
113.238124 23.122987 113.3278 23.12214
113.314686 23.169401 113.303993 23.137556
113.322637 23.171108 113.308038 23.128691
113.297405 23.139889 113.267921 23.168052
113.267103 23.110051 113.321654 23.145217
113.291758 23.143119 113.268618 23.141722
113.331911 23.110805 113.282112 23.114415
113.298321 23.142881 113.278729 23.128721
113.245272 23.111438 113.258303 23.195113
113.330311 23.155054 113.293113 23.13437
113.242925 23.135372 113.258434 23.100637
113.317703 23.142513 113.331232 23.15968
113.243415 23.177441 113.244081 23.200847
113.265371 23.140235 113.266057 23.159963
113.247147 23.110747 113.253595 23.197151
113.299414 23.133057 113.24816 23.112287
113.243701 23.127034 113.252974 23.183067
113.236843 23.140215 113.281629 23.118239
113.255129 23.186437 113.315763 23.157921
113.290804 23.114945 113.268063 23.124121
113.271114 23.124085 113.322708 23.150673
113.262975 23.188056 113.245484 23.149001
113.246778 23.109381 113.258932 23.198758
113.288746 23.110652 113.267987 23.124802
113.283521 23.109152 113.267713 23.125274
113.268929 23.179324 113.248985 23.153825
113.313509 23.17858 113.310116 23.131611
113.313019 23.124292 113.22725 23.141924
113.298304 23.121591 113.263449 23.1045
113.331861 23.109417 113.27752 23.108143
113.309686 23.144877 113.291129 23.123994
113.305188 23.119617 113.331528 23.12961
113.275294 23.113717 113.244705 23.110792
113.274302 23.155456 113.313041 23.131441
113.245357 23.11655 113.255431 23.192403
113.330306 23.148341 113.270694 23.160002
113.254386 23.124864 113.28639 23.121866
113.320719 23.108389 113.320834 23.150492
113.278705 23.132711 113.315341 23.14289
113.256973 23.147559 113.277598 23.163623
113.303206 23.100207 113.309061 23.149744
113.23596 23.135657 113.305066 23.155676
113.295646 23.116435 113.227793 23.133807
113.332578 23.137454 113.244915 23.132282
113.258147 23.139766 113.267418 23.124133
113.313864 23.152097 113.280796 23.156794
113.311006 23.118384 113.329173 23.131207
113.26689 23.181215 113.248201 23.148686
113.247852 23.121303 113.306959 23.140762
113.24689 23.150569 113.304293 23.145473
113.291635 23.113154 113.265622 23.127169
113.300287 23.110117 113.223968 23.134418
113.270542 23.207069 113.232523 23.204849
113.278441 23.098572 113.319418 23.152638
113.254556 23.115988 113.313447 23.138426
113.306463 23.120776 113.267641 23.115336
113.321572 23.150818 113.262042 23.119203
113.318418 23.110374 113.320389 23.153696
113.280383 23.142783 113.330485 23.129145
113.315559 23.151254 113.254876 23.161273
113.268372 23.165263 113.288003 23.134479
113.278659 23.119717 113.318999 23.120617
113.250675 23.115702 113.258971 23.191992
113.327846 23.142601 113.269763 23.161542
113.249885 23.129839 113.271908 23.146364
113.238028 23.126071 113.330787 23.123689
113.275067 23.202288 113.263265 23.111233
113.32083 23.157961 113.265473 23.186494
113.264969 23.187304 113.243809 23.156891
113.265876 23.180723 113.244853 23.155079
113.257431 23.182983 113.316773 23.15466
113.282923 23.154212 113.304494 23.128574
113.279227 23.119754 113.317813 23.126084
113.256648 23.181412 113.317152 23.150849
113.295268 23.139398 113.27519 23.134342
113.325323 23.142022 113.265659 23.166239
113.233305 23.139151 113.282491 23.118493
113.249039 23.151886 113.307856 23.140213
113.303306 23.102915 113.305442 23.150513
113.225983 23.173994 113.233807 23.122808
113.310743 23.136647 113.269632 23.13763
