113.232634 23.108722 113.296457 23.15016
113.272448 23.172682 113.264137 23.141022
113.244719 23.163707 113.262829 23.159515
113.314717 23.17513 113.306669 23.129191
113.265782 23.176061 113.267698 23.14802
113.267193 23.155416 113.266875 23.137534
113.322794 23.126513 113.23917 23.101776
113.278455 23.156215 113.304186 23.12045
113.250833 23.117587 113.256826 23.192421
113.265894 23.130426 113.259993 23.165926
113.261676 23.11246 113.290882 23.138928
113.266838 23.178297 113.271419 23.139049
113.318627 23.185384 113.307948 23.157544
113.242096 23.114433 113.258263 23.172642
113.26523 23.186502 113.25042 23.152956
113.321421 23.109396 113.315987 23.15773
113.278743 23.157486 113.309196 23.132093
113.244327 23.207542 113.225918 23.133055
113.257052 23.134316 113.331434 23.137602
113.246331 23.111951 113.253191 23.1899
113.264968 23.173872 113.263748 23.145894
113.320836 23.142299 113.328498 23.162498
113.253301 23.194387 113.255915 23.157244
113.313882 23.17631 113.303961 23.131034
113.238097 23.121352 113.325823 23.126856
113.237578 23.110791 113.295871 23.157501
113.290921 23.152328 113.265152 23.145852
113.254893 23.173956 113.248537 23.137528
113.26947 23.17763 113.267996 23.138543
113.332401 23.176262 113.245403 23.15129
113.225202 23.124151 113.262832 23.134061
113.230469 23.122369 113.262839 23.133746
113.269655 23.123429 113.228004 23.107388
113.249096 23.164854 113.27096 23.19476
113.247224 23.154036 113.2738 23.144372
113.262793 23.100978 113.254907 23.113276
113.24999 23.114214 113.259176 23.196056
113.252009 23.208064 113.225451 23.13724
113.317226 23.126082 113.329751 23.139151
113.266575 23.175731 113.264946 23.143245
113.254886 23.191959 113.26076 23.149369
113.24253 23.138837 113.273187 23.126268
113.230015 23.118434 113.253595 23.159586
113.329142 23.136408 113.234046 23.172045
113.260739 23.183041 113.321018 23.152064
113.249756 23.111257 113.252958 23.195319
113.277383 23.110075 113.330315 23.131745
113.264695 23.135665 113.307126 23.137821
113.249396 23.129498 113.264428 23.128739
113.316963 23.15591 113.282394 23.149459
113.248609 23.18814 113.253869 23.149351
113.296884 23.108212 113.231056 23.12842
113.256993 23.165856 113.321256 23.200494
113.242471 23.141405 113.279743 23.127222
113.244703 23.10818 113.256153 23.191071
113.244939 23.116643 113.257265 23.196005
113.268746 23.122031 113.315611 23.158396
113.270996 23.142645 113.274831 23.204014
113.295707 23.114439 113.223093 23.134027
113.23072 23.105518 113.317158 23.13156
113.301041 23.125402 113.270095 23.099168
113.330995 23.109455 113.278614 23.117205
113.225951 23.118834 113.257142 23.159786
113.269994 23.123508 113.229873 23.101576
113.234625 23.113509 113.258874 23.176972
113.315655 23.140435 113.328688 23.158812
113.306909 23.148208 113.275707 23.134999
113.226704 23.16765 113.243694 23.127653
113.314903 23.14886 113.28213 23.156299
113.265987 23.172789 113.267366 23.147053
113.248392 23.132955 113.265382 23.135859
113.238238 23.11582 113.237518 23.147186
113.265383 23.174618 113.263082 23.142783
113.229256 23.12129 113.256375 23.125603
113.296662 23.121021 113.267855 23.106117
113.319472 23.111077 113.317987 23.148512
113.267136 23.129837 113.305193 23.133394
113.330112 23.131097 113.256388 23.116833
113.263397 23.203248 113.309534 23.149173
113.315795 23.147076 113.326642 23.16034
113.286642 23.110273 113.272204 23.11881
113.243368 23.187489 113.254102 23.155824
113.329197 23.143532 113.266008 23.166943
113.271264 23.156665 113.262806 23.132645
113.228153 23.164408 113.242677 23.119096
113.314459 23.11341 113.318247 23.14859
113.298778 23.162073 113.265685 23.163365
113.302422 23.133609 113.245036 23.116954
113.30213 23.1437 113.27274 23.160762
113.298729 23.158185 113.331541 23.151382
113.275602 23.130105 113.321052 23.149878
113.236107 23.114796 113.259433 23.170279
113.285217 23.115736 113.271038 23.127366
113.299155 23.110285 113.225758 23.130303
113.232646 23.124618 113.273356 23.130379
113.232571 23.119459 113.275517 23.132162
113.262288 23.178575 113.242715 23.129693
113.237427 23.116385 113.297406 23.150959
113.325034 23.163839 113.313574 23.19694
113.270031 23.106012 113.262066 23.108501
113.24496 23.184248 113.224284 23.146939
113.233411 23.110474 113.236688 23.147738
113.225082 23.138701 113.327822 23.129315
113.301705 23.156565 113.289682 23.12305
113.298791 23.151202 113.31455 23.185726
113.257105 23.117794 113.289668 23.140191
113.316384 23.149566 113.310147 23.130859
113.298372 23.119493 113.267032 23.106676
113.279074 23.158173 113.307639 23.135707
113.292625 23.158067 113.267925 23.142536
113.252153 23.12851 113.280785 23.130297
113.326551 23.165927 113.316279 23.191986
113.302278 23.151744 113.31866 23.183926
113.257002 23.208295 113.296638 23.152523
113.319237 23.122204 113.237147 23.100918
113.226067 23.124136 113.268575 23.134872
113.312277 23.133368 113.230523 23.10179
113.262636 23.152481 113.277765 23.132514
113.263363 23.154531 113.265525 23.131855
113.30466 23.128242 113.240164 23.112828
113.268004 23.128449 113.257744 23.159236
113.252512 23.1635 113.269719 23.193139
113.278806 23.144266 113.268107 23.106382
113.225415 23.126226 113.257192 23.161009
113.242801 23.112375 113.256794 23.198013
113.322466 23.10917 113.319354 23.148943
113.229946 23.153091 113.276823 23.13784
113.277239 23.098557 113.313994 23.153984
113.3055 23.109207 113.315091 23.143817
113.321916 23.13438 113.304039 23.132388
113.26652 23.133698 113.306252 23.130647
113.294859 23.123076 113.266378 23.105507
113.268514 23.172687 113.27231 23.143049
113.258749 23.164177 113.317215 23.169815
113.322255 23.110094 113.322557 23.150808
113.331433 23.130664 113.280327 23.160957
113.304169 23.135324 113.271979 23.136014
113.240421 23.13361 113.310412 23.151218
113.242483 23.114091 113.2879 23.129973
113.264498 23.177596 113.2654 23.148033
113.326929 23.144984 113.26989 23.159393
113.308319 23.110174 113.31721 23.140163
113.31318 23.141986 113.29284 23.125856
113.314083 23.15758 113.261505 23.159389
113.273722 23.149288 113.303732 23.13658
113.269167 23.099904 113.259379 23.117467
113.23121 23.143506 113.333141 23.136462
113.265682 23.12756 113.225675 23.107961
113.241316 23.12781 113.330221 23.118193
113.320269 23.123828 113.240437 23.105236
113.258959 23.139461 113.269605 23.126502
113.300486 23.15357 113.287557 23.122241
113.265577 23.100946 113.259896 23.115924
113.315742 23.114458 113.319061 23.149013
113.266456 23.098216 113.254797 23.11035
113.259796 23.137988 113.25006 23.145933
113.260201 23.177505 113.245491 23.129683
113.26543 23.188065 113.251255 23.157453
113.293296 23.15255 113.285231 23.119311
113.26203 23.11413 113.284336 23.143138
113.30215 23.154468 113.291306 23.119768
113.24589 23.125585 113.258897 23.186215
113.271688 23.146767 113.269432 23.165638
113.262872 23.178218 113.264106 23.143173
113.243387 23.15569 113.273383 23.139043
113.305826 23.122134 113.262792 23.111985
113.272247 23.187445 113.245291 23.153624
113.325829 23.118744 113.317091 23.146081
113.301165 23.158801 113.268385 23.162036
113.28464 23.136526 113.261218 23.121494
113.281229 23.104917 113.246828 23.123578
113.267104 23.147134 113.27094 23.159351
113.240296 23.116416 113.28697 23.1376
113.268984 23.115671 113.308593 23.135081
113.240377 23.140329 113.275971 23.118961
113.257917 23.123819 113.287446 23.135005
113.249279 23.16332 113.262897 23.191514
113.262799 23.184282 113.248218 23.152957
113.325385 23.178555 113.248737 23.150429
113.267882 23.123525 113.317362 23.154864
113.267815 23.098042 113.25625 23.113714
113.270864 23.158441 113.265676 23.126195
113.28182 23.099096 113.313877 23.154776
113.315291 23.112234 113.313503 23.152682
113.261574 23.132462 113.229198 23.141343
113.270102 23.148238 113.245519 23.120256
113.254134 23.198247 113.245387 23.148616
113.316383 23.120958 113.235989 23.101908
113.262885 23.157265 113.269198 23.131784
113.326069 23.173066 113.247595 23.153803
113.299478 23.150678 113.330732 23.154452
113.249434 23.111649 113.262086 23.194701
113.256439 23.165512 113.322269 23.208767
113.307464 23.100595 113.312046 23.156809
113.289211 23.133738 113.261877 23.154474
113.289563 23.111128 113.266622 23.122875
113.300089 23.122108 113.268066 23.098793
113.268069 23.129978 113.312038 23.119884
113.244294 23.137165 113.30957 23.125113
113.282169 23.140833 113.312514 23.137372
113.248755 23.178632 113.231185 23.147013
113.275696 23.132811 113.316177 23.156843
113.304589 23.122297 113.263498 23.114201
113.30227 23.154053 113.286718 23.127336
113.242352 23.117572 113.256719 23.174382
113.254885 23.149087 113.326681 23.129921
113.248452 23.199475 113.229718 23.13464
113.259162 23.145569 113.273103 23.159799
113.278002 23.119996 113.315657 23.126099
113.26967 23.172974 113.27054 23.142593
113.252077 23.175673 113.255283 23.117759
113.259133 23.123464 113.287935 23.128339
113.329216 23.114168 113.280463 23.113997
113.228422 23.16768 113.245692 23.126382
113.294903 23.155538 113.325539 23.150282
113.271955 23.131332 113.31143 23.129307
113.293 23.117897 113.271761 23.121435
113.232682 23.134874 113.312511 23.154751
113.319456 23.134318 113.309002 23.133582
113.268388 23.149911 113.270236 23.12068
113.261257 23.143207 113.267426 23.118436
113.332437 23.139985 113.265428 23.166245
113.312942 23.136139 113.268046 23.138131
113.319813 23.126983 113.331875 23.144458
113.263401 23.114859 113.31438 23.145436
113.24748 23.20169 113.22627 23.133218
113.319465 23.147404 113.326802 23.167479
113.292043 23.112278 113.267244 23.120692
113.238448 23.145899 113.281752 23.125668
113.319499 23.115775 113.316297 23.15306
113.267195 23.097975 113.259024 23.114376
113.282553 23.115957 113.324454 23.12952
113.248488 23.15101 113.275087 23.143585
113.222733 23.164144 113.248942 23.120214
113.257515 23.182106 113.313603 23.154096
113.276991 23.103613 113.246925 23.124246
113.323127 23.186331 113.306676 23.151685
113.320571 23.15524 113.263929 23.168284
113.250648 23.162345 113.272647 23.197923
113.26679 23.207882 113.275959 23.127112
113.267759 23.17334 113.269018 23.14707
113.285825 23.148701 113.272098 23.138754
113.2808 23.151599 113.305701 23.136826
113.281869 23.139811 113.295985 23.137733
113.246773 23.131582 113.269186 23.135372
113.2598 23.160912 113.323146 23.208802
113.269249 23.157159 113.272037 23.129281
113.302251 23.143664 113.325095 23.164739
113.271862 23.136466 113.307607 23.128252
113.297677 23.147113 113.268165 23.164844
113.251214 23.155259 113.280679 23.147326
113.317047 23.114574 113.315083 23.155386
113.292398 23.131031 113.243524 23.135235
113.29956 23.131616 113.247156 23.113015
113.321561 23.133249 113.305181 23.128652
113.238949 23.119323 113.325749 23.11996
113.320799 23.179185 113.306434 23.157437
113.270921 23.103029 113.253285 23.115594
113.312613 23.139684 113.332476 23.122394
113.246288 23.127738 113.257009 23.183429
113.248829 23.173495 113.245651 23.202079
113.223905 23.161959 113.24647 23.125876
113.24678 23.163064 113.228567 23.114747
113.280426 23.147938 113.303203 23.136246
113.250811 23.12225 113.304459 23.145881
113.296215 23.15533 113.316102 23.187635
113.2522 23.202162 113.222818 23.129862
113.30692 23.136293 113.319139 23.154688
113.271908 23.184341 113.247545 23.15568
113.326916 23.149869 113.306437 23.153041
113.229809 23.139273 113.325585 23.136871
113.319599 23.136067 113.255259 23.121093
113.232163 23.142749 113.330284 23.137299
113.324908 23.174278 113.245041 23.152919
113.242737 23.124839 113.259783 23.184115
113.303838 23.103436 113.306735 23.149242
113.301903 23.143507 113.333268 23.167882
113.303292 23.12015 113.272096 23.109046
113.260823 23.12974 113.323635 23.130546
113.266387 23.138706 113.278425 23.204737
113.277373 23.142745 113.333121 23.130866
113.316889 23.145764 113.325295 23.161579
113.271782 23.119394 113.317368 23.128601
113.228291 23.152084 113.281737 23.135107
113.237287 23.12704 113.3295 23.118535
113.278111 23.10027 113.245762 23.121641
113.269006 23.125749 113.322252 23.130424
113.321298 23.159653 113.277743 23.125779
113.279067 23.121643 113.322167 23.124336
113.270277 23.129613 113.305744 23.136848
113.316596 23.128545 113.256483 23.120472
113.277494 23.10249 113.319656 23.155872
113.261628 23.154488 113.284117 23.143854
113.301037 23.112341 113.231599 23.130294
113.292334 23.153905 113.269931 23.147321
113.231592 23.149627 113.27663 23.13691
113.2716 23.138914 113.251959 23.121194
113.29033 23.129251 113.322839 23.123281
113.306818 23.146704 113.326105 23.126248
113.315293 23.124465 113.327887 23.14211
