113.2442 23.198963 113.224056 23.128233
113.283748 23.118299 113.241376 23.118053
113.267343 23.126089 113.31539 23.134768
113.320772 23.120025 113.240532 23.106201
113.312822 23.131183 113.320208 23.148682
113.267067 23.106446 113.260163 23.116057
113.321136 23.129369 113.255421 23.126777
113.240978 23.129683 113.313111 23.152277
113.301987 23.165081 113.264873 23.158888
113.272687 23.199987 113.303452 23.153734
113.296704 23.16385 113.270325 23.164365
113.261237 23.150455 113.228954 23.13655
113.286031 23.122641 113.257058 23.203366
113.263383 23.10196 113.258981 23.112325
113.255536 23.131365 113.224782 23.138649
113.311696 23.113903 113.279034 23.116147
113.243824 23.162954 113.269793 23.165032
113.269475 23.205835 113.307205 23.155687
113.323237 23.1622 113.27791 23.127251
113.257197 23.114722 113.317762 23.147242
113.243546 23.118915 113.253412 23.19596
113.306643 23.158197 113.325405 23.131879
113.291754 23.145489 113.262849 23.146095
113.262891 23.101529 113.258341 23.117215
113.22391 23.169279 113.23359 23.122996
113.266568 23.201131 113.275626 23.122259
113.244795 23.120015 113.304011 23.144929
113.266766 23.207622 113.24147 23.199213
113.31917 23.124078 113.325621 23.139613
113.272715 23.138533 113.273633 23.200844
113.264311 23.108241 113.317936 23.140218
113.323752 23.132168 113.277347 23.161772
113.300323 23.165549 113.266978 23.159594
113.225164 23.147313 113.3265 23.130201
113.262828 23.146485 113.272699 23.162334
113.250057 23.15968 113.270836 23.198123
113.288438 23.152029 113.272103 23.139746
113.263429 23.160858 113.274116 23.204962
113.285167 23.150576 113.271487 23.145072
113.25386 23.189656 113.257451 23.15636
113.25339 23.196389 113.251742 23.15376
113.270852 23.156182 113.270376 23.131368
113.320939 23.12125 113.234891 23.10375
113.310977 23.116546 113.317629 23.143052
113.295413 23.153996 113.31946 23.185847
113.307709 23.130937 113.222812 23.102571
113.303638 23.155866 113.330409 23.129183
113.252508 23.174121 113.245575 23.202374
113.314758 23.138583 113.329974 23.163481
113.255029 23.19139 113.248747 23.152645
113.247552 23.181135 113.262356 23.157713
113.265567 23.099167 113.254465 23.112061
113.323176 23.136267 113.247745 23.111103
113.282725 23.126807 113.320982 23.119637
113.305304 23.118161 113.272567 23.111769
113.25712 23.166297 113.318402 23.17367
113.302665 23.164759 113.271821 23.158883
113.234567 23.121645 113.323342 23.126918
113.247251 23.115241 113.257033 23.193938
113.231577 23.103242 113.3157 23.133759
113.266032 23.132746 113.312101 23.120157
113.254165 23.131943 113.244946 23.142649
113.248772 23.164842 113.26741 23.168156
113.326568 23.141256 113.268456 23.165132
113.295447 23.113854 113.231114 23.130714
113.247469 23.115927 113.25557 23.19337
113.262585 23.208059 113.281205 23.201342
113.315631 23.136819 113.299675 23.129445
113.26702 23.135527 113.312376 23.136944
113.267341 23.140365 113.252372 23.175622
113.27129 23.203295 113.306448 23.15745
113.259735 23.165039 113.261369 23.103829
113.251829 23.111155 113.256664 23.193742
113.298263 23.13835 113.276728 23.13786
113.271827 23.204433 113.282461 23.12186
113.297554 23.162854 113.26929 23.160232
113.317913 23.131331 113.24571 23.117581
113.248607 23.109022 113.262389 23.190904
113.225287 23.106772 113.323208 23.131382
113.235935 23.128946 113.303945 23.152781
113.268163 23.101535 113.254575 23.109723
113.242854 23.159389 113.228914 23.109627
113.243258 23.112818 113.261849 23.190526
113.224292 23.14123 113.329449 23.135044
113.257261 23.157939 113.228553 23.134995
113.316882 23.135036 113.308864 23.133386
113.28537 23.121039 113.239363 23.111973
113.255316 23.196078 113.246172 23.150627
113.26517 23.204529 113.305966 23.150245
113.250315 23.167572 113.265274 23.158521
113.266455 23.133691 113.310867 23.125156
113.223065 23.127002 113.249883 23.137638
113.294981 23.124337 113.264828 23.104256
113.283638 23.132204 113.261793 23.120549
113.273793 23.152123 113.312144 23.124848
113.267287 23.155941 113.268002 23.135171
113.252887 23.11159 113.320206 23.146028
113.293791 23.114649 113.231833 23.129262
113.290781 23.128681 113.259687 23.124226
113.284307 23.123229 113.256206 23.204633
113.250898 23.172842 113.248225 23.205361
113.323241 23.165583 113.278747 23.124409
113.25735 23.19927 113.280869 23.205137
113.224675 23.118942 113.26934 23.133112
113.266111 23.147892 113.267938 23.164587
113.252914 23.159615 113.255969 23.098412
113.299185 23.121925 113.265049 23.103029
113.317407 23.108634 113.314535 23.152887
113.297975 23.142328 113.325178 23.161226
113.326838 23.161326 113.317891 23.191648
113.292598 23.129265 113.3225 23.122797
113.295253 23.110293 113.229448 23.130516
113.261249 23.185969 113.314322 23.156803
113.273825 23.137062 113.314964 23.145811
113.259986 23.19523 113.251745 23.150125
113.317117 23.166651 113.2741 23.124769
113.259417 23.16089 113.317209 23.169829
113.289899 23.130104 113.247851 23.157005
113.316485 23.161248 113.27939 23.119088
113.328762 23.131701 113.241358 23.175683
113.253861 23.134466 113.327231 23.13183
113.299632 23.137683 113.250546 23.114888
113.251472 23.183268 113.230155 23.147389
113.222976 23.177205 113.24171 23.127509
113.237004 23.133896 113.312825 23.148929
113.304664 23.149322 113.329203 23.133545
113.263241 23.204534 113.273415 23.122596
113.249622 23.173705 113.246076 23.206666
113.321401 23.143875 113.324721 23.163075
113.282356 23.121202 113.315885 23.126009
113.31609 23.110871 113.323248 23.149778
113.25025 23.175636 113.244067 23.204996
113.255878 23.207011 113.294951 23.151498
113.262817 23.164636 113.317918 23.13813
113.318248 23.120034 113.330592 23.147198
113.265784 23.143836 113.245943 23.171239
113.271678 23.160286 113.276288 23.203184
113.330695 23.118902 113.322141 23.14185
113.249724 23.134206 113.306546 23.123376
113.325014 23.174399 113.243954 23.153599
113.328305 23.109489 113.275578 23.111707
113.281551 23.123329 113.315183 23.122302
113.252418 23.137148 113.280745 23.135728
113.317233 23.125943 113.325329 23.146365
113.29721 23.158713 113.263783 23.162353
113.290618 23.122923 113.236076 23.11331
113.266843 23.205056 113.307287 23.157997
113.297717 23.162981 113.269164 23.164532
113.289905 23.120357 113.236676 23.110453
113.260598 23.123704 113.287336 23.125321
113.304967 23.124847 113.223104 23.143082
113.264799 23.114101 113.306621 23.135967
113.239266 23.138042 113.307482 23.149554
113.304661 23.137963 113.317033 23.155721
113.30905 23.151818 113.332187 23.132003
113.308584 23.123481 113.286665 23.138485
113.267304 23.164315 113.319449 23.135386
113.265378 23.199402 113.237847 23.202842
113.242304 23.128439 113.311495 23.148447
113.319323 23.121879 113.325481 23.140757
113.298109 23.114439 113.230525 23.135578
113.310634 23.15818 113.330041 23.130599
113.277282 23.124608 113.308659 23.119603
113.301016 23.130661 113.244904 23.109108
113.279896 23.118599 113.316485 23.124535
113.302168 23.109911 113.226015 23.133326
113.253808 23.144401 113.265378 23.121358
113.293337 23.126462 113.272059 23.103888
113.245086 23.160948 113.224524 23.109284
113.264722 23.203883 113.282471 23.119707
113.331229 23.111795 113.281937 23.116793
113.314852 23.133757 113.254983 23.123721
113.281942 23.120674 113.314862 23.126826
113.296243 23.164478 113.267146 23.164765
113.316849 23.146644 113.332316 23.161234
113.253769 23.185954 113.317228 23.151663
113.244018 23.184444 113.225231 23.147697
113.32248 23.124643 113.328434 23.139704
113.269616 23.208835 113.30388 23.148519
113.266324 23.155609 113.267617 23.132141
113.257122 23.132459 113.223378 23.141751
113.301616 23.133855 113.245533 23.110495
113.279814 23.136264 113.259693 23.108359
113.281384 23.122628 113.309018 23.119001
113.317884 23.12203 113.241358 23.10099
113.247678 23.114622 113.254018 23.196661
113.25947 23.207725 113.3157 23.165102
113.32189 23.118983 113.240798 23.100623
113.247575 23.109875 113.261536 23.198391
113.293098 23.160164 113.269606 23.165521
113.292718 23.141503 113.259747 23.163522
113.314156 23.133369 113.279816 23.180488
113.321432 23.125144 113.32469 23.139014
113.303284 23.154558 113.327788 23.135699
113.244738 23.125607 113.253939 23.182877
113.2702 23.129958 113.312614 23.125761
113.234183 23.134355 113.30395 23.153061
113.250812 23.179266 113.231512 23.14127
113.275075 23.141076 113.268407 23.111387
113.258075 23.16677 113.321203 23.204606
113.281534 23.119108 113.316229 23.128042
113.249932 23.159661 113.268595 23.194693
113.331448 23.177635 113.247446 23.155511
113.309631 23.156359 113.325856 23.132124
113.283386 23.153979 113.263947 23.147821
113.330897 23.126441 113.317117 23.140996
113.258143 23.200681 113.280037 23.125634
113.263595 23.127526 113.230547 23.105516
113.243259 23.124482 113.255999 23.195006
113.320896 23.120415 113.329152 23.138945
113.270613 23.105373 113.25424 23.112032
113.278229 23.202753 113.247309 23.154306
113.271381 23.153378 113.263149 23.132651
113.310186 23.157781 113.325057 23.129763
113.247777 23.171139 113.244103 23.206166
113.259605 23.164288 113.315016 23.200403
113.307579 23.153014 113.32721 23.133822
113.262292 23.14446 113.269899 23.127849
113.318796 23.117916 113.316803 23.15141
113.317348 23.124488 113.233206 23.101319
113.321757 23.160251 113.279837 23.144263
113.247611 23.178367 113.256826 23.116929
113.278714 23.117396 113.327314 23.135135
113.251702 23.170722 113.255317 23.11412
113.244706 23.164427 113.271277 23.193719
113.323988 23.174101 113.244127 23.152379
113.273996 23.124425 113.316713 23.12257
113.243813 23.186502 113.225432 23.144381
113.289483 23.150669 113.272082 23.140828
113.286249 23.108499 113.265534 23.123886
113.223541 23.174113 113.235147 23.119471
113.242946 23.204862 113.228915 23.137679
113.263764 23.204975 113.235793 23.206387
113.236421 23.138359 113.274 23.124326
113.244638 23.207811 113.22292 23.138005
113.242044 23.135012 113.310769 23.149874
113.27375 23.148763 113.311393 23.131265
113.304863 23.137907 113.230682 23.100109
113.317305 23.141156 113.329068 23.1662
113.303425 23.133067 113.285897 23.126569
113.33116 23.121457 113.315017 23.143025
113.258856 23.175327 113.265151 23.196359
113.263927 23.158541 113.251557 23.111036
113.242497 23.142686 113.282372 23.127359
113.291166 23.108559 113.265638 23.12773
113.271194 23.200139 113.308468 23.15263
113.323958 23.108179 113.276151 23.109902
113.271179 23.16067 113.278415 23.207275
113.327097 23.156802 113.310861 23.155406
113.257589 23.165423 113.320499 23.174755
113.254535 23.188282 113.322067 23.152603
113.269743 23.141889 113.274753 23.208233
113.306387 23.149982 113.333345 23.131363
113.272546 23.137588 113.304655 23.123124
113.275348 23.153846 113.311733 23.136667
113.286955 23.112601 113.265422 23.12385
113.276771 23.122756 113.315638 23.123521
113.290765 23.111214 113.26415 23.124334
113.252257 23.203113 113.223918 23.130994
113.261647 23.205218 113.316253 23.16092
113.243293 23.174598 113.253214 23.109353
113.249112 23.205365 113.231878 23.132418
113.255037 23.180214 113.317945 23.156877
113.266537 23.102232 113.260431 23.117812
113.249916 23.112902 113.259592 23.192169
113.267166 23.102367 113.259577 23.109121
113.294694 23.11616 113.22612 23.131882
113.26984 23.200831 113.274029 23.126488
113.24333 23.116309 113.2534 23.195921
113.27124 23.144574 113.244252 23.177144
113.261662 23.16963 113.266678 23.192116
113.262542 23.156616 113.289238 23.146937
113.323032 23.158582 113.27609 23.14012
113.251008 23.163847 113.231231 23.11366
113.332027 23.163304 113.315373 23.195702
113.246548 23.201476 113.222446 23.128728
113.31806 23.120392 113.332918 23.140897
113.254707 23.157212 113.281258 23.135741
113.311068 23.128437 113.289561 23.126069
113.252675 23.169392 113.255184 23.11298
113.27966 23.147076 113.263941 23.108663
113.302325 23.125767 113.270014 23.102532
113.30261 23.132024 113.252053 23.112354
113.314064 23.129223 113.276399 23.18384
113.320161 23.116953 113.316756 23.152901
113.251587 23.163256 113.23063 23.110226
113.249764 23.204116 113.231829 23.136166
113.31884 23.165978 113.279424 23.140036
113.321956 23.167889 113.316517 23.133234
113.33177 23.124074 113.317238 23.139306
113.327748 23.131722 113.313379 23.150845
113.331787 23.148608 113.307766 23.15627
113.323416 23.13597 113.284282 23.128512
113.325152 23.129246 113.291771 23.130772
113.299795 23.159901 113.265485 23.161275
113.232197 23.142248 113.327529 23.13424
113.328348 23.108831 113.280678 23.108741
113.227407 23.123783 113.249782 23.130959
113.223006 23.098777 113.270851 23.10329
113.283388 23.146774 113.254207 23.159531
