113.295295 23.165512 113.266072 23.163873
113.276278 23.203548 113.272253 23.11379
113.297633 23.129548 113.25049 23.117469
113.285124 23.141463 113.261048 23.158649
113.289294 23.132779 113.315861 23.125238
113.228411 23.148667 113.276695 23.133395
113.314442 23.169341 113.310088 23.134473
113.298188 23.137562 113.248424 23.115137
113.300108 23.147192 113.323364 23.165647
113.262565 23.13855 113.264317 23.12165
113.23526 23.145268 113.27681 23.126182
113.301981 23.158188 113.316746 23.182399
113.326014 23.17751 113.249638 23.151853
113.222529 23.142169 113.326511 23.135679
113.331344 23.176419 113.245886 23.150993
113.228872 23.171228 113.237401 23.11894
113.231881 23.157677 113.282363 23.135486
113.318308 23.125042 113.326726 23.142022
113.317437 23.119214 113.236875 23.101381
113.266024 23.115602 113.307656 23.131962
113.305212 23.13787 113.242591 23.115515
113.257624 23.152391 113.328355 23.136882
113.254972 23.207889 113.319937 23.159896
113.301785 23.165342 113.266634 23.160917
113.282473 23.147038 113.253519 23.184705
113.228235 23.106049 113.270398 23.099478
113.318068 23.155376 113.280298 23.152768
113.317469 23.17694 113.311196 23.133206
113.266027 23.140655 113.244846 23.125196
113.264128 23.159962 113.292366 23.136378
113.31664 23.163594 113.315969 23.129988
113.294527 23.138575 113.327953 23.166771
113.316869 23.131127 113.257583 23.118971
113.301946 23.156736 113.283827 23.124044
113.271047 23.206499 113.239046 23.205663
113.248236 23.208853 113.223687 23.137613
113.27801 23.147613 113.257503 23.185524
113.252212 23.182961 113.227066 23.139962
113.281161 23.151228 113.308004 23.127851
113.265289 23.166709 113.319029 23.131861
113.26124 23.158281 113.274182 23.137932
113.271787 23.161552 113.287142 23.13079
113.235016 23.116371 113.289207 23.136966
113.30114 23.152307 113.320264 23.183144
113.29219 23.12013 113.239085 23.116838
113.307546 23.155393 113.323754 23.131752
113.256951 23.154725 113.284217 23.144509
113.302475 23.130164 113.244121 23.109162
113.272333 23.178272 113.26956 23.145687
113.262692 23.139112 113.266348 23.123415
113.317277 23.167189 113.281542 23.141249
113.265725 23.20433 113.237928 23.206536
113.257337 23.128658 113.33308 23.133752
113.290167 23.113411 113.266469 23.12346
113.311271 23.132897 113.22795 23.100895
113.325517 23.125313 113.317076 23.147036
113.33015 23.119014 113.320633 23.14083
113.247454 23.176767 113.257795 23.108178
113.244793 23.171284 113.259915 23.117605
113.265865 23.162662 113.32202 23.135467
113.291256 23.135521 113.259125 23.155407
113.229282 23.165301 113.24607 23.127854
113.272483 23.100371 113.257672 23.117147
113.255287 23.158837 113.316184 23.206157
113.326451 23.137244 113.323009 23.150074
113.309363 23.132893 113.326513 23.118729
113.330712 23.137567 113.250863 23.13261
113.26644 23.167617 113.317303 23.130409
113.310072 23.144753 113.326062 23.122685
113.266736 23.164611 113.251018 23.112446
113.230925 23.16668 113.24919 23.122798
113.283887 23.129204 113.251839 23.130193
113.254701 23.193971 113.243977 23.158104
113.279288 23.147064 113.271575 23.10434
113.319732 23.133754 113.299669 23.135017
113.308049 23.100886 113.310234 23.151267
113.224456 23.123861 113.255579 23.123186
113.228427 23.106774 113.31711 23.132153
113.299185 23.140062 113.27397 23.129888
113.253307 23.140541 113.270603 23.118779
113.227062 23.107242 113.269691 23.103776
113.265836 23.138099 113.256614 23.161059
113.276295 23.156394 113.309612 23.122333
113.285848 23.13001 113.253994 23.157515
113.226081 23.123151 113.267575 23.134082
113.31148 23.1267 113.290617 23.144894
113.248936 23.130434 113.31893 23.142386
113.258249 23.140344 113.27286 23.165676
113.304197 23.10535 113.30385 23.152125
113.227411 23.098049 113.319199 23.131273
113.269228 23.114412 113.313571 23.142535
113.26799 23.174635 113.271535 23.146626
113.276239 23.135512 113.314225 23.140791
113.274348 23.124796 113.306167 23.118693
113.273876 23.133663 113.317266 23.154341
113.236129 23.124828 113.281496 23.128833
113.225485 23.123484 113.252118 23.129305
113.331063 23.135819 113.289021 23.131169
113.261589 23.131611 113.328925 23.128266
113.284291 23.112704 113.266349 23.119634
113.299423 23.13873 113.279743 23.133178
113.287343 23.138977 113.270959 23.139878
113.250312 23.18802 113.253615 23.154352
113.278548 23.137534 113.317365 23.14525
113.245176 23.132497 113.268424 23.139004
113.264396 23.121403 113.315845 23.136016
113.267756 23.156693 113.264884 23.131439
113.296493 23.139113 113.324508 23.159931
113.262222 23.166799 113.314872 23.175413
113.292835 23.123949 113.237042 23.111232
113.24254 23.145791 113.275377 23.124712
113.308009 23.110636 113.278232 23.113771
113.268883 23.164789 113.24852 23.111371
113.298971 23.138591 113.270902 23.162901
113.24952 23.133047 113.253129 23.100186
113.240455 23.126282 113.279471 23.134788
113.268863 23.149537 113.268694 23.135368
113.23233 23.138323 113.32452 23.128832
113.257694 23.141018 113.269997 23.126382
113.256683 23.125618 113.290563 23.126608
113.265081 23.153898 113.270318 23.125253
113.321016 23.154099 113.277293 23.156754
113.329975 23.169594 113.24445 23.150703
113.264594 23.15978 113.283602 23.133174
113.224495 23.173221 113.235622 23.121504
113.289819 23.108045 113.263782 23.124755
113.253826 23.145107 113.266915 23.125764
113.231391 23.100338 113.315414 23.13317
113.267038 23.129621 113.310697 23.134711
113.329235 23.129259 113.244338 23.136828
113.226889 23.121189 113.246136 23.137846
113.230265 23.127026 113.26448 23.12963
113.312897 23.112281 113.275946 23.111514
113.264366 23.159217 113.290002 23.13224
113.326343 23.177019 113.247151 23.155401
113.308923 23.124201 113.225724 23.140827
113.260328 23.131507 113.22419 23.147781
113.32809 23.177775 113.243441 23.151241
113.222908 23.10025 113.315847 23.130028
113.309382 23.109396 113.273113 23.108214
113.252489 23.166021 113.272815 23.198083
113.284279 23.122092 113.255811 23.203326
113.232535 23.122265 113.282195 23.136925
113.273235 23.147918 113.295272 23.133324
113.282627 23.145996 113.327967 23.130982
113.329201 23.173425 113.251668 23.150688
113.223214 23.098505 113.321256 23.137255
113.223975 23.149573 113.281965 23.13604
113.30455 23.108057 113.319334 23.14035
113.295705 23.149076 113.287829 23.120072
113.2579 23.137732 113.332983 23.134308
113.263997 23.171269 113.269892 23.147008
113.228865 23.148808 113.281739 23.134716
113.26528 23.14783 113.243689 23.172226
113.287497 23.141818 113.263119 23.14611
113.263556 23.1647 113.244959 23.116633
113.270028 23.201132 113.237931 23.203244
113.331573 23.128505 113.236425 23.174487
113.251586 23.173976 113.250572 23.201316
113.298074 23.122676 113.266172 23.10183
113.325803 23.134898 113.255094 23.112758
113.293514 23.152151 113.320292 23.184067
113.228354 23.149338 113.280008 23.131636
113.302354 23.161159 113.270011 23.165166
113.228674 23.154697 113.273809 23.136047
113.265795 23.133434 113.312054 23.127236
113.261635 23.142826 113.282072 23.159765
113.2951 23.134255 113.249371 23.110734
113.253318 23.134737 113.24304 23.140066
113.300576 23.165818 113.263938 23.162454
113.281974 23.204286 113.243747 23.148375
113.250738 23.135872 113.311344 23.125053
113.247731 23.182317 113.226165 23.140369
113.255128 23.161445 113.319639 23.199527
113.269653 23.1092 113.31931 23.145419
113.242762 23.180332 113.229856 23.142075
113.273953 23.138976 113.257895 23.179356
113.274342 23.14634 113.329243 23.10704
113.225742 23.143303 113.32583 23.132109
113.249844 23.170722 113.249322 23.204725
113.298634 23.164412 113.265771 23.164982
113.280835 23.123219 113.318333 23.120427
113.247909 23.181262 113.259093 23.155119
113.248255 23.181066 113.253608 23.152858
113.23798 23.145189 113.274851 23.119181
113.231323 23.104522 113.268447 23.102216
113.239619 23.126881 113.273716 23.134925
113.265907 23.136179 113.303335 23.137513
113.286609 23.155941 113.269422 23.142826
113.306843 23.103416 113.310757 23.155786
113.290434 23.134367 113.246638 23.129459
113.252349 23.118389 113.252722 23.19639
113.278692 23.146359 113.323429 23.10647
113.332695 23.127756 113.318876 23.139338
113.249226 23.201066 113.230125 23.132293
113.249367 23.170205 113.260058 23.117691
113.225441 23.126737 113.257666 23.161325
113.30311 23.132857 113.243157 23.114501
113.267271 23.143194 113.248129 23.121108
113.280247 23.1472 113.300498 23.135113
113.27102 23.160564 113.317458 23.134498
113.225724 23.151244 113.276379 23.130963
113.230846 23.146143 113.327868 23.13661
113.24925 23.188407 113.226342 23.143029
113.242687 23.165271 113.23068 23.109106
113.267078 23.206756 113.237589 23.20384
113.278786 23.154242 113.312342 23.119144
113.223681 23.163066 113.248733 23.127878
113.250232 23.184807 113.227751 23.143003
113.307098 23.118732 113.266153 23.115069
113.271429 23.169354 113.272564 23.146716
113.223681 23.167161 113.249103 23.120911
113.259498 23.163316 113.258609 23.101611
113.262429 23.143608 113.28269 23.165191
113.269727 23.14372 113.251255 23.123853
113.258345 23.185106 113.319898 23.157709
113.222788 23.121608 113.26461 23.136239
113.325734 23.128502 113.251721 23.133647
113.297106 23.151096 113.319876 23.18649
113.270857 23.105288 113.258756 23.109621
113.276465 23.100753 113.249566 23.121358
113.26265 23.111057 113.321418 23.148087
113.271686 23.127563 113.321678 23.152917
113.275237 23.129142 113.320362 23.138473
113.25645 23.205509 113.299119 23.157613
113.223178 23.12173 113.269312 23.129282
113.266336 23.149645 113.270061 23.125934
113.272657 23.159559 113.291644 23.132749
113.291169 23.115726 113.272248 23.127034
113.270845 23.204189 113.306047 23.151596
113.230205 23.105268 113.317419 23.137836
113.253762 23.112533 113.321123 23.1435
113.270279 23.138889 113.264586 23.1628
113.323085 23.185053 113.310632 23.149992
113.254316 23.146706 113.271777 23.126956
113.246878 23.175434 113.249252 23.207527
113.278539 23.145852 113.306911 23.132755
113.282207 23.149519 113.311183 23.13461
113.278886 23.098463 113.320129 23.148938
113.325567 23.13501 113.313589 23.15027
113.272862 23.205776 113.264085 23.115971
113.25186 23.180002 113.255105 23.155534
113.29682 23.123645 113.270749 23.104912
113.277874 23.14958 113.304798 23.120053
113.227969 23.125908 113.259592 23.127298
113.257883 23.13888 113.263217 23.126189
113.325158 23.108358 113.273367 23.11635
113.322812 23.129833 113.307983 23.12881
113.234357 23.122307 113.278587 23.134382
113.27363 23.119718 113.318925 23.120542
113.268082 23.106151 113.260758 23.116524
113.271277 23.12228 113.319887 23.150572
113.232097 23.148731 113.282746 23.132957
113.261893 23.109741 113.288298 23.141351
113.223415 23.14321 113.330146 23.135896
113.316905 23.187696 113.313084 23.15716
113.330702 23.12212 113.316621 23.14576
113.228967 23.173135 113.237768 23.119797
113.267468 23.112011 113.320353 23.144659
113.260837 23.113151 113.320221 23.140934
113.280698 23.134635 113.323233 23.13955
113.305268 23.127504 113.272027 23.11462
113.27721 23.152748 113.308462 23.124214
113.307953 23.105784 113.306524 23.149688
113.294537 23.152691 113.329476 23.151399
113.270226 23.144464 113.24531 23.121402
113.250144 23.129502 113.263753 23.142631
113.231173 23.139071 113.329699 23.137147
113.244973 23.173913 113.258511 23.112333
113.28973 23.122722 113.309491 23.153353
113.230868 23.100122 113.319831 23.137517
113.297608 23.122593 113.266024 23.101317
113.302769 23.128116 113.271914 23.102553
113.242629 23.184017 113.228168 23.14155
113.23002 23.126742 113.245928 23.136382
113.266364 23.177449 113.265258 23.144703
113.305675 23.112843 113.280849 23.113863
113.248636 23.177723 113.249864 23.205998
113.297506 23.158573 113.266604 23.162462
113.223692 23.11949 113.24795 23.131675
113.29934 23.168309 113.272263 23.167014
113.289131 23.125653 113.240001 23.110965
113.252103 23.167041 113.264424 23.159137
113.255122 23.10891 113.29069 23.139636
113.30586 23.099615 113.309253 23.152114
113.295813 23.124496 113.264563 23.103974
113.333334 23.126591 113.318471 23.141092
113.282877 23.199863 113.251186 23.155674
113.222861 23.127658 113.255162 23.16313
113.293291 23.16795 113.266173 23.164105
113.253317 23.138909 113.265002 23.122704
113.289865 23.125294 113.311012 23.151463
113.279075 23.140168 113.253111 23.187791
113.270922 23.111248 113.322645 23.14613
113.274029 23.140065 113.31076 23.134825
113.332235 23.128646 113.286076 23.138024
113.243427 23.127556 113.303814 23.140645
113.248171 23.158916 113.267365 23.196995
113.295192 23.108283 113.229602 23.135632
113.264801 23.112382 113.321905 23.14763
