113.268899 23.143572 113.269003 23.167921
113.262105 23.124095 113.318525 23.154315
113.243195 23.158354 113.280768 23.146716
113.25064 23.127185 113.258056 23.187351
113.330569 23.11868 113.319769 23.146121
113.26414 23.157965 113.268075 23.132496
113.224324 23.098756 113.316761 23.131342
113.270041 23.182995 113.24663 23.148801
113.251637 23.158212 113.263273 23.147551
113.259625 23.125662 113.286756 23.127493
113.328065 23.173158 113.243344 23.151414
113.296066 23.158589 113.264794 23.166778
113.251248 23.123893 113.255237 23.194365
113.301309 23.111924 113.226635 23.13663
113.313042 23.156861 113.326383 23.13685
113.285612 23.14055 113.253184 23.163408
113.280721 23.15169 113.307306 23.128045
113.262057 23.173212 113.2726 23.192744
113.333313 23.167441 113.320177 23.195096
113.303486 23.115052 113.318712 23.145659
113.319058 23.169457 113.310835 23.135999
113.251785 23.188132 113.22308 23.147293
113.261671 23.187256 113.316429 23.158311
113.30756 23.115532 113.317929 23.141134
113.272553 23.113168 113.320071 23.138873
113.274999 23.142401 113.329478 23.101718
113.27759 23.116796 113.325319 23.138095
113.235928 23.110977 113.233556 23.141253
113.321923 23.18571 113.305329 23.151433
113.244733 23.203314 113.231719 23.131075
113.322194 23.13723 113.256544 23.121275
113.258241 23.166602 113.25314 23.106127
113.237822 23.110402 113.262295 23.177477
113.301477 23.117558 113.223921 23.136499
113.307346 23.129906 113.326994 23.122099
113.263448 23.177061 113.271781 23.145617
113.277383 23.138326 113.276976 23.120377
113.275329 23.126066 113.321822 23.119153
113.268785 23.11884 113.227085 23.103204
113.260138 23.190886 113.254774 23.152033
113.249016 23.158612 113.271027 23.165876
113.228098 23.155457 113.275311 23.137068
113.310164 23.142125 113.286095 23.127312
113.316597 23.118189 113.331986 23.146503
113.239094 23.141616 113.274797 23.121274
113.314065 23.184799 113.304485 23.15584
113.295347 23.116357 113.230388 23.136337
113.270912 23.160243 113.244761 23.114691
113.265947 23.113437 113.312319 23.13711
113.249699 23.178772 113.229787 23.146777
113.306408 23.137957 113.320562 23.15674
113.308871 23.10694 113.308611 23.148893
113.326302 23.171628 113.246025 23.150712
113.264994 23.207781 113.2828 23.12589
113.2283 23.102947 113.313472 23.137889
113.256032 23.147107 113.282552 23.158571
113.231648 23.172777 113.234742 23.120292
113.232868 23.11918 113.273043 23.135006
113.269516 23.112929 113.32105 23.138697
113.26535 23.183569 113.245401 23.151018
113.329038 23.176122 113.247646 23.154896
113.313931 23.112561 113.320761 23.150163
113.327414 23.115168 113.281796 23.114272
113.304717 23.153305 113.326641 23.130155
113.29985 23.111985 113.230117 23.130702
113.312141 23.112638 113.314977 23.146844
113.282328 23.157042 113.305243 23.127391
113.308968 23.144939 113.279561 23.102658
113.295927 23.148474 113.291614 23.124623
113.330436 23.15291 113.300735 23.128814
113.267944 23.206396 113.276124 23.118842
113.244143 23.172183 113.257204 23.116743
113.330112 23.174577 113.246711 23.148929
113.224327 23.170478 113.242508 23.125932
113.304755 23.149019 113.324886 23.131225
113.223837 23.167902 113.247773 23.120958
113.260043 23.153067 113.284656 23.140706
113.332528 23.178284 113.244859 23.152282
113.305666 23.147664 113.33075 23.119075
113.276876 23.139814 113.258846 23.181065
113.226169 23.155439 113.281468 23.133746
113.224495 23.102055 113.267955 23.101826
113.297667 23.108682 113.228765 23.13259
113.326916 23.146459 113.271192 23.162377
113.272984 23.143898 113.332377 23.106708
113.25169 23.182636 113.262112 23.150082
113.327374 23.159929 113.316242 23.188835
113.270072 23.114345 113.310107 23.128711
113.261453 23.168309 113.320222 23.169525
113.234486 23.140325 113.275148 23.125456
113.300193 23.127841 113.268123 23.107609
113.250038 23.119456 113.258018 23.197531
113.27992 23.154917 113.304591 23.121198
113.303996 23.09807 113.308143 23.151713
113.253073 23.187958 113.316201 23.158141
113.265588 23.137462 113.30688 23.138007
113.262149 23.15676 113.324456 23.131749
113.240624 23.111499 113.235425 23.147817
113.291403 23.156614 113.263148 23.143418
113.251313 23.134252 113.263793 23.142547
113.237378 23.147332 113.275749 23.119762
113.248052 23.180981 113.258643 23.152486
113.320123 23.188436 113.312103 23.152265
113.284159 23.128981 113.318729 23.119125
113.256309 23.197653 113.257402 23.151862
113.249779 23.171154 113.245972 23.201959
113.236499 23.146087 113.274757 23.125316
113.232555 23.131263 113.307631 23.149263
113.230992 23.163277 113.250752 23.121558
113.301099 23.15404 113.327995 23.151874
113.265153 23.120752 113.320296 23.131025
113.293933 23.131638 113.251135 23.111166
113.297233 23.1145 113.222804 23.132023
113.247216 23.160756 113.229805 23.109641
113.254396 23.110214 113.283531 23.147924
113.316397 23.144644 113.324487 23.159107
113.281924 23.106828 113.317729 23.15674
113.313028 23.14077 113.278009 23.102233
113.239553 23.125522 113.278309 23.134991
113.29227 23.148935 113.264262 23.141048
113.332373 23.11183 113.274567 23.108372
113.231048 23.169841 113.236993 23.119827
113.293503 23.143959 113.279839 23.128592
113.297002 23.116815 113.225892 23.136573
113.264439 23.10276 113.2599 23.115769
113.322942 23.118055 113.320502 23.157395
113.269705 23.152202 113.265683 23.133024
113.292701 23.157407 113.266769 23.146525
113.240921 23.112099 113.286269 23.137524
113.327318 23.139794 113.27159 23.16159
113.247366 23.18609 113.260395 23.156645
113.232607 23.120504 113.330332 23.119061
113.226644 23.098076 113.318336 23.134676
113.324315 23.124691 113.317475 23.145582
113.286384 23.150274 113.271909 23.148166
113.249736 23.198967 113.222838 23.129768
113.299452 23.146531 113.28194 23.133108
113.32287 23.185938 113.311505 23.148742
113.245567 23.186434 113.252793 23.149218
113.280184 23.137137 113.317755 23.15079
113.248542 23.173589 113.255159 23.112319
113.317896 23.111156 113.322992 23.156334
113.310035 23.142053 113.274915 23.136177
113.309125 23.153769 113.327583 23.130599
113.296326 23.140884 113.2637 23.163048
113.293051 23.117362 113.222489 23.134959
113.269842 23.119378 113.313937 23.148764
113.251082 23.179557 113.260315 23.154816
113.248505 23.201564 113.223311 23.136127
113.230242 23.121577 113.259959 23.119891
113.229595 23.174612 113.241914 23.12683
113.238912 23.110548 113.289308 23.13608
113.32031 23.163006 113.274256 23.146496
113.25643 23.140362 113.279798 23.167166
113.299486 23.140425 113.267023 23.168253
113.24905 23.203959 113.232417 23.132831
113.320524 23.123 113.233621 23.107531
113.268512 23.103492 113.255937 23.115136
113.332758 23.116698 113.273922 23.11602
113.262893 23.101077 113.258747 23.116856
113.300887 23.155228 113.317226 23.184589
113.231415 23.1605 113.24279 23.123993
113.280578 23.204015 113.252138 23.154896
113.28047 23.1123 113.329564 23.128971
113.229262 23.148555 113.280689 23.137536
113.28229 23.114826 113.332365 23.132479
113.295925 23.112038 113.227655 23.133426
113.274946 23.105778 113.249366 23.120215
113.231472 23.099439 113.316872 23.133752
113.302394 23.150161 113.283135 23.127857
113.308625 23.147496 113.278925 23.133429
113.268588 23.149745 113.26426 23.134775
113.226562 23.171602 113.232527 23.123533
113.314943 23.147011 113.33066 23.16459
113.293165 23.131868 113.249562 23.11644
113.230819 23.176595 113.234671 23.126912
113.263374 23.147895 113.247045 23.172305
113.311468 23.142387 113.282451 23.131211
113.257215 23.127492 113.319204 23.151135
113.259354 23.112821 113.316231 23.147226
113.225119 23.155751 113.275106 23.133829
113.28604 23.153711 113.265577 23.14463
113.273644 23.114922 113.331178 23.131172
113.243136 23.131592 113.274733 23.130161
113.295269 23.153397 113.329767 23.157637
113.315501 23.177041 113.312865 23.130466
113.264897 23.172424 113.263145 23.144791
113.261055 23.150386 113.273873 23.136704
113.259028 23.155134 113.287395 23.143846
113.296169 23.148616 113.314104 23.187716
113.32096 23.167692 113.277671 23.125646
113.30772 23.150037 113.328188 23.135127
113.239378 23.114931 113.239615 23.14011
113.230317 23.149036 113.276662 23.132173
113.29423 23.117538 113.229624 23.129802
113.242486 23.128916 113.305964 23.155115
113.315589 23.143768 113.327219 23.164405
113.274778 23.199108 113.263859 23.116329
113.289434 23.148036 113.264676 23.144624
113.304994 23.127447 113.272044 23.111716
113.296803 23.115126 113.226854 23.135344
113.246664 23.180007 113.253817 23.157142
113.227768 23.127213 113.26724 23.129915
113.245233 23.173423 113.248233 23.204081
113.252517 23.167615 113.223974 23.110335
113.243265 23.202147 113.227598 23.13338
113.264642 23.102217 113.25805 23.11727
113.320831 23.162362 113.279547 23.144552
113.256186 23.130164 113.23004 23.139211
113.263048 23.110592 113.320751 23.140614
113.244058 23.18744 113.256191 23.152758
113.299712 23.149615 113.32819 23.152652
113.307137 23.145119 113.285633 23.119758
113.247948 23.128091 113.254122 23.193496
113.323199 23.142037 113.332778 23.16173
113.276544 23.142745 113.325897 23.103527
113.242693 23.208596 113.227922 23.130787
113.327966 23.141562 113.266288 23.162214
113.30605 23.105773 113.31169 23.156306
113.244074 23.177283 113.259486 23.113985
113.249249 23.138117 113.316347 23.145939
113.242665 23.183674 113.254972 23.158072
113.261112 23.125658 113.321555 23.155943
113.244807 23.169619 113.24438 23.200303
113.274774 23.140346 113.325695 23.135234
113.245782 23.169565 113.244495 23.207859
113.265134 23.145428 113.249138 23.175076
113.328323 23.1769 113.252341 23.150818
113.320524 23.146078 113.332549 23.162313
113.242852 23.203485 113.226944 23.132761
113.30741 23.154576 113.329091 23.132294
113.23117 23.174949 113.239188 23.12406
113.238983 23.132231 113.311705 23.155059
113.297172 23.154982 113.288025 23.124166
113.240117 23.123729 113.324926 23.124071
113.297135 23.112001 113.229435 23.131413
113.264679 23.098213 113.255166 23.11046
113.270498 23.146378 113.251942 23.175053
113.322593 23.11147 113.317148 23.148791
113.327924 23.157117 113.300944 23.134773
113.331256 23.125062 113.316797 23.140333
113.278747 23.108976 113.244807 23.111363
113.244283 23.163993 113.266126 23.159761
113.237268 23.114543 113.235091 23.147169
113.290683 23.136749 113.317716 23.121792
113.252653 23.157425 113.28154 23.148309
113.309333 23.109753 113.281915 23.11188
113.2986 23.14865 113.316362 23.185027
113.254788 23.196447 113.243681 23.149187
113.256422 23.141711 113.27668 23.167141
113.256673 23.164171 113.319198 23.206865
113.317116 23.185375 113.305106 23.156093
113.305196 23.146493 113.284172 23.123309
113.274152 23.153839 113.312456 23.122137
113.258007 23.134574 113.244734 23.142588
113.31282 23.14761 113.274343 23.137538
113.310645 23.113661 113.27622 23.113582
113.279084 23.131245 113.321466 23.120952
113.262791 23.158571 113.288378 23.132893
113.29715 23.109104 113.223557 23.136734
113.322997 23.135516 113.293362 23.128904
113.248347 23.12151 113.261972 23.186029
113.223706 23.122377 113.256035 23.159189
113.231954 23.160083 113.245628 23.121988
113.314923 23.117161 113.317133 23.15237
113.313948 23.122896 113.326957 23.14451
113.259582 23.163973 113.317842 23.206222
113.259925 23.138675 113.276125 23.163311
113.273075 23.143386 113.29382 23.131429
113.28149 23.199685 113.263924 23.108121
113.293795 23.163159 113.271023 23.165761
113.261356 23.203696 113.278583 23.199971
113.268254 23.119097 113.314167 23.149066
113.30771 23.146221 113.282039 23.136068
113.26288 23.173476 113.265472 23.139458
113.308602 23.104121 113.307118 23.150276
113.248908 23.208151 113.227087 23.132072
113.260455 23.164678 113.261049 23.106693
113.257693 23.195204 113.246017 23.152654
113.288882 23.112153 113.263915 23.124371
113.284276 23.150794 113.265045 23.145008
113.2707 23.16084 113.318598 23.130226
113.26831 23.11037 113.305382 23.131351
113.308635 23.144323 113.282064 23.098306
113.233805 23.129157 113.307679 23.151988
113.272187 23.143087 113.244071 23.127422
113.264877 23.16546 113.277079 23.206472
113.269346 23.114591 113.322117 23.146367
113.265293 23.125879 113.223898 23.103243
113.321289 23.170678 113.30902 23.134668
113.251214 23.120512 113.254074 23.18187
113.321029 23.128854 113.251623 23.110612
113.234737 23.111424 113.258392 23.173455
113.332612 23.131126 113.28095 23.165732
113.245168 23.174469 113.258342 23.109835
113.297501 23.125149 113.269961 23.104113
113.297239 23.156314 113.291328 23.122985
113.28229 23.140072 113.332004 23.102877
113.322231 23.161734 113.279773 23.140113
113.266055 23.147321 113.249177 23.176584
