113.324335 23.169628 113.252631 23.156659
113.269038 23.160545 113.25103 23.113853
113.247312 23.134613 113.26409 23.132685
113.296445 23.114614 113.230381 23.129543
113.243693 23.163881 113.270913 23.192803
113.249312 23.133255 113.26442 23.132735
113.251224 23.200691 113.230685 23.132242
113.310145 23.139231 113.273491 23.107628
113.272955 23.13381 113.322484 23.140498
113.262242 23.185206 113.319221 23.151923
113.230448 23.163843 113.244238 23.123365
113.235848 23.124591 113.276968 23.135657
113.258505 23.155934 113.32974 23.131212
113.254884 23.191197 113.245257 23.157782
113.261994 23.148558 113.27604 23.130132
113.247044 23.180978 113.229299 23.146835
113.250872 23.187243 113.25468 23.152088
113.301704 23.117712 113.223926 23.128242
113.251229 23.135813 113.276361 23.137656
113.313402 23.178093 113.308187 23.134774
113.2677 23.205338 113.240714 23.205765
113.229409 23.159808 113.247193 23.125319
113.235223 23.137859 113.31134 23.156306
113.313423 23.123421 113.329844 23.143319
113.254491 23.161301 113.317214 23.205097
113.260684 23.197608 113.25354 23.153096
113.241625 23.134239 113.310539 23.150752
113.315226 23.154238 113.312562 23.136903
113.278978 23.106843 113.313852 23.149638
113.306726 23.143408 113.284841 23.124581
113.241819 23.127526 113.325486 23.118552
113.301096 23.164541 113.269252 23.164179
113.29096 23.114721 113.264804 23.120141
113.23102 23.1247 113.262577 23.119461
113.245745 23.121547 113.261891 23.181412
113.251749 23.122666 113.311004 23.147325
113.299123 23.121397 113.263552 23.106699
113.228343 23.152277 113.281441 23.132825
113.303858 23.101073 113.304768 23.156338
113.280026 23.143451 113.263323 23.110516
113.308564 23.148592 113.325445 23.135299
113.253455 23.186911 113.322909 23.151267
113.258305 23.114192 113.321517 23.145999
113.273474 23.139879 113.32526 23.134488
113.300183 23.14024 113.276928 23.128631
113.243045 23.138251 113.263668 23.134287
113.274986 23.204711 113.252497 23.157528
113.260857 23.202254 113.272887 23.199547
113.315319 23.173784 113.310547 23.133005
113.304331 23.131323 113.264147 23.137014
113.263859 23.170104 113.270825 23.142167
113.319765 23.111784 113.316087 23.158254
113.291675 23.11127 113.265939 23.118897
113.275932 23.142833 113.25488 23.187596
113.264868 23.112766 113.315815 23.145272
113.228758 23.154874 113.279066 23.130163
113.320548 23.122032 113.237883 23.098485
113.266606 23.15692 113.270891 23.118148
113.222818 23.16854 113.250254 23.124565
113.265609 23.130235 113.254274 23.159291
113.296039 23.136416 113.250607 23.116632
113.259183 23.159963 113.31493 23.174321
113.296547 23.167337 113.267903 23.160161
113.260294 23.14435 113.264302 23.119718
113.288837 23.138291 113.268031 23.141119
113.320925 23.177475 113.312508 23.136946
113.227387 23.141595 113.33127 23.129247
113.247539 23.206395 113.225619 23.129277
113.277503 23.116849 113.332227 23.128737
113.3285 23.177207 113.246761 23.150846
113.237719 23.129663 113.310386 23.154203
113.294265 23.167734 113.269494 23.160223
113.291397 23.141743 113.267432 23.138907
113.267259 23.112889 113.316731 23.147531
113.281884 23.125349 113.304939 23.12237
113.313443 23.169244 113.306339 23.132549
113.267315 23.20193 113.281232 23.126058
113.322948 23.151653 113.25987 23.166154
113.285993 23.11398 113.269844 23.121867
113.301189 23.111115 113.22301 23.130224
113.248954 23.128586 113.277998 23.129594
113.27955 23.121529 113.320761 23.120207
113.253977 23.188499 113.314063 23.15545
113.282275 23.149931 113.303764 23.134981
113.321662 23.188621 113.310851 23.153298
113.309374 23.150553 113.332791 23.136937
113.233498 23.142291 113.282651 23.118842
113.28259 23.154733 113.308446 23.125508
113.276905 23.201001 113.268905 23.108257
113.323359 23.119947 113.317599 23.144193
113.29774 23.123702 113.267393 23.098875
113.29994 23.16827 113.268548 23.167606
113.267674 23.116042 113.32215 23.142157
113.298162 23.121938 113.272647 23.104829
113.234304 23.132419 113.310395 23.149348
113.283589 23.108571 113.268957 23.123055
113.266567 23.173835 113.264837 23.145581
113.290927 23.119769 113.310931 23.158097
113.241282 23.126281 113.274507 23.135138
113.300503 23.161944 113.269269 23.163935
113.269441 23.201485 113.311409 23.158356
113.229353 23.153661 113.277243 23.131597
113.266513 23.144479 113.24291 23.176093
113.291087 23.145213 113.264379 23.139091
113.298501 23.125657 113.270078 23.099075
113.290267 23.147054 113.252872 23.162606
113.262711 23.180102 113.317183 23.148474
113.325729 23.176429 113.251123 23.156689
113.287171 23.114552 113.263832 23.127254
113.255944 23.144336 113.270127 23.127274
113.309398 23.130346 113.32519 23.119338
113.248274 23.122678 113.255556 23.187872
113.313271 23.114662 113.321293 23.152963
113.265012 23.115435 113.310967 23.130466
113.259894 23.14907 113.324565 23.13603
113.292643 23.134601 113.246264 23.149881
113.321818 23.133344 113.311338 23.13162
113.299095 23.12254 113.272068 23.105223
113.32221 23.172783 113.307316 23.135722
113.317076 23.11793 113.321858 23.149793
113.255215 23.164428 113.314314 23.171102
113.300969 23.153418 113.317639 23.187764
113.271569 23.200601 113.280764 23.128196
113.255637 23.200346 113.319321 23.159497
113.247343 23.11857 113.25757 23.181889
113.279801 23.153723 113.312109 23.136644
113.269948 23.203047 113.23659 23.202369
113.306295 23.116569 113.27429 23.115077
113.276227 23.150539 113.310676 23.12485
113.31914 23.150011 113.267462 23.164041
113.286068 23.142867 113.255627 23.164791
113.280658 23.100051 113.250397 23.123012
113.245569 23.208293 113.230389 23.133899
113.232792 23.134364 113.308379 23.149836
113.271265 23.115622 113.315717 23.141686
113.24299 23.124574 113.257783 23.17976
113.315465 23.126057 113.326341 23.146058
113.22368 23.152746 113.278456 23.131797
113.261834 23.185315 113.321269 23.157497
113.314675 23.184344 113.303909 23.149567
113.326578 23.149693 113.307765 23.150127
113.300961 23.118204 113.269213 23.098479
113.266061 23.123688 113.319701 23.131505
113.298003 23.111594 113.223314 23.136166
113.242118 23.118509 113.333135 23.127862
113.250258 23.119339 113.261605 23.186789
113.274099 23.147887 113.300923 23.132202
113.301594 23.154469 113.319355 23.188109
113.271889 23.135894 113.2528 23.163945
113.282131 23.098179 113.316724 23.156874
113.295522 23.110086 113.227603 23.135485
113.263529 23.131017 113.307521 23.130743
113.307381 23.134431 113.224224 23.101901
113.252003 23.200474 113.22972 23.135401
113.232981 23.118211 113.328935 23.125764
113.295002 23.166666 113.265904 23.165434
113.255381 23.192134 113.250306 23.155347
113.320276 23.110884 113.320423 23.158445
113.226138 23.1627 113.245133 23.123915
113.264933 23.15481 113.269373 23.124123
113.265187 23.207455 113.240633 23.201839
113.254935 23.200703 113.27356 23.207754
113.301788 23.139744 113.329502 23.158912
113.260622 23.142562 113.269738 23.122844
113.301813 23.123739 113.2645 23.105817
113.223096 23.103628 113.316433 23.134799
113.255473 23.111314 113.319113 23.146969
113.293224 23.108098 113.229081 23.133839
113.329252 23.125088 113.320665 23.138938
113.27265 23.171342 113.266546 23.14234
113.263473 23.098711 113.25421 23.109165
113.239963 23.118322 113.325667 23.128082
113.253676 23.108542 113.318928 23.144563
113.297632 23.125362 113.264691 23.101074
113.324291 23.160675 113.32135 23.188931
113.222435 23.171286 113.237641 23.127019
113.269973 23.163949 113.320071 23.130136
113.311686 23.123302 113.224444 23.141909
113.312754 23.131426 113.288747 23.12002
113.310234 23.126388 113.327036 23.135831
113.264771 23.163039 113.245653 23.111134
113.298019 23.156199 113.321346 23.182047
113.281238 23.155056 113.308272 23.119902
113.303901 23.120665 113.226548 23.140204
113.318001 23.171867 113.305978 23.131031
113.275022 23.158333 113.30389 23.135216
113.316731 23.183195 113.309807 23.154126
113.29306 23.118049 113.226018 23.130515
113.326585 23.160662 113.321113 23.191006
113.316893 23.130855 113.295419 23.131082
113.275708 23.107224 113.320001 23.150045
113.321203 23.116091 113.3229 23.155846
113.254133 23.14117 113.27853 23.162335
113.305973 23.107983 113.308246 23.157271
113.25923 23.185301 113.316169 23.149549
113.232437 23.127713 113.258282 23.127422
113.314364 23.160566 113.322454 23.131033
113.317613 23.153403 113.266541 23.165028
113.238833 23.136696 113.310805 23.155329
113.312267 23.110454 113.319645 23.139191
113.278872 23.152118 113.305525 23.127901
113.284558 23.14582 113.257653 23.163578
113.257414 23.194027 113.251953 23.155881
113.315901 23.114009 113.322366 23.153095
113.272614 23.130444 113.306727 23.12046
113.308865 23.102588 113.30763 23.156085
113.29961 23.160581 113.267882 23.15871
113.318093 23.110583 113.321611 23.150397
113.300041 23.122173 113.266221 23.103695
113.323577 23.148495 113.296849 23.134505
113.28077 23.111355 113.326357 23.131544
113.281514 23.105641 113.316862 23.154483
113.330535 23.169879 113.251571 23.153479
113.245064 23.154436 113.311087 23.142242
113.331223 23.158255 113.307741 23.154873
113.299959 23.160458 113.270825 23.164309
113.305499 23.100952 113.313188 23.148732
113.311245 23.138981 113.272985 23.097995
113.293308 23.116891 113.222984 23.128963
113.329489 23.150142 113.311284 23.157431
113.286857 23.145333 113.256707 23.168192
113.245294 23.185142 113.226133 23.142072
113.320092 23.176087 113.306886 23.12974
113.275606 23.126607 113.304653 23.12387
113.29326 23.121865 113.264847 23.102863
113.303523 23.151347 113.326009 23.13351
113.260429 23.183394 113.318691 23.15278
113.326536 23.171514 113.247941 23.155288
113.32328 23.108795 113.321274 23.156316
113.297131 23.126772 113.265557 23.104605
113.29287 23.114437 113.267014 23.120064
113.264136 23.171265 113.263697 23.140493
113.235973 23.126496 113.325696 23.125003
113.323209 23.118487 113.23702 23.107574
113.264571 23.137396 113.308937 23.120639
113.258078 23.12481 113.318105 23.155005
113.266467 23.203579 113.278485 23.12594
113.278005 23.155039 113.305364 23.132062
113.298642 23.125764 113.263281 23.100236
113.315783 23.185922 113.310956 23.157318
113.261795 23.201252 113.275398 23.20293
113.263273 23.13322 113.259526 23.166076
113.253028 23.191782 113.258025 23.152348
113.322894 23.113914 113.32202 23.154648
113.23368 23.124327 113.276184 23.136417
113.323072 23.109657 113.321446 23.154285
113.295231 23.112323 113.22885 23.137128
113.331504 23.16587 113.323056 23.198712
113.281688 23.118753 113.318788 23.120285
113.235988 23.123085 113.282836 23.131717
113.309669 23.121608 113.28471 23.139679
113.300394 23.126119 113.271681 23.103582
113.267147 23.108395 113.3173 23.147665
113.29267 23.113544 113.264195 23.119097
113.232371 23.172089 113.235019 23.127095
113.243632 23.186215 113.229738 23.141337
113.251687 23.12616 113.254691 23.181515
113.305778 23.110235 113.318859 23.142627
113.310284 23.141718 113.276056 23.134789
113.326619 23.175277 113.24519 23.150259
113.307303 23.155364 113.330073 23.136713
113.314343 23.187872 113.303467 23.151411
113.251273 23.160593 113.266323 23.194612
113.275183 23.150368 113.310798 23.133933
113.325573 23.120918 113.320322 23.139543
113.223014 23.170931 113.234696 23.118493
113.286507 23.140369 113.26919 23.147927
113.32881 23.166136 113.319733 23.190796
113.294991 23.112249 113.231114 23.130224
113.32467 23.175025 113.250368 23.156664
113.259764 23.181046 113.318071 23.150931
113.297063 23.116823 113.225813 23.128391
113.332827 23.168016 113.322826 23.195763
113.269273 23.128803 113.308118 23.118604
113.280454 23.119937 113.317083 23.127399
113.325812 23.125182 113.319411 23.142407
113.322086 23.169144 113.309868 23.13045
113.298721 23.11538 113.231488 23.12936
113.250636 23.148506 113.309839 23.141566
113.296707 23.149512 113.290533 23.122112
113.300394 23.167564 113.26485 23.160154
113.25301 23.175106 113.271334 23.198405
113.284214 23.133544 113.26058 23.125913
113.252639 23.127128 113.255497 23.195027
113.243434 23.203003 113.231159 23.131512
113.317309 23.156452 113.261689 23.121422
113.313978 23.155654 113.260477 23.123234
113.280652 23.099866 113.24585 23.118823
113.314328 23.111253 113.322123 23.151392
113.243882 23.176839 113.26071 23.110454
113.225692 23.118523 113.256027 23.118763
113.326146 23.168412 113.31646 23.189855
113.275193 23.102096 113.314543 23.152182
113.261845 23.111694 113.321747 23.139723
113.280551 23.136104 113.233011 23.112937
113.264788 23.123114 113.315757 23.148419
113.318931 23.138038 113.28285 23.183934
113.266468 23.106014 113.25765 23.114357
113.29683 23.149745 113.290652 23.125158
113.315881 23.169786 113.3073 23.132719
