116.364461 39.934627 116.386375 39.886918
116.373172 39.944021 116.419065 39.933758
116.346396 39.953051 116.375421 39.944248
116.402905 39.955238 116.432923 39.950857
116.428491 39.86839 116.409004 39.920307
116.422255 39.953938 116.421699 39.920111
116.427044 39.870389 116.420727 39.896898
116.393806 39.884733 116.433474 39.929468
116.372999 39.909251 116.412631 39.900085
116.387468 39.933911 116.331898 39.918769
116.400772 39.878176 116.434187 39.930515
116.343488 39.924787 116.429936 39.906607
116.419027 39.939603 116.380281 39.893568
116.415475 39.909401 116.409916 39.95529
116.431453 39.933368 116.397823 39.921105
116.433579 39.897278 116.423302 39.939528
116.373116 39.891592 116.431517 39.895212
116.437102 39.885765 116.340217 39.878775
116.361438 39.9305 116.383109 39.893581
116.355573 39.950103 116.356318 39.904695
116.344458 39.93058 116.426371 39.932572
116.361286 39.950517 116.394113 39.92922
116.33112 39.875292 116.410619 39.860174
116.409389 39.901735 116.361474 39.879036
116.389372 39.944911 116.435522 39.942026
116.422506 39.909355 116.426039 39.940308
116.42608 39.912396 116.441256 39.874085
116.44096 39.914675 116.399308 39.922573
116.345958 39.852609 116.36683 39.875289
116.349322 39.933682 116.346393 39.880254
116.378626 39.936649 116.410619 39.951362
116.339739 39.890316 116.363416 39.863568
116.43192 39.929158 116.393177 39.923223
116.430519 39.877289 116.427467 39.924151
116.335969 39.914162 116.349642 39.937713
116.391076 39.897403 116.342312 39.926065
116.373063 39.870438 116.424593 39.867155
116.418165 39.935796 116.373504 39.907019
116.346143 39.954719 116.378297 39.938936
116.395017 39.87277 116.364429 39.873674
116.344337 39.950015 116.375613 39.941561
116.429366 39.951789 116.425946 39.922303
116.425652 39.861301 116.430659 39.888142
116.438703 39.932824 116.391326 39.921404
116.350285 39.957164 116.374111 39.938996
116.400366 39.884463 116.433632 39.930537
116.336147 39.895739 116.394582 39.90357
116.378583 39.930508 116.403749 39.948151
116.38753 39.870722 116.357262 39.885799
116.366751 39.902068 116.436184 39.896072
116.343321 39.945877 116.404713 39.898739
116.43181 39.952353 116.421636 39.889145
116.352906 39.869995 116.338605 39.867507
116.441204 39.920409 116.374677 39.899443
116.430696 39.846725 116.345375 39.896774
116.371245 39.927273 116.404805 39.950484
116.378038 39.859607 116.357256 39.888142
116.390877 39.892841 116.428132 39.903084
116.342584 39.936036 116.430197 39.937102
116.381175 39.876928 116.427783 39.887834
116.36369 39.870772 116.39601 39.900922
116.392826 39.93118 116.438673 39.942227
116.410526 39.866792 116.416761 39.900508
116.358688 39.888342 116.354852 39.928879
116.398788 39.889944 116.369484 39.897995
116.356767 39.90765 116.3373 39.889669
116.417112 39.868542 116.382493 39.881896
116.364313 39.888297 116.333299 39.943404
116.414182 39.944892 116.377223 39.891913
116.348843 39.922774 116.431006 39.897042
116.429409 39.879502 116.429989 39.924557
116.366408 39.900169 116.3424 39.944555
116.415117 39.901313 116.386764 39.847403
116.350033 39.851137 116.362833 39.870639
116.426781 39.908837 116.381646 39.920445
116.412693 39.92698 116.380114 39.920149
116.429806 39.889565 116.380245 39.901394
116.369913 39.902084 116.347929 39.946669
116.383903 39.849665 116.414349 39.901673
116.399593 39.859405 116.428797 39.906761
116.358296 39.914841 116.338261 39.887157
116.353853 39.883255 116.381653 39.931842
116.373352 39.883162 116.363782 39.857391
116.376224 39.947641 116.411694 39.940874
116.36576 39.895425 116.420615 39.883009
116.384783 39.954034 116.39492 39.855404
116.357467 39.907826 116.335576 39.895574
116.395463 39.895682 116.438794 39.909785
116.414472 39.888906 116.369096 39.906866
116.435542 39.909398 116.418284 39.948939
116.429535 39.913512 116.434266 39.869485
116.393949 39.92517 116.437057 39.933576
116.411004 39.93502 116.436889 39.905543
116.391146 39.926188 116.43657 39.929178
116.330556 39.915616 116.343358 39.942258
116.345573 39.929179 116.425971 39.900808
116.416264 39.876312 116.423264 39.918219
116.363548 39.949692 116.417157 39.908363
116.406314 39.888415 116.390929 39.860279
116.400161 39.861288 116.422828 39.902514
116.394932 39.883653 116.441205 39.928791
116.384368 39.942214 116.437475 39.941118
116.370136 39.886669 116.407253 39.85704
116.404107 39.937551 116.334093 39.914792
116.422077 39.86778 116.410277 39.925008
116.423387 39.949817 116.371801 39.947109
116.366805 39.901234 116.419305 39.84645
116.433356 39.911864 116.44082 39.950337
116.393 39.866406 116.430098 39.898326
116.36562 39.946585 116.34648 39.93739
116.409562 39.857287 116.436815 39.928826
116.349649 39.916637 116.376038 39.882913
116.334141 39.874177 116.406745 39.86407
116.332799 39.870884 116.407153 39.863339
116.364246 39.906547 116.414674 39.848852
116.37944 39.86497 116.412759 39.913963
116.402723 39.950777 116.41776 39.910628
116.380683 39.936446 116.338437 39.920795
116.435357 39.911511 116.43819 39.953653
116.348283 39.945726 116.401853 39.901187
116.37879 39.853356 116.402544 39.852597
116.405116 39.892247 116.391592 39.860606
116.426872 39.851218 116.350134 39.890441
116.407808 39.869129 116.374037 39.897932
116.419361 39.902392 116.433713 39.932533
116.394072 39.949949 116.331708 39.916614
116.346097 39.907435 116.379676 39.880509
116.338262 39.911094 116.350064 39.943386
116.399723 39.931643 116.437799 39.946805
116.39866 39.890065 116.367496 39.8486
116.381694 39.87048 116.358609 39.876991
116.408113 39.857589 116.438136 39.931974
116.403956 39.876605 116.390708 39.888266
116.410978 39.868844 116.380865 39.882093
116.33478 39.876089 116.402878 39.862364
116.424712 39.846884 116.349036 39.893573
116.399693 39.905959 116.426639 39.883695
116.43439 39.94429 116.366473 39.899671
116.437371 39.874197 116.413143 39.887376
116.42614 39.895659 116.396028 39.908349
116.371531 39.85179 116.377755 39.906814
116.385633 39.865016 116.362677 39.896317
116.405186 39.902786 116.360495 39.932515
116.348304 39.847695 116.363079 39.873233
116.418257 39.929911 116.440303 39.906193
116.425469 39.854969 116.347111 39.893886
116.343628 39.861882 116.381523 39.902345
116.372023 39.928704 116.401009 39.954355
116.34336 39.885936 116.389105 39.876061
116.384177 39.886513 116.422487 39.891733
116.431572 39.909722 116.394868 39.924218
116.361533 39.941079 116.421595 39.954807
116.435542 39.910838 116.440068 39.949268
116.37218 39.86889 116.351965 39.905351
116.3376 39.92876 116.374333 39.953245
116.423345 39.933773 116.384679 39.889618
116.345726 39.894341 116.411841 39.894875
116.34793 39.936616 116.426059 39.936154
116.333321 39.922843 116.381804 39.893717
116.340772 39.903752 116.424973 39.859614
116.336107 39.914014 116.345102 39.940857
116.351913 39.955875 116.35369 39.898424
116.414917 39.87199 116.429651 39.917366
116.35951 39.888892 116.355147 39.934655
116.406827 39.953273 116.440574 39.956068
116.394505 39.85673 116.425726 39.903994
116.432486 39.905656 116.367059 39.941283
116.393131 39.867621 116.36649 39.871887
116.385806 39.867511 116.345002 39.882911
116.428259 39.945707 116.346453 39.955907
116.365803 39.909606 116.387779 39.893407
116.348951 39.922145 116.348889 39.950741
116.408032 39.853585 116.380208 39.868266
116.374466 39.863708 116.411419 39.915337
116.420862 39.898104 116.43121 39.929938
116.400472 39.857739 116.430666 39.897075
116.389245 39.945909 116.340599 39.952207
116.421459 39.880196 116.427616 39.925695
116.382882 39.928675 116.334874 39.922181
116.360525 39.895637 116.335449 39.943154
116.436588 39.926327 116.411828 39.910646
116.330441 39.905416 116.378373 39.935998
116.429563 39.932705 116.428843 39.912911
116.399965 39.95411 116.41789 39.887738
116.431702 39.933855 116.400436 39.922142
116.429501 39.863861 116.421508 39.894701
116.423942 39.910524 116.427825 39.939207
116.399527 39.94952 116.333962 39.916608
116.398967 39.904048 116.35001 39.920812
116.331656 39.928182 116.376124 39.950167
116.435695 39.906448 116.423477 39.946343
116.347533 39.941267 116.341474 39.871221
116.420917 39.850692 116.423308 39.906356
116.381027 39.932016 116.435185 39.895438
116.429291 39.874161 116.416847 39.903427
116.350729 39.894488 116.427296 39.936812
116.384708 39.940493 116.43893 39.938203
116.436284 39.934039 116.395807 39.921598
116.374191 39.931331 116.403399 39.949585
116.427566 39.869584 116.407149 39.917117
116.35785 39.940524 116.428212 39.933443
116.36307 39.876139 116.393758 39.900577
116.403375 39.901455 116.364456 39.880831
116.364061 39.871813 116.411459 39.922648
116.343356 39.856224 116.364182 39.868981
116.354897 39.879246 116.380278 39.901566
116.357554 39.894579 116.427685 39.930232
116.436818 39.926251 116.378669 39.905593
116.395777 39.953099 116.331922 39.914176
116.417763 39.869387 116.433526 39.894776
116.344956 39.935598 116.4244 39.935219
116.397064 39.901031 116.42882 39.908468
116.440278 39.877225 116.411482 39.909425
116.416475 39.85245 116.42487 39.904994
116.428831 39.915736 116.377934 39.94806
116.376204 39.883424 116.41496 39.954049
116.389782 39.946242 116.340762 39.949449
116.42357 39.854498 116.348127 39.887912
116.424158 39.847394 116.346991 39.892525
116.406639 39.848488 116.387906 39.848185
116.416529 39.891007 116.428187 39.852021
116.355628 39.949908 116.355193 39.902296
116.433165 39.920344 116.41924 39.916794
116.43496 39.924668 116.354674 39.904667
116.381306 39.877686 116.424678 39.895222
116.395776 39.892495 116.433079 39.914956
116.379473 39.857303 116.360031 39.893026
116.416396 39.956052 116.428234 39.904186
116.426691 39.938844 116.346339 39.957201
116.404977 39.889667 116.395819 39.866072
116.34154 39.860703 116.389741 39.904668
116.426672 39.852824 116.347236 39.891807
116.376505 39.944507 116.414369 39.932481
116.348212 39.848559 116.365048 39.869491
116.348375 39.911161 116.377736 39.871764
116.406212 39.955493 116.409217 39.903945
116.440658 39.897742 116.430409 39.94352
116.366649 39.896257 116.390797 39.907332
116.374694 39.95382 116.41914 39.941371
116.392688 39.898192 116.346341 39.92673
116.3347 39.899481 116.378474 39.929303
116.337555 39.878041 116.359398 39.90571
116.398915 39.951043 116.412841 39.909086
116.374566 39.94672 116.414175 39.928101
116.37661 39.937687 116.413059 39.930011
116.424671 39.931022 116.430081 39.909729
116.439 39.87815 116.39045 39.891071
116.419999 39.846738 116.426088 39.891923
116.42988 39.872977 116.410636 39.924328
116.362394 39.888308 116.420168 39.882793
116.423224 39.937943 116.342089 39.947983
116.348572 39.869184 116.377174 39.908889
116.434474 39.929036 116.40055 39.918119
116.377357 39.902289 116.416541 39.910343
116.348508 39.925534 116.42192 39.905968
116.427319 39.866627 116.420765 39.90117
116.429291 39.886234 116.427773 39.925743
116.332621 39.887841 116.36254 39.865333
116.439402 39.884429 116.384131 39.895606
116.351101 39.93774 116.426887 39.935188
116.332878 39.934216 116.378247 39.947705
116.347224 39.952235 116.377743 39.942006
116.351704 39.943921 116.356275 39.903631
116.393733 39.867556 116.366082 39.87047
116.42673 39.91093 116.432603 39.870947
116.438849 39.919785 116.411229 39.908448
116.393927 39.949869 116.411687 39.914563
116.336281 39.909501 116.343591 39.943699
116.362068 39.920543 116.402652 39.868769
116.41059 39.852532 116.354541 39.847616
116.339566 39.902769 116.374769 39.932013
116.350236 39.857218 116.384155 39.900447
116.392542 39.874345 116.361289 39.873948
116.380075 39.929863 116.405173 39.955708
116.398138 39.897852 116.347812 39.921879
116.343188 39.874156 116.411316 39.854677
116.425349 39.913008 116.378061 39.948535
116.350674 39.893963 116.352752 39.929443
116.336863 39.916979 116.349877 39.940003
116.383033 39.955487 116.427489 39.90198
116.338285 39.888196 116.368734 39.859534
116.440092 39.862544 116.345116 39.880572
116.420934 39.953462 116.376421 39.95323
116.438909 39.897148 116.374689 39.851942
116.426359 39.942656 116.344238 39.949791
116.419108 39.942402 116.438197 39.913385
116.401185 39.953522 116.423338 39.911524
116.353411 39.894205 116.435466 39.88754
116.357767 39.881602 116.393485 39.859901
116.349971 39.887804 116.381447 39.860423
116.396152 39.882979 116.43964 39.927569
116.395225 39.855707 116.419247 39.86167
116.438531 39.908568 116.440986 39.956798
116.374676 39.871671 116.429535 39.875193
116.415372 39.874651 116.423871 39.903832
116.411079 39.930847 116.372108 39.916028
116.422222 39.934821 116.428858 39.908101
116.40528 39.943695 116.422814 39.928563
116.402803 39.902223 116.365488 39.931499
116.384436 39.903744 116.408403 39.946689
116.396709 39.90649 116.429002 39.91053
116.393811 39.897612 116.342139 39.924642
116.344547 39.930477 116.382649 39.950484
116.436878 39.872439 116.373133 39.862532
116.377066 39.908493 116.415304 39.90418
116.39258 39.882453 116.432812 39.932619
116.414078 39.870035 116.426434 39.900041
116.339541 39.886441 116.358987 39.910108
116.395812 39.867527 116.36963 39.872881
116.395584 39.901441 116.425672 39.914773
116.431184 39.904409 116.421862 39.945677
116.432423 39.930608 116.40078 39.92577
116.429717 39.908791 116.385119 39.92672
116.341096 39.923116 116.373702 39.867451
116.343497 39.869543 116.370561 39.892677
116.335179 39.904909 116.376648 39.928417
116.43723 39.920383 116.412658 39.913844
116.414002 39.888147 116.360818 39.905706
116.405289 39.927692 116.413679 39.897918
116.355934 39.938201 116.351757 39.900077
116.431844 39.904711 116.378135 39.850318
116.405666 39.91922 116.432176 39.899689
116.330447 39.865064 116.375792 39.848467
116.424678 39.94845 116.337086 39.921019
116.418688 39.935379 116.437897 39.902155
116.415943 39.851169 116.42662 39.89018
116.419894 39.854703 116.430854 39.899064
116.353223 39.874155 116.338779 39.884868
116.426173 39.854097 116.342792 39.894043
116.426093 39.903234 116.384497 39.903492
116.386349 39.902337 116.375974 39.880408
116.423343 39.942048 116.34959 39.957479
116.410577 39.89002 116.398098 39.865334
116.428134 39.85475 116.345944 39.889887
116.376863 39.957038 116.419314 39.943808
116.434637 39.910631 116.414382 39.955581
116.330864 39.856686 116.374073 39.851107
116.405405 39.927241 116.414302 39.903136
116.341746 39.919384 116.34947 39.952685
116.36897 39.873142 116.33713 39.954669
116.349638 39.93704 116.385123 39.95526
116.370198 39.871372 116.332078 39.950957
116.439741 39.933385 116.394037 39.923139
116.362463 39.903718 116.342 39.944229
116.419223 39.871454 116.426046 39.921099
116.378617 39.896866 116.343748 39.946591
116.338033 39.924392 116.385994 39.892341
116.428398 39.878609 116.42631 39.918165
116.391565 39.875502 116.36363 39.87514
116.436438 39.864237 116.344478 39.885467
116.344165 39.953532 116.375688 39.941157
116.430015 39.922685 116.399762 39.88922
116.436975 39.934598 116.392787 39.918605
116.364069 39.89962 116.435309 39.895892
116.362121 39.881594 116.424255 39.906733
116.339931 39.899339 116.373978 39.936602
116.379898 39.872939 116.424623 39.872296
116.421133 39.865927 116.36658 39.846528
116.419782 39.914262 116.415936 39.946111
116.394662 39.875094 116.366932 39.872168
116.391637 39.930281 116.441094 39.94295
116.424083 39.884105 116.424191 39.920911
116.360461 39.890414 116.399379 39.914381
116.33036 39.935332 116.375076 39.952602
116.418144 39.868548 116.423303 39.918744
116.428647 39.924936 116.413939 39.953573
116.441008 39.847156 116.428378 39.914306
116.362014 39.890789 116.395717 39.909688
116.346351 39.94972 116.373808 39.94413
116.333951 39.899358 116.374564 39.928693
116.35644 39.911575 116.330351 39.891209
116.428439 39.910811 116.437293 39.872456
116.420179 39.883358 116.43105 39.851151
116.40904 39.915454 116.428892 39.890518
116.350113 39.858082 116.388341 39.898279
116.432544 39.91396 116.420681 39.950238
116.39924 39.933459 116.436143 39.943707
116.398665 39.867396 116.363566 39.875321
116.384155 39.950238 116.400438 39.852981
116.392888 39.931834 116.439518 39.939675
116.402689 39.909978 116.36461 39.901905
116.371465 39.932869 116.406154 39.956801
116.36713 39.905917 116.343902 39.943974
116.42706 39.93204 116.425087 39.915661
116.363456 39.883071 116.348229 39.904719
116.335801 39.897441 116.372579 39.931676
116.382841 39.872226 116.351195 39.886445
116.36818 39.883525 116.419786 39.886806
116.386734 39.875243 116.35758 39.88123
116.369708 39.905235 116.414198 39.848077
116.420735 39.894471 116.423508 39.852627
116.341271 39.936377 116.399538 39.937394
116.384792 39.878348 116.426421 39.893588
116.349764 39.934638 116.424382 39.935645
116.432795 39.919253 116.358206 39.900082
116.424503 39.872599 116.401871 39.921543
116.381216 39.87565 116.342611 39.877419
116.367899 39.876932 116.402031 39.858467
116.407713 39.94261 116.350793 39.952335
116.405701 39.946226 116.35895 39.948685
116.351999 39.904004 116.407506 39.890245
116.380024 39.906103 116.431033 39.89913
116.390526 39.932887 116.333566 39.922917
116.423662 39.895081 116.427635 39.93357
116.427862 39.910246 116.388845 39.926633
116.350979 39.901036 116.402403 39.893701
116.387003 39.868712 116.346744 39.884073
116.351525 39.891471 116.423175 39.929204
116.375751 39.872082 116.422036 39.875692
116.331285 39.857012 116.379887 39.850307
116.331211 39.909404 116.345785 39.942213
116.38036 39.927328 116.404738 39.947449
116.425317 39.87785 116.42325 39.919106
116.411806 39.866598 116.440898 39.889072
116.440104 39.929836 116.393554 39.918863
116.361631 39.905901 116.346322 39.944945
116.42495 39.880982 116.425563 39.92363
116.423519 39.894801 116.391507 39.907403
116.373046 39.864696 116.411537 39.916274
116.386151 39.93782 116.433939 39.945784
116.423315 39.956883 116.4173 39.931772
116.384472 39.945496 116.439592 39.938527
116.37241 39.955149 116.340901 39.928335
116.403582 39.899459 116.365193 39.931161
116.387154 39.931065 116.438404 39.893313
116.337718 39.868719 116.402734 39.860553
116.361564 39.928764 116.388919 39.88815
116.428834 39.895044 116.392484 39.903507
116.367896 39.893862 116.340036 39.942157
116.361687 39.858851 116.412952 39.87471
116.3725 39.927093 116.421699 39.907612
116.391756 39.891782 116.4393 39.912543
116.340584 39.904988 116.390205 39.952542
116.419016 39.887837 116.363485 39.90132
116.430826 39.849522 116.346561 39.89446
116.375463 39.856705 116.413131 39.91211
116.340605 39.926167 116.341314 39.953229
116.375078 39.936222 116.406394 39.9544
116.427587 39.913798 116.382807 39.922201
116.407742 39.956766 116.404207 39.901171
116.384153 39.8762 116.342577 39.880491
116.370852 39.937692 116.417915 39.886841
116.339719 39.896606 116.394773 39.898193
116.408721 39.891179 116.397447 39.859925
116.375756 39.895373 116.434872 39.896553
116.415422 39.911396 116.401867 39.95561
116.405321 39.940944 116.350534 39.956636
116.42258 39.919381 116.398113 39.893613
116.422512 39.881149 116.427258 39.926052
116.370138 39.942622 116.4286 39.95163
116.356329 39.938429 116.353311 39.902177
116.436488 39.927032 116.374675 39.905602
116.400274 39.920752 116.433629 39.932055
116.37749 39.875137 116.411951 39.886255
116.402593 39.858071 116.355366 39.890031
116.362185 39.893668 116.394291 39.91349
116.406794 39.89242 116.398347 39.862199
116.386932 39.928143 116.43559 39.891651
116.338861 39.886646 116.359076 39.916865
116.422449 39.871363 116.419924 39.898085
116.438267 39.898209 116.374461 39.852576
116.439713 39.902288 116.373846 39.848578
116.374179 39.90327 116.344833 39.890502
116.347329 39.916736 116.372966 39.885579
116.353181 39.946377 116.421869 39.930341
116.417346 39.929485 116.37121 39.907986
116.432702 39.848495 116.429465 39.909208
116.434024 39.906569 116.421916 39.941909
116.43247 39.956506 116.420423 39.900621
116.373266 39.874747 116.423441 39.873759
116.392142 39.88236 116.440514 39.927902
116.346768 39.849304 116.363801 39.869386
116.401206 39.948711 116.432961 39.950933
116.34886 39.91916 116.378037 39.868097
116.425195 39.950972 116.422286 39.919871
116.345684 39.874355 116.380419 39.897344
116.396635 39.870271 116.365811 39.869006
116.414361 39.890094 116.424591 39.848697
116.376086 39.91189 116.418347 39.906165
116.339369 39.873615 116.403507 39.866119
116.387382 39.933623 116.43946 39.891457
116.340842 39.925718 116.344887 39.949207
116.388886 39.8578 116.43067 39.870172
116.371594 39.866779 116.357483 39.905572
116.344936 39.929866 116.335411 39.904232
116.390633 39.885395 116.429077 39.894132
116.424066 39.870799 116.415214 39.897815
116.438065 39.907569 116.399801 39.917841
116.430434 39.872854 116.411102 39.904028
116.422333 39.929124 116.427513 39.915957
116.385335 39.938321 116.345952 39.952482
116.359139 39.866953 116.33904 39.882095
116.429259 39.892102 116.383625 39.951656
116.415168 39.95239 116.390376 39.903254
116.346705 39.952456 116.375084 39.946208
116.345655 39.941891 116.347138 39.869014
116.364921 39.849986 116.411892 39.880874
116.4187 39.916975 116.439374 39.894747
116.343556 39.904043 116.340985 39.933858
116.418885 39.871 116.427191 39.902672
116.352512 39.901183 116.42811 39.915325
116.429724 39.902557 116.384939 39.906576
116.338191 39.903171 116.38005 39.934492
116.412873 39.954813 116.363997 39.954404
116.390848 39.894029 116.422562 39.905114
116.411505 39.933003 116.434957 39.906496
116.429613 39.900445 116.387157 39.898164
116.398445 39.930222 116.438149 39.943233
116.383035 39.901905 116.378227 39.878918
116.35846 39.888101 116.42832 39.932291
116.399888 39.923957 116.439595 39.929235
116.373752 39.956018 116.347188 39.937266
116.3439 39.918269 116.343868 39.95607
116.351974 39.952827 116.356595 39.906892
116.37381 39.891344 116.437849 39.887665
116.385498 39.877917 116.428158 39.89076
116.378157 39.948907 116.349387 39.92878
116.372242 39.894049 116.410713 39.848855
116.410231 39.942194 116.423427 39.929978
116.438112 39.879841 116.380683 39.890128
116.34248 39.919473 116.42162 39.906522
116.372461 39.953116 116.411452 39.943677
116.412951 39.854406 116.34169 39.874656
116.419405 39.880667 116.427423 39.852764
116.420751 39.8967 116.422516 39.851085
116.390175 39.876325 116.349793 39.87709
116.437994 39.930662 116.397392 39.917567
116.42964 39.872188 116.412729 39.902119
116.412396 39.947855 116.339048 39.897193
116.374658 39.853764 116.357855 39.871584
116.346908 39.851057 116.370104 39.872563
116.400315 39.887635 116.363693 39.902761
116.417277 39.897738 116.369102 39.901612
116.427007 39.869715 116.407991 39.92529
116.386228 39.945884 116.436066 39.946052
116.330694 39.911222 116.349885 39.94576
116.432548 39.853842 116.4265 39.908023
116.373707 39.949964 116.411041 39.943964
116.429144 39.851487 116.349031 39.893732
116.424969 39.851384 116.347463 39.895598
116.421739 39.930512 116.389649 39.8922
116.403245 39.870887 116.386598 39.891858
116.419094 39.8917 116.424057 39.849515
116.337186 39.931119 116.373137 39.954695
116.421954 39.917419 116.415931 39.954793
116.383797 39.866098 116.421795 39.869489
116.417994 39.887162 116.361421 39.905397
116.34007 39.896489 116.360907 39.864041
116.397347 39.921234 116.439257 39.935572
116.377248 39.943694 116.41522 39.890335
116.409332 39.873518 116.416915 39.906979
116.420857 39.887465 116.36768 39.904292
116.341838 39.898678 116.361888 39.890719
116.335875 39.899093 116.371013 39.936631
116.422589 39.876678 116.409287 39.92462
116.394637 39.93098 116.436861 39.94628
116.353456 39.904982 116.425501 39.915553
116.347581 39.926616 116.342905 39.957535
116.419083 39.892237 116.429639 39.846655
116.3829 39.870339 116.35964 39.879404
116.375177 39.957016 116.416108 39.938981
116.408975 39.864604 116.406642 39.913213
116.432027 39.904836 116.419333 39.922106
116.363653 39.886629 116.34113 39.903583
116.3406 39.860644 116.380843 39.897771
116.363161 39.910804 116.430208 39.92274
116.352164 39.884721 116.399672 39.863558
116.427913 39.893833 116.400577 39.905535
116.435931 39.925515 116.378027 39.901141
116.344902 39.931899 116.388789 39.945681
116.438339 39.951029 116.430218 39.893812
116.391392 39.952105 116.337577 39.912092
116.369523 39.907668 116.422896 39.920334
116.430708 39.910297 116.372687 39.956981
116.367719 39.948198 116.392657 39.930898
116.404649 39.874835 116.388401 39.889602
116.383261 39.942229 116.436534 39.937773
116.423886 39.933352 116.386155 39.892576
116.407011 39.902092 116.369396 39.927748
116.373722 39.910088 116.418111 39.900258
116.422076 39.861193 116.40178 39.902052
116.369324 39.856834 116.34646 39.887906
116.379324 39.851633 116.407599 39.85041
116.385534 39.936961 116.439011 39.893784
116.345979 39.905318 116.387675 39.953035
116.433187 39.86686 116.411586 39.892386
116.341716 39.869679 116.373044 39.893814
116.433151 39.922169 116.396045 39.906271
116.364772 39.880938 116.416311 39.892815
116.343205 39.956181 116.375942 39.938704
116.395162 39.92399 116.433734 39.932613
116.354673 39.898474 116.429729 39.915988
116.402267 39.92331 116.441098 39.906751
116.38336 39.881611 116.424043 39.890496
116.431516 39.906623 116.369099 39.938846
116.370126 39.957441 116.397666 39.934664
116.384558 39.941213 116.346804 39.951876
116.426348 39.927972 116.381088 39.894896
116.351434 39.84994 116.416233 39.851696
116.435288 39.916354 116.399078 39.924684
