116.4189 39.852701 116.421329 39.888422
116.410368 39.907789 116.365903 39.904762
116.355208 39.881537 116.381763 39.935239
116.330259 39.901856 116.372411 39.930367
116.367294 39.931098 116.38354 39.890193
116.438768 39.858794 116.349541 39.87878
116.401025 39.956606 116.437436 39.948865
116.41015 39.931575 116.418366 39.900068
116.39336 39.90225 116.423236 39.880113
116.409595 39.869327 116.359935 39.88597
116.398241 39.87856 116.43365 39.932248
116.399231 39.92277 116.434442 39.936277
116.35806 39.855308 116.415461 39.849967
116.356394 39.910061 116.332842 39.894511
116.37989 39.928284 116.408829 39.957043
116.394949 39.898828 116.342056 39.919012
116.337012 39.933372 116.375426 39.954829
116.43799 39.86848 116.420046 39.906819
116.336228 39.932984 116.37539 39.949264
116.384002 39.945738 116.342694 39.952407
116.356479 39.956901 116.412234 39.953712
116.389126 39.870738 116.345124 39.884934
116.385906 39.863708 116.3687 39.891482
116.343261 39.868561 116.371691 39.908922
116.371032 39.857096 116.357817 39.894884
116.440882 39.929969 116.398765 39.924298
116.366325 39.949271 116.416134 39.909934
116.370605 39.862758 116.352733 39.889684
116.378747 39.891002 116.41215 39.908144
116.336229 39.911142 116.343473 39.944601
116.382038 39.90271 116.349209 39.945038
116.340241 39.93293 116.429525 39.928871
116.416932 39.915964 116.437776 39.889848
116.340118 39.886567 116.352461 39.912794
116.400915 39.913702 116.427325 39.891221
116.386924 39.929842 116.338515 39.920241
116.338685 39.898063 116.380606 39.927753
116.380142 39.850791 116.337763 39.882289
116.437525 39.864124 116.420131 39.880673
116.342732 39.895397 116.348961 39.940486
116.428898 39.916075 116.386418 39.920048
116.407131 39.888528 116.39079 39.856537
116.35498 39.953373 116.414146 39.951695
116.367872 39.935828 116.389793 39.886872
116.384095 39.955535 116.379021 39.928743
116.410264 39.870211 116.356261 39.903819
116.376971 39.852276 116.409274 39.856329
116.40947 39.948361 116.435582 39.955297
116.376453 39.880798 116.42028 39.951929
116.352742 39.892028 116.425448 39.927622
116.340004 39.932432 116.372161 39.95284
116.41314 39.882097 116.424393 39.850366
116.360609 39.946117 116.429091 39.954243
116.360991 39.930821 116.388494 39.889575
116.3482 39.937779 116.340293 39.869128
116.405753 39.900277 116.363617 39.932745
116.349487 39.865792 116.380789 39.89883
116.357252 39.940982 116.356813 39.896901
116.343706 39.897715 116.347781 39.929046
116.389981 39.855248 116.34456 39.885012
116.340722 39.911835 116.370689 39.874272
116.36885 39.938763 116.340853 39.940547
116.397481 39.848988 116.44105 39.870695
116.361001 39.876293 116.39144 39.901928
116.440615 39.871519 116.426728 39.907104
116.366752 39.900815 116.438422 39.892366
116.352041 39.95239 116.359606 39.897852
116.355387 39.950191 116.413281 39.952956
116.379896 39.937698 116.417893 39.92942
116.408933 39.953576 116.401873 39.903153
116.435322 39.905259 116.426109 39.943838
116.424799 39.854871 116.3459 39.888643
116.332721 39.914794 116.348341 39.943468
116.342002 39.885796 116.340629 39.927061
116.39712 39.881341 116.433902 39.934159
116.333058 39.931729 116.373881 39.956155
116.356924 39.944992 116.356919 39.905559
116.440201 39.866477 116.415198 39.877697
116.35757 39.894703 116.356364 39.928577
116.336031 39.872705 116.404523 39.865355
116.367335 39.947227 116.422582 39.956772
116.360256 39.957498 116.416321 39.954062
116.410864 39.859085 116.437249 39.93578
116.403737 39.941412 116.430133 39.92724
116.404108 39.892295 116.393681 39.857372
116.441162 39.923727 116.352281 39.900093
116.370428 39.8652 116.416373 39.868122
116.421202 39.846658 116.348823 39.896152
116.342864 39.94047 116.407188 39.902876
116.408794 39.938412 116.426605 39.931215
116.403414 39.949614 116.412452 39.914177
116.421627 39.913274 116.376234 39.948133
116.359227 39.941521 116.425297 39.935084
116.419116 39.906567 116.437697 39.930235
116.398301 39.871693 116.361675 39.868534
116.388377 39.88191 116.424243 39.89155
116.419495 39.944049 116.43645 39.915986
116.375515 39.94035 116.420066 39.896228
116.402592 39.908102 116.423136 39.887008
116.411865 39.848802 116.425901 39.88779
116.368398 39.946353 116.42935 39.953441
116.390866 39.906775 116.429083 39.909213
116.434254 39.904177 116.378713 39.854839
116.357514 39.875446 116.330289 39.870022
116.349821 39.883059 116.370312 39.901334
116.350267 39.901746 116.344646 39.930917
116.355261 39.957408 116.356065 39.900637
116.337838 39.879129 116.358526 39.90125
116.339758 39.857068 116.370937 39.850806
116.401479 39.85919 116.405705 39.9092
116.371469 39.880254 116.369804 39.862724
116.341461 39.938758 116.349426 39.868349
116.368955 39.936469 116.389018 39.894499
116.379299 39.896656 116.437037 39.891682
116.374375 39.8673 116.420169 39.885093
116.418413 39.881119 116.427672 39.852899
116.344257 39.931549 116.427623 39.899305
116.396563 39.899669 116.345614 39.919635
116.357236 39.907027 116.332817 39.891709
116.403476 39.875852 116.379379 39.898676
116.335454 39.927659 116.380329 39.950783
116.409271 39.891312 116.393768 39.864116
116.407711 39.946474 116.335672 39.915228
116.400835 39.921043 116.431909 39.93451
116.342068 39.946622 116.345314 39.871045
116.403098 39.872139 116.373542 39.906509
116.381123 39.846636 116.331724 39.888129
116.401019 39.875531 116.378695 39.900716
116.372332 39.88957 116.414814 39.915297
116.385389 39.949694 116.347225 39.900045
116.425958 39.955026 116.380181 39.946104
116.359563 39.945417 116.425725 39.932426
116.34086 39.91967 116.427994 39.902298
116.423878 39.901898 116.434688 39.877136
116.401262 39.863839 116.35565 39.889589
116.42071 39.85285 116.435343 39.897309
116.33887 39.91418 116.343386 39.93874
116.370348 39.911891 116.386293 39.940737
116.424948 39.894124 116.385983 39.949433
116.399804 39.874162 116.368063 39.870155
116.383201 39.854293 116.335112 39.887424
116.340873 39.893446 116.342997 39.951649
116.420329 39.954811 116.382233 39.90124
116.374939 39.921485 116.405338 39.954366
116.377694 39.862321 116.355642 39.891803
116.425218 39.855509 116.341895 39.887247
116.385096 39.898656 116.40898 39.94414
116.356667 39.951637 116.418945 39.953473
116.389856 39.868773 116.34412 39.880561
116.366906 39.868311 116.390931 39.902905
116.394853 39.893509 116.430923 39.903193
116.374775 39.904135 116.424215 39.898281
116.352161 39.929374 116.382861 39.953945
116.335497 39.915981 116.341202 39.941701
116.365828 39.878681 116.346893 39.901502
116.421583 39.953536 116.417913 39.937171
116.344659 39.894076 116.382015 39.865856
116.397036 39.862824 116.428522 39.898137
116.37753 39.939977 116.412423 39.887587
116.341408 39.917619 116.428892 39.906954
116.382955 39.847673 116.41915 39.866991
116.433349 39.91442 116.41832 39.947606
116.342435 39.909377 116.370834 39.878781
116.371949 39.893358 116.419923 39.912972
116.341691 39.908942 116.379134 39.874004
116.382413 39.942822 116.440876 39.941642
116.37957 39.876141 116.425676 39.875172
116.421905 39.933706 116.382223 39.892936
116.422605 39.916192 116.42253 39.943017
116.394391 39.935915 116.434072 39.939756
116.378564 39.890549 116.419861 39.909964
116.37036 39.849956 116.347152 39.873187
116.366641 39.91517 116.38439 39.891512
116.371015 39.927712 116.408779 39.951191
116.368334 39.85669 116.413283 39.869081
116.358749 39.912122 116.339769 39.889324
116.3485 39.891281 116.348028 39.954263
116.423589 39.868432 116.416896 39.906714
116.420858 39.875062 116.389991 39.879514
116.429479 39.854354 116.342121 39.893894
116.379675 39.887354 116.400876 39.846474
116.418008 39.881027 116.425887 39.850603
116.39507 39.935217 116.431589 39.938481
116.383316 39.874514 116.360341 39.876723
116.39623 39.881422 116.436117 39.931614
116.405632 39.956307 116.437495 39.957441
116.379159 39.858126 116.411693 39.911087
116.374444 39.873919 116.415725 39.882807
116.36605 39.929658 116.383673 39.890096
116.385091 39.898992 116.345396 39.948572
116.385422 39.87375 116.356351 39.885979
116.334571 39.880755 116.35946 39.910523
116.430326 39.91918 116.418927 39.878357
116.420752 39.84849 116.423258 39.887782
116.386096 39.953578 116.373444 39.927524
116.340335 39.864369 116.388292 39.903139
116.426003 39.932787 116.428658 39.911606
116.410427 39.956326 116.409318 39.898962
116.403932 39.909112 116.366326 39.898843
116.378668 39.877985 116.383375 39.856235
116.403669 39.918707 116.428249 39.940458
116.415373 39.86979 116.37944 39.863642
116.375885 39.871109 116.356489 39.901127
116.406479 39.907488 116.431031 39.889886
116.334005 39.903876 116.375596 39.928143
116.35672 39.932689 116.386282 39.954007
116.422837 39.919228 116.417961 39.883224
116.342273 39.912031 116.37971 39.868331
116.35046 39.882215 116.362775 39.920316
116.367491 39.905698 116.345933 39.943985
116.434778 39.870586 116.429863 39.909741
116.381399 39.897656 116.344061 39.939349
116.347312 39.848335 116.367207 39.868565
116.348071 39.902433 116.421698 39.862638
116.335943 39.934158 116.375531 39.948302
116.387311 39.86921 116.359574 39.877889
116.394548 39.928593 116.433487 39.941989
116.350458 39.957027 116.413045 39.957223
116.348325 39.915841 116.371943 39.873114
116.354617 39.929242 116.390139 39.951449
116.391307 39.920204 116.436242 39.936271
116.434809 39.950135 116.402091 39.850346
116.386502 39.938759 116.440494 39.938681
116.413249 39.877936 116.428632 39.854247
116.387573 39.884353 116.425975 39.888107
116.363207 39.949428 116.412893 39.913455
116.364352 39.951274 116.390763 39.932934
116.436215 39.931445 116.39255 39.921877
116.417446 39.883833 116.424018 39.854137
116.428308 39.853701 116.343904 39.894045
116.413021 39.847792 116.436756 39.900627
116.338429 39.902289 116.378657 39.932149
116.39336 39.92801 116.439793 39.945034
116.411534 39.858538 116.418218 39.88795
116.369162 39.940177 116.429671 39.954034
116.433104 39.927252 116.400588 39.921352
116.347751 39.867291 116.38019 39.901597
116.394883 39.873173 116.369085 39.875926
116.440396 39.900636 116.426422 39.946585
116.360862 39.865767 116.344391 39.889432
116.361839 39.937436 116.343879 39.947394
116.337323 39.89352 116.366087 39.865048
116.350818 39.875023 116.334113 39.871288
116.423028 39.876612 116.40673 39.917477
116.354448 39.913185 116.336962 39.895056
116.344801 39.905909 116.42301 39.86403
116.403924 39.942846 116.335526 39.910685
116.403129 39.890932 116.399495 39.857628
116.409408 39.95028 116.429425 39.907568
116.430012 39.951073 116.422634 39.92163
116.374959 39.943209 116.414496 39.889507
116.428078 39.891498 116.388322 39.955454
116.439794 39.867529 116.428444 39.915721
116.438787 39.871478 116.418433 39.897927
116.379652 39.915313 116.414182 39.898898
116.357703 39.886974 116.421193 39.895236
116.407217 39.870018 116.41558 39.903316
116.346496 39.902462 116.426285 39.911805
116.360246 39.872299 116.340023 39.883292
116.339326 39.859874 116.376608 39.855378
116.346191 39.892692 116.415729 39.894575
116.414384 39.909109 116.403006 39.953389
116.349039 39.894437 116.412432 39.890188
116.397779 39.906195 116.349018 39.918522
116.353762 39.911762 116.33509 39.893935
116.404611 39.895976 116.391001 39.859137
116.343103 39.908373 116.378466 39.884064
116.399314 39.880771 116.434928 39.936389
116.403425 39.888201 116.390789 39.856786
116.362134 39.860296 116.345116 39.891023
116.351097 39.949206 116.352894 39.900064
116.345823 39.879042 116.386287 39.869613
116.403509 39.946236 116.338576 39.916086
116.375436 39.880147 116.367547 39.864527
116.343016 39.849529 116.364539 39.874631
116.374629 39.896486 116.409658 39.850125
116.366802 39.875614 116.33636 39.953899
116.351154 39.909903 116.336889 39.891996
116.336574 39.867937 116.404105 39.856896
116.360145 39.870346 116.335448 39.876412
116.35679 39.940514 116.350597 39.898068
116.346452 39.928157 116.399871 39.94438
116.419835 39.936745 116.43209 39.903148
116.438426 39.947937 116.412667 39.901915
116.410472 39.927308 116.414252 39.903702
116.378956 39.849722 116.357561 39.869505
116.366451 39.952116 116.415095 39.91019
116.362584 39.940825 116.427716 39.953995
116.374865 39.865832 116.415217 39.907887
116.345374 39.867155 116.412359 39.850297
116.335163 39.905524 116.375617 39.936241
116.33388 39.87765 116.353884 39.914414
116.363664 39.945503 116.340689 39.944543
116.36022 39.886052 116.394883 39.863407
116.405047 39.938261 116.333926 39.915212
116.366808 39.900086 116.346941 39.943014
116.360877 39.867136 116.395307 39.897982
116.39442 39.952865 116.337515 39.912606
116.368689 39.930493 116.384401 39.893857
116.356132 39.886232 116.3451 39.921458
116.415702 39.877789 116.431158 39.84788
116.330251 39.931462 116.378032 39.955372
116.419003 39.899833 116.400235 39.957551
116.338691 39.876269 116.41002 39.861364
116.376456 39.914579 116.420267 39.901316
116.441226 39.892657 116.376391 39.953806
116.34449 39.940474 116.341747 39.876609
116.347017 39.933604 116.431065 39.901891
116.345438 39.947407 116.406546 39.906248
116.412134 39.952787 116.360927 39.955344
116.379856 39.93928 116.419901 39.896615
116.342565 39.903958 116.422192 39.862731
116.366286 39.936605 116.382619 39.893485
116.361231 39.868746 116.3971 39.900648
116.440312 39.923054 116.400489 39.901054
116.399431 39.927887 116.439683 39.941762
116.439136 39.892733 116.439463 39.945486
116.383399 39.853043 116.350217 39.878035
116.333496 39.865515 116.372004 39.852523
116.382938 39.870772 116.341331 39.885442
116.349821 39.857389 116.385574 39.906104
116.434398 39.897749 116.361167 39.938644
116.352471 39.84675 116.416504 39.847285
116.332772 39.921648 116.374208 39.953733
116.400098 39.953649 116.417811 39.887502
116.421348 39.910289 116.383362 39.91915
116.360606 39.949252 116.397243 39.936691
116.368919 39.950804 116.413224 39.909304
116.39708 39.856656 116.425763 39.905903
116.415668 39.893993 116.366455 39.898722
116.426666 39.9066 116.375667 39.90204
116.344359 39.875106 116.375624 39.907908
116.435806 39.939123 116.405005 39.889573
116.410785 39.905285 116.368285 39.885402
116.413183 39.913762 116.402356 39.956367
116.412066 39.897049 116.362588 39.904727
116.428454 39.856154 116.349892 39.893921
116.347637 39.920897 116.422781 39.902638
116.36729 39.849656 116.420046 39.883071
116.412847 39.910591 116.431716 39.886988
116.437137 39.858595 116.413464 39.877499
116.357684 39.938324 116.353934 39.89881
116.333103 39.929481 116.370681 39.953769
116.358609 39.955816 116.351133 39.901348
116.38917 39.850208 116.333806 39.891152
116.37971 39.857722 116.419387 39.912169
116.423627 39.889366 116.399134 39.89877
116.421095 39.846597 116.342967 39.888629
116.349682 39.941395 116.402176 39.904294
116.390659 39.94667 116.349323 39.951792
116.346239 39.879149 116.349952 39.921894
116.364611 39.907375 116.428487 39.919125
116.409264 39.874733 116.385622 39.895041
116.344991 39.872755 116.374771 39.916074
116.416977 39.916936 116.407468 39.952064
116.387368 39.949233 116.430406 39.906839
116.357963 39.955026 116.419459 39.951972
116.436183 39.906035 116.424689 39.940415
116.354818 39.872284 116.330603 39.868041
116.411317 39.872977 116.375411 39.863131
116.422548 39.85369 116.340545 39.890516
116.431129 39.899275 116.400352 39.88762
116.412245 39.921922 116.37565 39.893965
116.367976 39.897028 116.342383 39.94483
116.428803 39.904419 116.436845 39.877996
116.382952 39.931369 116.440447 39.891851
116.347 39.887355 116.390239 39.860928
116.441249 39.902601 116.368433 39.942378
116.416245 39.851333 116.428596 39.898497
116.411231 39.871858 116.383604 39.878484
116.367613 39.92749 116.387223 39.889629
116.390063 39.851895 116.413874 39.901447
116.356027 39.916926 116.333678 39.890903
116.438766 39.933719 116.394354 39.917858
116.366727 39.948844 116.396832 39.927508
116.398031 39.920875 116.434154 39.929186
116.3368 39.935198 116.377416 39.951751
116.439388 39.87254 116.425999 39.903846
116.339237 39.903993 116.377243 39.932593
116.352523 39.942434 116.357674 39.902265
116.360653 39.872444 116.415014 39.923872
116.382431 39.849516 116.416934 39.905243
116.394957 39.918763 116.432 39.928936
116.388568 39.948509 116.397414 39.850903
116.373123 39.939039 116.417554 39.894698
116.34713 39.871796 116.374399 39.905335
116.431999 39.868672 116.378871 39.864805
116.336099 39.858238 116.376781 39.856162
116.361983 39.932911 116.38775 39.887862
116.4332 39.955481 116.405215 39.851277
116.364619 39.932009 116.384909 39.887397
116.342763 39.873619 116.377875 39.892634
116.340626 39.93602 116.421286 39.928334
116.431796 39.856793 116.344959 39.884657
116.36907 39.937825 116.428846 39.955135
116.425702 39.891474 116.377407 39.902309
116.342362 39.85885 116.386457 39.901384
116.413115 39.937144 116.373893 39.910258
116.396267 39.871533 116.363953 39.870191
116.332416 39.934521 116.374923 39.949557
116.420567 39.868415 116.356716 39.899725
116.428966 39.957551 116.331216 39.917739
116.399719 39.85764 116.4271 39.900711
116.439261 39.848727 116.427862 39.916394
116.3924 39.893186 116.365394 39.898733
116.421955 39.929492 116.43058 39.911547
116.374988 39.888261 116.416579 39.908208
116.393536 39.917723 116.436935 39.934731
116.411816 39.929201 116.376046 39.90806
116.433169 39.874324 116.417697 39.88801
116.423524 39.893657 116.37384 39.906643
116.366787 39.936874 116.386085 39.888501
116.428706 39.924783 116.396766 39.953994
116.405958 39.923684 116.439913 39.938844
116.362073 39.888357 116.390928 39.912433
116.343294 39.940805 116.345145 39.866705
116.426323 39.890875 116.400627 39.900265
116.352409 39.952382 116.414603 39.950157
116.430466 39.853343 116.343401 39.887367
116.342679 39.877565 116.361234 39.898915
116.365844 39.942784 116.341341 39.938223
116.398416 39.867172 116.36805 39.873141
116.429429 39.886982 116.370856 39.904011
116.343749 39.870159 116.376178 39.911053
116.416716 39.877365 116.425619 39.853686
116.396291 39.917675 116.438014 39.929064
116.423708 39.851402 116.341268 39.887757
116.399555 39.92036 116.433901 39.930318
116.336107 39.921731 116.386742 39.893441
116.331644 39.877394 116.354355 39.899965
116.332041 39.904755 116.376015 39.935647
116.371591 39.917054 116.414757 39.905216
116.389414 39.867053 116.343131 39.880134
116.341138 39.879852 116.390215 39.871045
116.367191 39.942726 116.347291 39.946847
116.394441 39.860831 116.430628 39.904784
116.374549 39.879423 116.420006 39.953785
116.42009 39.949664 116.335113 39.919727
116.348264 39.868211 116.380163 39.899682
116.410779 39.951666 116.435259 39.955698
116.402941 39.865902 116.438936 39.936477
116.399823 39.858268 116.423435 39.906676
116.358628 39.951289 116.356584 39.900401
116.432734 39.883163 116.419508 39.908164
116.416844 39.903062 116.390491 39.954337
116.418709 39.878154 116.423649 39.848348
116.439166 39.872145 116.419432 39.89715
116.432054 39.929804 116.391792 39.920195
116.413931 39.878448 116.422537 39.848581
116.43168 39.902798 116.365806 39.940392
116.377426 39.945177 116.415669 39.93008
116.409755 39.943757 116.433877 39.940315
116.418615 39.925366 116.404046 39.94875
116.351036 39.943711 116.35941 39.899443
116.338777 39.870643 116.404361 39.858933
116.350085 39.936074 116.390746 39.941032
116.345189 39.897606 116.38386 39.954352
116.401172 39.88794 116.397294 39.861732
116.385727 39.95019 116.395138 39.850046
116.391166 39.931366 116.440235 39.94047
116.437254 39.923505 116.412319 39.913034
116.340169 39.928325 116.377772 39.956527
116.353781 39.914276 116.332448 39.88698
116.339882 39.891085 116.370481 39.861837
116.365635 39.938799 116.34608 39.943965
116.397511 39.95725 116.339808 39.913098
116.367489 39.847704 116.41395 39.880323
116.349574 39.85482 116.362962 39.869628
116.353159 39.907765 116.338254 39.894735
116.37444 39.950714 116.344899 39.935045
116.438042 39.870002 116.375183 39.865466
116.348249 39.944185 116.343398 39.873435
116.439029 39.868393 116.418125 39.892864
116.365776 39.925764 116.406534 39.870916
116.388285 39.937306 116.438912 39.889259
116.335034 39.929466 116.379211 39.949313
116.419167 39.936966 116.434112 39.901481
116.355101 39.945041 116.351018 39.898971
116.399141 39.922789 116.436324 39.936784
116.418971 39.925999 116.347064 39.935403
116.361644 39.872375 116.3337 39.95542
116.441075 39.864295 116.345484 39.878047
116.381033 39.882726 116.423428 39.895293
116.438341 39.906562 116.365711 39.944897
116.420683 39.892226 116.36738 39.898125
116.400194 39.918663 116.441144 39.933759
116.425709 39.912243 116.380635 39.918374
116.413032 39.876324 116.439445 39.895706
116.419381 39.852184 116.441228 39.898027
116.397202 39.889742 116.434611 39.913458
116.404166 39.867777 116.380445 39.901475
116.339852 39.865489 116.374472 39.850745
116.402725 39.941237 116.428506 39.930318
116.345755 39.898867 116.430868 39.916592
116.34438 39.938742 116.409938 39.900583
116.331953 39.932611 116.375028 39.953794
116.36723 39.862761 116.420676 39.867798
116.399834 39.918186 116.4337 39.927915
116.383638 39.954613 116.345071 39.904021
116.364644 39.872624 116.414467 39.919876
116.360453 39.874039 116.399879 39.904923
116.387133 39.947027 116.436913 39.937546
116.399113 39.884418 116.434513 39.936243
116.374311 39.879501 116.369729 39.920541
116.399089 39.858965 116.426758 39.897443
116.419204 39.900303 116.363728 39.908374
116.365264 39.864605 116.420925 39.869844
116.388647 39.940431 116.438434 39.943203
116.364882 39.927908 116.389421 39.894901
116.425344 39.854653 116.344211 39.892208
116.392083 39.858418 116.430809 39.906297
116.341423 39.877499 116.384808 39.872648
116.365439 39.857345 116.419389 39.870431
116.434984 39.882759 116.420438 39.913892
116.334909 39.9032 116.374116 39.935083
116.351727 39.937209 116.389383 39.955404
116.419776 39.93582 116.438792 39.901968
116.372098 39.894795 116.433557 39.890553
116.425634 39.875425 116.413308 39.903476
116.4312 39.940525 116.362934 39.903217
116.343332 39.942345 116.406125 39.905363
116.368349 39.955296 116.419111 39.91623
116.402519 39.928722 116.425629 39.89947
116.3351 39.916609 116.34499 39.939672
116.440234 39.935385 116.390933 39.921627
116.335203 39.897805 116.380028 39.932815
116.438001 39.87129 116.424615 39.908838
116.405156 39.867676 116.360263 39.900519
116.42646 39.854566 116.347972 39.892399
116.376343 39.887867 116.405855 39.84905
116.370653 39.912053 116.413266 39.901523
116.341739 39.923733 116.342999 39.955136
116.421844 39.856639 116.423205 39.894808
116.359909 39.908645 116.337408 39.896684
116.342489 39.942389 116.407949 39.90653
116.387098 39.931566 116.330707 39.926981
116.386628 39.851987 116.345317 39.886051
116.43567 39.858054 116.342044 39.884175
116.399644 39.856648 116.426742 39.903062
116.353257 39.851455 116.413196 39.846538
116.437784 39.860884 116.406794 39.849071
116.337886 39.935333 116.37247 39.95413
116.351492 39.933316 116.388075 39.9563
116.330967 39.936445 116.379903 39.951572
116.341312 39.917571 116.348837 39.956127
116.420554 39.927831 116.437538 39.899438
116.344445 39.847366 116.36791 39.871102
116.359929 39.893931 116.430547 39.889072
116.373902 39.876907 116.411452 39.948286
116.424444 39.941439 116.348816 39.951688
116.405334 39.918444 116.437867 39.903645
116.430295 39.859832 116.427427 39.894221
116.394928 39.927048 116.440733 39.928664
116.343927 39.882129 116.34678 39.921088
116.437035 39.85788 116.412027 39.884789
116.409498 39.928045 116.419476 39.9011
116.339828 39.924546 116.37191 39.949846
116.36096 39.900879 116.342576 39.945763
116.348559 39.897413 116.428378 39.85856
116.431757 39.904207 116.415626 39.922413
116.365937 39.948477 116.397751 39.927749
116.374952 39.847879 116.359298 39.870905
116.436891 39.877964 116.416058 39.910744
116.376891 39.909246 116.411893 39.899905
116.419883 39.951023 116.42638 39.906697
116.419155 39.907837 116.436605 39.896231
116.401379 39.867904 116.350805 39.899944
116.402772 39.906885 116.367622 39.880764
116.364379 39.883746 116.430283 39.906619
116.425011 39.920926 116.400351 39.957495
116.367396 39.874461 116.331384 39.957539
116.33102 39.878944 116.359686 39.905218
116.4359 39.876155 116.426483 39.900267
116.401076 39.924228 116.43853 39.940502
116.354105 39.893913 116.430638 39.927771
116.351275 39.951365 116.41225 39.955714
116.371098 39.947249 116.416569 39.887594
116.364264 39.922916 116.404228 39.870457
116.429744 39.938994 116.346185 39.951824
116.385445 39.90075 116.404245 39.938775
116.360691 39.939234 116.429515 39.949818
116.395166 39.871664 116.365441 39.87078
116.356328 39.912503 116.336604 39.893175
116.342077 39.941051 116.342288 39.875662
116.344401 39.854547 116.36567 39.872439
116.346201 39.881352 116.341675 39.918929
116.341799 39.938735 116.345883 39.86667
116.422741 39.848294 116.341261 39.888644
116.331389 39.892302 116.396743 39.898777
116.3349 39.922604 116.37832 39.951854
116.340476 39.852673 116.362674 39.868174
116.43598 39.863433 116.344388 39.884473
116.337728 39.88525 116.359015 39.898522
116.415178 39.849345 116.34294 39.875438
116.367763 39.930759 116.384031 39.890405
116.375481 39.871733 116.422844 39.867745
116.376772 39.860088 116.416094 39.916725
116.419371 39.886461 116.430063 39.850949
116.372984 39.874713 116.426827 39.873863
116.414582 39.848988 116.349256 39.867623
