116.403424 39.940548 116.440728 39.938036
116.367436 39.915755 116.387398 39.942446
116.370579 39.954675 116.419076 39.938636
116.354959 39.872727 116.332992 39.88277
116.350151 39.888675 116.387935 39.864465
116.429819 39.868202 116.40532 39.921921
116.343 39.855269 116.366467 39.867707
116.407907 39.872049 116.357401 39.897169
116.428712 39.861763 116.423572 39.893874
116.417033 39.861501 116.416733 39.892661
116.434644 39.936617 116.391866 39.923223
116.411181 39.866832 116.352492 39.906081
116.37909 39.904184 116.426003 39.8981
116.340548 39.920659 116.370918 39.872007
116.432007 39.889163 116.401311 39.899612
116.411069 39.948029 116.430625 39.898424
116.39708 39.871598 116.364905 39.872482
116.426527 39.941413 116.340958 39.948946
116.355331 39.907559 116.330381 39.886883
116.428903 39.883217 116.427863 39.918753
116.349623 39.891019 116.345544 39.956095
116.416543 39.951758 116.330183 39.923333
116.391657 39.869285 116.363548 39.870913
116.398386 39.8715 116.362093 39.873321
116.350254 39.875622 116.37745 39.888264
116.434 39.940695 116.363099 39.898545
116.423328 39.913952 116.427838 39.941705
116.337318 39.919987 116.378279 39.956915
116.439113 39.952595 116.409606 39.85537
116.374238 39.891507 116.348478 39.947266
116.380144 39.906601 116.343617 39.934101
116.349047 39.873021 116.372026 39.91699
116.336264 39.901845 116.373231 39.932021
116.336086 39.894778 116.397425 39.89729
116.43211 39.85001 116.42917 39.907245
116.39432 39.872867 116.367588 39.8722
116.368475 39.895616 116.333286 39.944414
116.406153 39.938224 116.332611 39.911222
116.377328 39.894195 116.401154 39.85276
116.366589 39.917507 116.406138 39.875908
116.345779 39.8757 116.379239 39.914192
116.42089 39.923498 116.37135 39.886938
116.36197 39.876604 116.394701 39.900476
116.332357 39.925845 116.383361 39.896895
116.349362 39.952639 116.372053 39.944634
116.411334 39.901381 116.397744 39.950679
116.341688 39.906254 116.340349 39.932352
116.437407 39.946218 116.401306 39.894847
116.352354 39.905864 116.406174 39.892103
116.349237 39.888561 116.345776 39.953186
116.433741 39.948601 116.411281 39.903303
116.331602 39.888218 116.417766 39.905982
116.365087 39.924701 116.402511 39.871239
116.378631 39.871239 116.360409 39.905433
116.33551 39.921584 116.389266 39.892042
116.435124 39.948961 116.411923 39.897259
116.419796 39.951346 116.425611 39.903412
116.386425 39.862895 116.367309 39.890802
116.373455 39.947162 116.411913 39.892257
116.404735 39.939293 116.43321 39.938447
116.390153 39.906415 116.373358 39.877215
116.435508 39.903349 116.364895 39.946517
116.366359 39.931316 116.387693 39.892814
116.343804 39.855333 116.36528 39.873599
116.418551 39.954214 116.389864 39.905852
116.402016 39.856425 116.386045 39.852714
116.345066 39.945699 116.401297 39.906214
116.345357 39.933131 116.333494 39.903678
116.384877 39.946668 116.433227 39.938759
116.348708 39.933432 116.383911 39.947821
116.349504 39.881732 116.38937 39.87176
116.338905 39.904093 116.378088 39.9299
116.375539 39.940578 116.414786 39.931982
116.342234 39.890622 116.382829 39.857403
116.379412 39.866169 116.354719 39.895013
116.353228 39.916556 116.338535 39.891017
116.367729 39.915992 116.390542 39.893032
116.374327 39.905949 116.415415 39.888922
116.356258 39.883545 116.391723 39.858576
116.424922 39.900756 116.385133 39.876121
116.423266 39.94206 116.348038 39.955824
116.440948 39.948258 116.353396 39.909872
116.330929 39.908101 116.341412 39.947148
116.386998 39.848162 116.337181 39.889163
116.342663 39.926219 116.423638 39.90564
116.367921 39.938023 116.425663 39.953199
116.36193 39.875755 116.331836 39.957387
116.368247 39.899279 116.41414 39.852298
116.430417 39.873014 116.416083 39.897465
116.424746 39.907705 116.375455 39.956902
116.363958 39.877297 116.408825 39.858395
116.352166 39.853103 116.419095 39.846592
116.360063 39.854551 116.413433 39.849109
116.343822 39.922882 116.371753 39.875257
116.430748 39.874997 116.414889 39.906766
116.412665 39.89331 116.361086 39.898754
116.403019 39.951304 116.439325 39.954801
116.356746 39.90331 116.408506 39.891261
116.38178 39.855799 116.419641 39.898061
116.330138 39.901889 116.374636 39.936894
116.336402 39.861038 116.371332 39.84728
116.352523 39.954606 116.416846 39.947947
116.42508 39.873309 116.420883 39.906992
116.399632 39.931037 116.438924 39.946343
116.407776 39.865105 116.437509 39.927502
116.413852 39.863822 116.382135 39.850603
116.392992 39.900912 116.422115 39.878067
116.364654 39.925039 116.402385 39.871514
116.42438 39.912622 116.431717 39.874167
116.420618 39.881433 116.428441 39.848135
116.394628 39.954575 116.412919 39.91585
116.426743 39.894282 116.39706 39.89864
116.379185 39.874698 116.421478 39.875177
116.398774 39.918939 116.435325 39.928989
116.347215 39.917092 116.376894 39.870465
116.381377 39.938944 116.342528 39.957384
116.380615 39.956814 116.414793 39.940504
116.387034 39.951504 116.424811 39.901045
116.33913 39.928112 116.375319 39.952675
116.380009 39.881889 116.411105 39.954494
116.34606 39.90382 116.362416 39.887772
116.415765 39.874941 116.421654 39.924846
116.369588 39.920921 116.406395 39.86874
116.424128 39.900524 116.392063 39.892317
116.416895 39.849932 116.426141 39.902667
116.419287 39.906356 116.382119 39.879676
116.425888 39.853616 116.344118 39.895067
116.339766 39.933418 116.372518 39.95617
116.344266 39.957189 116.3755 39.940617
116.348845 39.945387 116.403637 39.901706
116.436939 39.925747 116.39372 39.903269
116.384578 39.927869 116.33671 39.926739
116.332808 39.862523 116.375028 39.85542
116.40387 39.853615 116.439068 39.895622
116.377328 39.899722 116.344245 39.887618
116.417608 39.955527 116.428249 39.906406
116.363201 39.939727 116.342443 39.943251
116.369404 39.905949 116.432966 39.890048
116.417048 39.891256 116.364161 39.897895
116.438076 39.948887 116.360347 39.914707
116.356318 39.883809 116.379476 39.905061
116.440196 39.941403 116.401351 39.888625
116.402872 39.8631 116.432608 39.933958
116.433153 39.862271 116.341546 39.88277
116.397002 39.874682 116.360821 39.87013
116.345979 39.899472 116.343856 39.932685
116.376897 39.927192 116.426273 39.910541
116.408997 39.87217 116.41853 39.897601
116.36742 39.946508 116.428209 39.953286
116.382156 39.85853 116.429487 39.875807
116.440709 39.881488 116.414525 39.912979
116.331575 39.93012 116.380566 39.953265
116.415856 39.941606 116.395117 39.956297
116.424238 39.951234 116.338093 39.918896
116.384597 39.86982 116.353189 39.884494
116.414412 39.89038 116.367964 39.900265
116.420405 39.951635 116.333878 39.925044
116.374477 39.863657 116.419793 39.912587
116.411554 39.95611 116.385763 39.897802
116.395791 39.869033 116.363299 39.874594
116.412168 39.929767 116.432148 39.898288
116.3926 39.95467 116.4129 39.894426
116.416707 39.852781 116.437955 39.90235
116.439055 39.857791 116.411168 39.879111
116.378152 39.851264 116.332649 39.87805
116.42089 39.888591 116.43014 39.852713
116.343073 39.865538 116.386694 39.903892
116.433647 39.954324 116.430839 39.894154
116.420679 39.84801 116.341237 39.871087
116.413874 39.85818 116.390605 39.854653
116.431357 39.880912 116.344836 39.881144
116.363324 39.88033 116.401228 39.863516
116.424056 39.857093 116.405538 39.906241
116.437381 39.91415 116.433141 39.957221
116.371246 39.902156 116.347689 39.872019
116.373427 39.868068 116.414264 39.884057
116.334574 39.904253 116.379638 39.93126
116.390561 39.848604 116.416631 39.905936
116.412259 39.922011 116.379492 39.924514
116.33193 39.935128 116.371701 39.955984
116.371777 39.93241 116.402401 39.947716
116.438747 39.901391 116.378052 39.852734
116.364033 39.869567 116.332878 39.953151
116.36323 39.938299 116.344399 39.938296
116.41049 39.907282 116.431048 39.889784
116.330349 39.920302 116.386595 39.891153
116.33088 39.906141 116.371818 39.928207
116.341077 39.915662 116.37186 39.874208
116.343072 39.850786 116.369456 39.876561
116.379302 39.880466 116.390024 39.853991
116.3326 39.861521 116.372649 39.850672
116.355936 39.902333 116.405383 39.892203
116.343418 39.94574 116.402128 39.904636
116.39391 39.855637 116.369294 39.875357
116.403894 39.916491 116.362581 39.9031
116.346811 39.921753 116.371648 39.871792
116.364043 39.937934 116.427566 39.954874
116.417465 39.955495 116.428502 39.900114
116.343185 39.875476 116.377339 39.914707
116.419344 39.916144 116.420111 39.942042
116.337433 39.924481 116.388449 39.894751
116.331881 39.912498 116.346649 39.946539
116.375765 39.929196 116.410469 39.949799
116.336586 39.905868 116.378943 39.929805
116.336022 39.913657 116.345557 39.946622
116.40396 39.847214 116.368149 39.875667
116.351363 39.946805 116.428211 39.933293
116.341374 39.91091 116.38002 39.874981
116.419588 39.925899 116.342883 39.929082
116.381114 39.872218 116.349333 39.885201
116.368889 39.874713 116.420653 39.919043
116.360848 39.879912 116.421401 39.901866
116.427842 39.858479 116.361083 39.846507
116.410213 39.894313 116.393722 39.86184
116.401206 39.949916 116.430815 39.915374
116.378812 39.942013 116.411283 39.895584
116.363654 39.950072 116.395537 39.935187
116.393452 39.899226 116.430478 39.91286
116.417279 39.948679 116.4293 39.903608
116.377456 39.856354 116.378363 39.902037
116.416763 39.878331 116.426126 39.847758
116.363578 39.938281 116.345826 39.9376
116.349726 39.912507 116.377925 39.882807
116.422711 39.912737 116.373102 39.957488
116.348891 39.899201 116.390198 39.950853
116.391828 39.846384 116.366584 39.867864
116.401816 39.894417 116.396533 39.86567
116.409268 39.856338 116.382824 39.849099
116.343766 39.86939 116.419416 39.855102
116.344949 39.925243 116.427164 39.897731
116.409898 39.898256 116.367625 39.933285
116.340155 39.90913 116.341514 39.937457
116.394194 39.889916 116.428883 39.898639
116.372639 39.901783 116.426329 39.906797
116.428551 39.909481 116.434232 39.868435
116.37334 39.936354 116.403099 39.953315
116.422701 39.860423 116.409079 39.898733
116.402052 39.913898 116.365859 39.898254
116.399969 39.884866 116.43356 39.929815
116.39163 39.921378 116.440022 39.932197
116.421195 39.880942 116.423174 39.919082
116.438312 39.936356 116.394258 39.925216
116.403853 39.857729 116.4063 39.910463
116.397163 39.918672 116.433085 39.933559
116.419904 39.939408 116.397255 39.950844
116.350946 39.900262 116.410472 39.890825
116.380229 39.94003 116.416822 39.934864
116.421559 39.923368 116.412503 39.885577
116.414116 39.847166 116.437635 39.902613
116.397926 39.901882 116.423009 39.912461
116.436685 39.903141 116.414296 39.919594
116.349031 39.901344 116.344489 39.928674
116.428973 39.862621 116.407914 39.898535
116.417066 39.910767 116.418162 39.939993
116.428317 39.87947 116.427249 39.926455
116.395091 39.886885 116.421236 39.899592
116.354341 39.85093 116.416314 39.855815
116.378689 39.950012 116.346861 39.92926
116.383676 39.931656 116.440892 39.890481
116.402716 39.872189 116.357959 39.901296
116.425754 39.914223 116.429343 39.9457
116.364968 39.884848 116.418737 39.890191
116.419635 39.942913 116.436551 39.915492
116.339889 39.887742 116.366708 39.865096
116.351608 39.91335 116.336901 39.888253
116.344694 39.944433 116.34478 39.876676
116.370659 39.861165 116.350423 39.892474
116.369731 39.873911 116.333725 39.95702
116.423824 39.847662 116.349295 39.890782
116.373749 39.884488 116.416359 39.948712
116.411477 39.878397 116.424721 39.846666
116.422732 39.857495 116.424196 39.889428
116.406368 39.898582 116.362524 39.881297
116.403678 39.950742 116.429943 39.914999
116.370811 39.904168 116.346914 39.868889
116.432537 39.873487 116.430411 39.898316
116.427588 39.916465 116.428373 39.943135
116.370561 39.930297 116.402812 39.947728
116.396763 39.936464 116.433264 39.944008
116.372034 39.852067 116.33281 39.877411
116.388258 39.885123 116.431124 39.894518
116.344461 39.917809 116.348892 39.955545
116.429244 39.911059 116.433988 39.875993
116.426099 39.858911 116.401385 39.899638
116.391299 39.906306 116.423813 39.908708
116.400604 39.955206 116.338116 39.913389
116.418179 39.861642 116.381184 39.853845
116.371848 39.953198 116.419097 39.937995
116.335892 39.895944 116.396441 39.9051
116.377919 39.939601 116.416592 39.894748
116.40917 39.952885 116.402929 39.898336
116.34137 39.881896 116.369308 39.900918
116.373629 39.945374 116.414421 39.934696
116.428925 39.910603 116.423694 39.940804
116.413694 39.954379 116.42876 39.9015
116.426951 39.944597 116.347519 39.95291
116.430555 39.904465 116.426294 39.853051
116.373609 39.860865 116.354995 39.891649
116.424144 39.859671 116.401715 39.90468
116.359895 39.915358 116.336431 39.895997
116.354066 39.882155 116.386334 39.936924
116.438003 39.878913 116.390028 39.895636
116.423599 39.885133 116.426871 39.91897
116.4044 39.937636 116.425407 39.930777
116.430513 39.861862 116.361105 39.852872
116.365558 39.879941 116.428089 39.898887
116.38216 39.871449 116.35134 39.885033
116.366582 39.907263 116.431103 39.925385
116.43217 39.865761 116.414854 39.882936
116.349836 39.948748 116.37266 39.943494
116.392361 39.861396 116.430406 39.899347
116.387164 39.903684 116.403223 39.945974
116.353533 39.85242 116.421065 39.853699
116.386596 39.856877 116.426947 39.934425
116.396597 39.894494 116.440193 39.909063
116.341025 39.865433 116.381535 39.903545
116.383209 39.873862 116.344335 39.879052
116.332178 39.894698 116.411505 39.897986
116.339953 39.936746 116.375433 39.948147
116.402272 39.857108 116.355842 39.889215
116.381528 39.856137 116.415866 39.874837
116.430896 39.916628 116.421411 39.94617
116.428972 39.895176 116.376566 39.901387
116.387634 39.857961 116.42616 39.928395
116.352684 39.903445 116.404528 39.891294
116.357435 39.846471 116.420747 39.853473
116.379113 39.898348 116.422167 39.898662
116.371678 39.876761 116.368395 39.860085
116.350504 39.908178 116.338426 39.888156
116.398806 39.927568 116.43326 39.939605
116.419653 39.951498 116.427757 39.902765
116.37556 39.880543 116.415227 39.950674
116.423055 39.862329 116.402585 39.906098
116.349615 39.906173 116.360587 39.888808
116.347448 39.917183 116.342383 39.952587
116.337678 39.89083 116.390746 39.899716
116.378133 39.88096 116.412884 39.957128
116.389157 39.928055 116.339354 39.91981
116.394192 39.854837 116.417255 39.856973
116.416861 39.944875 116.438311 39.91184
116.365934 39.867445 116.419865 39.91935
116.347782 39.917359 116.426326 39.902808
116.331548 39.926926 116.389312 39.894473
116.396774 39.955407 116.413011 39.893126
116.421361 39.92542 116.419789 39.955367
116.385684 39.873019 116.346703 39.881277
116.35095 39.900014 116.402583 39.891956
116.421787 39.929976 116.384014 39.892939
116.398967 39.899369 116.430902 39.882104
116.393101 39.852164 116.416521 39.858647
116.421974 39.946461 116.344828 39.948018
116.351149 39.883 116.374295 39.896948
116.375395 39.942888 116.41497 39.896735
116.402793 39.860892 116.355495 39.892351
116.42172 39.896424 116.430057 39.934003
116.408855 39.903535 116.369162 39.932069
116.376791 39.889399 116.438911 39.889051
116.436565 39.951918 116.400883 39.854328
116.411915 39.927284 116.434198 39.901462
116.39196 39.956021 116.418531 39.907507
116.358437 39.890832 116.422049 39.928423
116.377044 39.859047 116.419362 39.91476
116.379812 39.901079 116.427847 39.906
116.380841 39.87921 116.43013 39.895604
116.378445 39.933683 116.404636 39.954619
116.399085 39.953558 116.414666 39.895937
116.34322 39.947424 116.403138 39.906046
116.411253 39.956319 116.386896 39.898733
116.438152 39.862951 116.344348 39.884759
116.380621 39.919088 116.376096 39.90448
116.438578 39.948835 116.417734 39.903023
116.37166 39.880348 116.369392 39.922295
116.333185 39.893811 116.365353 39.860519
116.368774 39.891021 116.33539 39.944724
116.414278 39.858827 116.411972 39.8956
116.35449 39.936673 116.384506 39.948577
116.399938 39.895139 116.425633 39.902694
116.368192 39.913502 116.387438 39.889187
116.366507 39.879801 116.412732 39.889186
116.362038 39.920056 116.405206 39.870366
116.43225 39.868769 116.37619 39.865716
116.37722 39.94396 116.417425 39.88717
116.426454 39.924693 116.398204 39.88878
116.41352 39.913403 116.431997 39.895387
116.35142 39.850566 116.412337 39.850497
116.397069 39.84804 116.431273 39.874691
116.355217 39.87756 116.340513 39.924737
116.381318 39.878681 116.423433 39.895113
116.407072 39.900183 116.362407 39.934328
116.365071 39.915886 116.382154 39.941171
116.397675 39.893219 116.365645 39.899638
116.424107 39.916526 116.423948 39.939884
116.357166 39.931155 116.387127 39.951275
116.340825 39.918031 116.428039 39.905767
116.422007 39.86267 116.424561 39.892222
116.369809 39.953827 116.417255 39.917011
116.408838 39.860601 116.433801 39.935635
116.361053 39.944352 116.341509 39.938113
116.418114 39.911492 116.434796 39.896515
116.387438 39.871334 116.345205 39.885668
116.364657 39.889775 116.3301 39.945623
116.354177 39.938681 116.3558 39.899359
116.369991 39.936726 116.387059 39.889776
116.43135 39.949298 116.353241 39.912846
116.380471 39.883116 116.416227 39.957276
116.370514 39.875931 116.338033 39.949359
116.415217 39.955278 116.421109 39.898207
116.379866 39.857619 116.355213 39.893026
116.438541 39.89246 116.436783 39.939967
116.372729 39.924908 116.406361 39.949534
116.41952 39.92868 116.377613 39.912951
116.415812 39.904969 116.383254 39.886212
116.365434 39.880954 116.406937 39.863378
116.363894 39.898726 116.435648 39.887735
116.356181 39.946694 116.425108 39.930267
116.380113 39.912604 116.41215 39.899843
116.427346 39.907429 116.438512 39.870899
116.345774 39.931226 116.382284 39.953091
116.365817 39.913648 116.381614 39.894467
116.352408 39.911774 116.339857 39.896709
116.350874 39.896904 116.402467 39.889793
116.427882 39.94398 116.345436 39.955372
116.417012 39.859347 116.418175 39.895539
116.411634 39.863406 116.411655 39.890201
116.430011 39.904497 116.428127 39.956404
116.339184 39.92667 116.377514 39.951092
116.341826 39.945344 116.40947 39.897852
116.39505 39.923816 116.437769 39.936364
116.398956 39.851086 116.435925 39.867814
116.349109 39.869373 116.411392 39.846387
116.379495 39.947508 116.34376 39.933192
116.42914 39.859936 116.409204 39.900021
116.352096 39.885333 116.400715 39.8613
116.334667 39.911386 116.346226 39.943673
116.414529 39.948879 116.338076 39.896909
116.402418 39.863663 116.35073 39.892807
116.404105 39.917644 116.432644 39.939227
116.370122 39.872575 116.418221 39.920987
116.352865 39.851351 116.412616 39.847522
116.345615 39.944946 116.405494 39.906028
116.426351 39.908105 116.375609 39.953751
116.42 39.938905 116.434808 39.908033
116.39924 39.851331 116.363483 39.879753
116.387786 39.948001 116.344104 39.897481
116.375124 39.857596 116.415583 39.916485
116.42498 39.903662 116.381336 39.903793
116.436759 39.918174 116.391889 39.905931
116.335496 39.902031 116.375487 39.929697
116.414113 39.86301 116.387213 39.85438
116.339601 39.914657 116.346806 39.946546
116.336356 39.918537 116.376472 39.94799
116.414071 39.953595 116.397227 39.937307
116.419721 39.882877 116.423872 39.850629
116.436058 39.944647 116.406149 39.89275
116.33856 39.891585 116.393864 39.903398
116.400617 39.874667 116.366755 39.872987
116.43572 39.88816 116.379205 39.953144
116.393318 39.848656 116.438945 39.867643
116.424892 39.87155 116.419317 39.897734
116.395243 39.931147 116.432914 39.943577
116.413705 39.941103 116.379928 39.889691
116.404964 39.86482 116.406589 39.913571
116.439569 39.876035 116.428994 39.89788
116.385959 39.858134 116.427795 39.935064
116.341599 39.851948 116.363575 39.870348
116.376439 39.94599 116.41594 39.894076
116.353349 39.851371 116.419346 39.849221
116.362117 39.904411 116.417991 39.850103
116.421479 39.933987 116.422367 39.908802
116.385004 39.901995 116.34344 39.939105
116.409212 39.948472 116.440687 39.953872
116.407773 39.897205 116.364907 39.885993
116.348972 39.875944 116.377396 39.915846
116.390911 39.905896 116.422991 39.88124
116.425349 39.857373 116.407806 39.902257
116.391832 39.887648 116.37014 39.846593
116.42433 39.936107 116.38786 39.891435
116.437037 39.899935 116.421567 39.944472
116.372534 39.934907 116.407835 39.953488
116.36335 39.881704 116.340461 39.9021
116.395354 39.899101 116.423711 39.915015
116.376788 39.85547 116.402264 39.854931
116.39111 39.90383 116.349975 39.919266
116.348084 39.930166 116.332811 39.905078
116.441001 39.849852 116.424547 39.908802
116.405241 39.865621 116.351267 39.887359
116.413872 39.877296 116.421593 39.848844
116.347261 39.904066 116.350229 39.93616
116.379422 39.8805 116.419744 39.954503
116.407483 39.94194 116.438798 39.94697
116.369007 39.936377 116.387101 39.887935
116.360487 39.940323 116.423708 39.95273
116.354571 39.870036 116.330266 39.87368
116.376074 39.929941 116.406917 39.955314
116.38197 39.949414 116.396113 39.853276
116.373536 39.900584 116.427977 39.954958
116.405298 39.9053 116.367774 39.88098
116.350837 39.894906 116.353934 39.932464
116.347655 39.863366 116.384611 39.90556
116.425428 39.896284 116.373958 39.902925
116.337301 39.928885 116.376727 39.948863
116.384766 39.864676 116.426113 39.933786
116.408449 39.853594 116.371829 39.87025
116.36413 39.943021 116.430478 39.954037
116.432057 39.876312 116.413427 39.905712
116.398426 39.887883 116.439672 39.914626
116.417733 39.910446 116.43996 39.891823
116.402906 39.949702 116.415521 39.915177
116.369663 39.939122 116.426107 39.955323
116.37776 39.856371 116.406456 39.852374
116.355739 39.895332 116.426857 39.9312
116.352101 39.903301 116.426765 39.909748
116.389147 39.905902 116.341097 39.948924
116.369447 39.875449 116.414477 39.918039
116.4005 39.89966 116.429892 39.910866
116.334035 39.912814 116.345925 39.945836
116.333469 39.923298 116.388377 39.890936
116.392475 39.905198 116.426423 39.908727
116.429016 39.948551 116.416125 39.929642
116.345033 39.905618 116.362227 39.894512
116.372172 39.860789 116.357974 39.896042
116.416132 39.954194 116.43055 39.902661
116.433842 39.906549 116.368867 39.943176
116.408222 39.903861 116.365405 39.932437
116.396605 39.8612 116.422713 39.897515
116.437093 39.877416 116.34643 39.877846
116.393007 39.949634 116.338673 39.91229
116.374756 39.905334 116.424763 39.906456
116.405019 39.848529 116.360477 39.874247
116.389596 39.878658 116.424898 39.894584
116.394406 39.889142 116.360612 39.849911
116.434912 39.893322 116.440745 39.937587
116.360744 39.911234 116.390689 39.891524
116.364031 39.92346 116.40291 39.868589
116.361132 39.957482 116.397432 39.931699
116.397307 39.881473 116.439508 39.933456
116.340168 39.898528 116.370621 39.929605
116.410617 39.92453 116.436569 39.941665
116.423268 39.915634 116.387597 39.919472
116.371704 39.881748 116.36628 39.917336
116.361095 39.935596 116.381161 39.894527
116.431699 39.893021 116.365715 39.913095
116.402994 39.915336 116.430591 39.891808
116.37115 39.85504 116.37555 39.900523
116.358682 39.86696 116.330642 39.885377
116.359296 39.847987 116.417454 39.848164
116.391889 39.853823 116.431385 39.863521
116.400252 39.90306 116.429144 39.91617
116.396729 39.897686 116.422712 39.879022
116.351465 39.934607 116.385672 39.952537
116.416811 39.851589 116.430105 39.905482
116.364191 39.942276 116.349774 39.944609
116.423932 39.855112 116.34347 39.889136
116.379032 39.948245 116.419379 39.943894
116.42946 39.882314 116.430967 39.918824
116.424548 39.930037 116.385667 39.892812
116.424065 39.938939 116.347786 39.956296
116.401946 39.947453 116.416956 39.910463
116.365133 39.943232 116.423207 39.953345
116.38612 39.944496 116.349172 39.950397
116.43076 39.862835 116.425018 39.8934
116.412907 39.947973 116.361921 39.949186
116.432177 39.894487 116.404805 39.901468
116.341582 39.920742 116.427512 39.902795
116.375253 39.881483 116.417377 39.95261
116.404993 39.889797 116.392548 39.865663
116.363597 39.940393 116.343906 39.945668
116.3442 39.94688 116.406928 39.903805
116.354762 39.892701 116.428467 39.929916
116.399038 39.853287 116.412053 39.862665
116.41697 39.884456 116.426996 39.85023
116.345379 39.936264 116.381803 39.937639
116.339721 39.904143 116.37318 39.931523
116.344762 39.872894 116.415176 39.8512
116.435836 39.870396 116.429407 39.915373
116.392417 39.890954 116.343461 39.887659
116.374932 39.848656 116.410572 39.854926
116.427305 39.892096 116.393271 39.915035
116.390757 39.935569 116.436779 39.941749
116.378749 39.918192 116.425386 39.908575
116.408449 39.948342 116.41361 39.912667
116.332026 39.904694 116.371888 39.934862
116.381423 39.855908 116.412413 39.901641
116.361056 39.876012 116.335253 39.956714
116.393183 39.872548 116.36162 39.871861
116.403558 39.898993 116.366054 39.936773
116.36289 39.886998 116.39236 39.916725
116.38459 39.946111 116.34779 39.956477
116.427063 39.944717 116.349978 39.954607
116.439953 39.939764 116.370391 39.906389
116.420791 39.943625 116.432465 39.916797
116.379976 39.885858 116.368648 39.918941
116.413335 39.853815 116.421521 39.893937
116.356948 39.935878 116.381207 39.948442
116.353783 39.892709 116.353216 39.936003
116.385224 39.870391 116.343856 39.886003
116.413871 39.916583 116.418238 39.938095
116.431714 39.951798 116.405306 39.853552
116.387793 39.88375 116.430963 39.891886
116.414217 39.927601 116.438023 39.90595
