116.367179 39.898413 116.347808 39.942243
116.350647 39.848412 116.411819 39.853904
116.352194 39.930937 116.390239 39.956631
116.347939 39.949691 116.37297 39.938314
116.368259 39.903904 116.341144 39.942801
116.413978 39.915816 116.403055 39.94986
116.350179 39.901801 116.423909 39.863087
116.334558 39.870831 116.408073 39.860395
116.412465 39.857381 116.382369 39.848239
116.371762 39.946147 116.418567 39.888175
116.414467 39.914688 116.412906 39.938178
116.400514 39.859928 116.42815 39.903543
116.425063 39.921303 116.391 39.896666
116.356388 39.900256 116.404124 39.895937
116.389588 39.86288 116.430441 39.872378
116.398044 39.88372 116.437032 39.936266
116.356669 39.889421 116.357598 39.936193
116.349823 39.8817 116.344428 39.921594
116.347829 39.858799 116.389284 39.906318
116.415254 39.858689 116.366869 39.912698
116.382821 39.952877 116.34752 39.899829
116.341607 39.874579 116.413087 39.850869
116.426307 39.918327 116.420083 39.882325
116.341555 39.858625 116.387681 39.902077
116.42715 39.896192 116.396376 39.908856
116.400312 39.905515 116.424301 39.886376
116.427474 39.872948 116.409723 39.921007
116.425389 39.888858 116.397983 39.898107
116.367968 39.859934 116.344282 39.893576
116.355885 39.944917 116.354348 39.906025
116.388704 39.948388 116.395184 39.856434
116.349601 39.859046 116.382708 39.904049
116.404783 39.889691 116.394653 39.862269
116.41805 39.932995 116.376546 39.915492
116.376029 39.892108 116.415406 39.908959
116.360693 39.90189 116.438859 39.892985
116.343771 39.848118 116.361404 39.87559
116.377442 39.917813 116.407022 39.951409
116.427479 39.90993 116.424041 39.940511
116.385576 39.932995 116.432197 39.888612
116.388869 39.8658 116.426936 39.871233
116.370267 39.86823 116.339349 39.947838
116.413572 39.851873 116.421912 39.887013
116.390735 39.857804 116.368785 39.892442
116.421077 39.91303 116.428321 39.944175
116.38024 39.90831 116.415962 39.898844
116.418755 39.90417 116.370244 39.915763
116.384851 39.933972 116.441193 39.894833
116.355829 39.950547 116.412812 39.951128
116.436006 39.887403 116.366636 39.913007
116.363402 39.925797 116.404026 39.875625
116.337429 39.907302 116.347972 39.945317
116.347626 39.933969 116.334353 39.906436
116.430495 39.849478 116.341415 39.890293
116.342268 39.880941 116.360534 39.900645
116.384453 39.872072 116.3468 39.878405
116.403839 39.856175 116.386082 39.853668
116.34917 39.89235 116.349865 39.95579
116.359588 39.851695 116.41932 39.849408
116.37171 39.917751 116.403283 39.956599
116.420497 39.95558 116.339704 39.926897
116.392471 39.890636 116.362996 39.901854
116.407897 39.952975 116.40786 39.904341
116.414129 39.913857 116.408267 39.955016
116.399495 39.851934 116.433045 39.865337
116.428342 39.897627 116.367184 39.921894
116.422742 39.896273 116.421598 39.935252
116.379926 39.872549 116.419513 39.885359
116.368477 39.903907 116.415027 39.851637
116.340011 39.895161 116.366881 39.860159
116.436472 39.895923 116.434346 39.941905
116.333765 39.914745 116.343809 39.944833
116.414444 39.86489 116.381958 39.849022
116.367912 39.947332 116.430858 39.948663
116.374699 39.860645 116.356532 39.890212
116.426606 39.850381 116.342568 39.890046
116.353822 39.848157 116.414087 39.850864
116.420439 39.856929 116.384999 39.852739
116.357727 39.916725 116.338366 39.887259
116.36916 39.865191 116.342267 39.895147
116.37273 39.853775 116.409232 39.853495
116.333096 39.876945 116.350764 39.903558
116.379217 39.887192 116.41745 39.911635
116.385354 39.885301 116.421846 39.889318
116.355235 39.947373 116.421419 39.932547
116.412445 39.925528 116.345601 39.92888
116.37604 39.916757 116.420781 39.898085
116.411456 39.943879 116.399511 39.953809
116.344983 39.884434 116.34532 39.924473
116.330313 39.90491 116.374452 39.935069
116.330648 39.883082 116.358053 39.90812
116.355147 39.85232 116.414809 39.849356
116.428238 39.848095 116.341329 39.887748
116.375377 39.908263 116.413375 39.900848
116.438252 39.866935 116.426 39.898888
116.414913 39.882327 116.428687 39.847952
116.422004 39.894142 116.400539 39.906499
116.389613 39.949047 116.424936 39.904044
116.416749 39.920704 116.343363 39.928384
116.412981 39.856687 116.381537 39.846449
116.385237 39.938858 116.341821 39.94997
116.409402 39.906101 116.367058 39.881984
116.347623 39.865376 116.387057 39.902101
116.438826 39.871969 116.425802 39.901605
116.374099 39.948055 116.344208 39.935096
116.349819 39.90566 116.384362 39.948679
116.353874 39.886573 116.340518 39.917335
116.341692 39.95636 116.374489 39.940388
116.338849 39.923743 116.384221 39.89176
116.360303 39.91441 116.335608 39.895634
116.401375 39.910465 116.424737 39.896601
116.363523 39.888784 116.330418 39.94292
116.400705 39.8958 116.367654 39.846604
116.432657 39.912771 116.392998 39.918339
116.407683 39.853963 116.367075 39.870542
116.36674 39.949577 116.418595 39.916237
116.371202 39.915552 116.412691 39.900354
116.358994 39.946014 116.35315 39.905199
116.400541 39.889911 116.340209 39.889481
116.427268 39.936381 116.382665 39.88935
116.378351 39.883587 116.366008 39.925061
116.396382 39.934014 116.439256 39.946567
116.430017 39.951986 116.411377 39.931707
116.436477 39.925649 116.412481 39.911148
116.428548 39.936723 116.389541 39.887416
116.364967 39.900692 116.416594 39.852052
116.3577 39.951475 116.41503 39.952537
116.348946 39.875226 116.371676 39.887454
116.350862 39.949852 116.35315 39.901867
116.424195 39.918523 116.396762 39.952249
116.396294 39.882995 116.434589 39.93135
116.372567 39.856701 116.411161 39.91562
116.34346 39.948541 116.378871 39.944446
116.333325 39.85663 116.379631 39.847854
116.416778 39.912415 116.401377 39.947457
116.439715 39.893222 116.336569 39.922421
116.410463 39.86303 116.40551 39.915142
116.41053 39.904666 116.363567 39.884514
116.332781 39.890322 116.420617 39.904336
116.333936 39.868693 116.401951 39.860604
116.399737 39.902292 116.430237 39.913114
116.374314 39.938949 116.420516 39.894169
116.413297 39.914601 116.410476 39.956065
116.376748 39.874484 116.359946 39.897729
116.438648 39.941911 116.370352 39.901167
116.422851 39.866111 116.402475 39.898498
116.354663 39.956649 116.358644 39.900986
116.4008 39.85405 116.43901 39.873929
116.370758 39.915276 116.412244 39.905299
116.336662 39.920633 116.382576 39.896334
116.360033 39.955472 116.355883 39.899098
116.343445 39.869438 116.380085 39.894977
116.344851 39.931731 116.429036 39.929443
116.365901 39.942386 116.341688 39.938234
116.379332 39.8649 116.418857 39.910331
116.417063 39.862251 116.389317 39.84966
116.396069 39.890116 116.437136 39.911996
116.428866 39.916201 116.373003 39.952423
116.354841 39.850408 116.419074 39.855363
116.346128 39.891006 116.350092 39.953457
116.350475 39.88304 116.363498 39.924431
116.373649 39.872508 116.418567 39.87852
116.336285 39.889134 116.361592 39.859271
116.357923 39.849312 116.420202 39.849837
116.414657 39.870523 116.429205 39.899976
116.369955 39.889603 116.414373 39.880903
116.358575 39.878099 116.376414 39.897136
116.411672 39.910271 116.41919 39.939265
116.421945 39.860731 116.427239 39.89393
116.383911 39.860615 116.428042 39.930623
116.408323 39.87431 116.420193 39.9007
116.373863 39.939953 116.415922 39.891361
116.346758 39.866348 116.388152 39.899541
116.41191 39.870048 116.376572 39.866439
116.344317 39.864604 116.389139 39.898656
116.344433 39.879882 116.341216 39.921438
116.394434 39.879447 116.433522 39.934133
116.400007 39.92095 116.440322 39.934218
116.438878 39.851094 116.427486 39.909411
116.422193 39.913557 116.386882 39.926191
116.358465 39.951022 116.41176 39.948237
116.341337 39.857522 116.381027 39.903039
116.413355 39.934792 116.439372 39.897736
116.370268 39.941694 116.348793 39.946022
116.352971 39.848104 116.413625 39.8533
116.424641 39.869432 116.409449 39.920047
116.434036 39.937701 116.404532 39.896532
116.422587 39.880089 116.421489 39.924806
116.333501 39.923021 116.380685 39.895277
116.356011 39.952462 116.412288 39.948515
116.415935 39.888825 116.423031 39.856233
116.373007 39.85429 116.335581 39.876844
116.413113 39.906911 116.383937 39.853549
116.4345 39.932296 116.398678 39.91716
116.429623 39.924185 116.39576 39.887774
116.399266 39.853643 116.362291 39.872456
116.337411 39.906521 116.372247 39.930764
116.412519 39.920657 116.372927 39.895257
116.435087 39.887819 116.409849 39.905306
116.372307 39.848244 116.350672 39.867334
116.417554 39.877313 116.421419 39.853808
116.437086 39.91438 116.395004 39.920641
116.376346 39.935932 116.407214 39.94812
116.378393 39.947517 116.412848 39.945463
116.414203 39.94942 116.360817 39.954661
116.377343 39.877234 116.415171 39.954377
116.402682 39.846991 116.382958 39.850842
116.340991 39.872439 116.373886 39.915527
116.44095 39.908935 116.398471 39.919259
116.405429 39.873813 116.389365 39.893188
116.332339 39.889718 116.41772 39.89837
116.440858 39.889682 116.337223 39.921181
116.391096 39.891075 116.4224 39.902842
116.385013 39.940148 116.432775 39.944774
116.412564 39.877171 116.425147 39.854091
116.418117 39.909779 116.402356 39.955425
116.353769 39.897505 116.428548 39.916254
116.427366 39.950747 116.336931 39.927217
116.332502 39.920633 116.381864 39.886923
116.342172 39.861692 116.388323 39.898578
116.339939 39.893355 116.417303 39.899072
116.345072 39.865721 116.388277 39.8972
116.408743 39.912424 116.426258 39.890272
116.3764 39.902325 116.414194 39.911554
116.364661 39.915378 116.38835 39.896342
116.430046 39.939845 116.348668 39.948564
116.425346 39.92557 116.39532 39.953998
116.433381 39.92214 116.420592 39.911273
116.400707 39.853734 116.363022 39.873766
116.418348 39.942477 116.400409 39.952929
116.383358 39.896978 116.34767 39.948565
116.425569 39.921226 116.412066 39.95684
116.406663 39.847691 116.38288 39.846478
116.392462 39.866737 116.364146 39.866624
116.385021 39.874116 116.345013 39.883716
116.360048 39.957361 116.359633 39.898899
116.392233 39.898324 116.42198 39.88434
116.426177 39.88638 116.429819 39.925961
116.383043 39.874819 116.34148 39.884999
116.413648 39.88744 116.424433 39.853567
116.338481 39.869991 116.408127 39.863431
116.392601 39.883524 116.43201 39.928568
116.380264 39.908199 116.413228 39.906719
116.425057 39.948876 116.427076 39.924043
116.356524 39.872511 116.330731 39.886405
116.374633 39.856232 116.33534 39.881141
116.36475 39.913347 116.426255 39.922687
116.374026 39.861342 116.420224 39.912492
116.423898 39.908773 116.374236 39.949089
116.355539 39.911482 116.331521 39.889018
116.341968 39.85753 116.386823 39.900457
116.421884 39.858426 116.427869 39.892633
116.379324 39.928457 116.403397 39.951808
116.429734 39.935492 116.381118 39.890733
116.402476 39.942168 116.440451 39.946224
116.383904 39.906752 116.340536 39.946585
116.341767 39.890183 116.349773 39.951547
116.337488 39.888018 116.419021 39.900756
116.388842 39.898902 116.41593 39.913703
116.349762 39.954302 116.380262 39.946323
116.341815 39.888867 116.383855 39.866304
116.437648 39.90287 116.411473 39.919975
116.379913 39.915083 116.411629 39.897609
116.354466 39.937837 116.431164 39.937193
116.346387 39.950501 116.377092 39.946841
116.375342 39.890312 116.417445 39.913079
116.42397 39.951149 116.376724 39.940104
116.33202 39.884733 116.357307 39.914802
116.42415 39.951631 116.371446 39.938188
116.348735 39.952224 116.372019 39.944241
116.355399 39.913106 116.339399 39.894698
116.354117 39.937997 116.352961 39.899285
116.431538 39.906781 116.367394 39.944235
116.370862 39.871227 116.41161 39.885576
116.407592 39.851 116.413775 39.911597
116.365698 39.854239 116.40858 39.87229
116.354857 39.948737 116.360348 39.898826
116.348543 39.854322 116.369496 39.872715
116.411223 39.87424 116.423103 39.922318
116.357518 39.939728 116.355392 39.897253
116.427153 39.924877 116.397883 39.888788
116.404618 39.853806 116.415207 39.909186
116.428508 39.922467 116.400605 39.891424
116.362925 39.948567 116.414878 39.916538
116.393609 39.897744 116.429178 39.910263
116.387058 39.947614 116.399647 39.849042
116.434315 39.874237 116.423726 39.901599
116.330271 39.861296 116.372109 39.848001
116.359919 39.874922 116.339335 39.874985
116.37811 39.918215 116.372093 39.904892
116.411398 39.937473 116.441228 39.910594
116.381078 39.932792 116.440245 39.891867
116.423968 39.877021 116.421252 39.924506
116.366568 39.940062 116.35006 39.942024
116.361936 39.868562 116.400473 39.903013
116.438245 39.891476 116.372401 39.949197
116.419309 39.872052 116.426753 39.903513
116.358383 39.896172 116.439465 39.887172
116.423773 39.920299 116.41746 39.882936
116.35301 39.933489 116.383086 39.953566
116.409524 39.915491 116.426084 39.888017
116.348646 39.869194 116.415404 39.850838
116.397875 39.919831 116.437947 39.934234
116.350067 39.846882 116.365742 39.874942
116.371619 39.920977 116.422018 39.911337
116.414938 39.884403 116.424022 39.850736
116.427986 39.879413 116.423721 39.92101
116.404139 39.948588 116.414237 39.909259
116.364954 39.898032 116.438643 39.894185
116.424039 39.94822 116.411828 39.933746
116.422468 39.931473 116.427378 39.910122
116.375309 39.922251 116.430941 39.911164
116.334271 39.899878 116.377318 39.928592
116.356302 39.939516 116.425354 39.927724
116.440167 39.859616 116.408514 39.847841
116.427335 39.909085 116.386804 39.926079
116.42666 39.946304 116.346379 39.951893
116.426214 39.948514 116.413357 39.934283
116.346112 39.948005 116.373139 39.939268
116.423367 39.915215 116.42992 39.944113
116.346234 39.868841 116.370741 39.910609
116.423758 39.847275 116.349235 39.889386
116.410616 39.854589 116.382167 39.847111
116.413503 39.948386 116.374914 39.948538
116.341347 39.954738 116.373927 39.943799
116.40982 39.847628 116.389201 39.85602
116.438468 39.918444 116.417513 39.91022
116.33176 39.924904 116.380216 39.952115
116.347611 39.858377 116.387577 39.90512
116.36006 39.873113 116.333223 39.876717
116.436889 39.900792 116.365634 39.93997
116.404536 39.93742 116.337761 39.916545
116.430821 39.949752 116.422193 39.917346
116.341429 39.931303 116.345896 39.878137
116.427336 39.957254 116.339906 39.920205
116.378784 39.862792 116.353714 39.895847
116.357273 39.956834 116.413238 39.950175
116.362859 39.949178 116.391831 39.937296
116.41519 39.929098 116.44088 39.900471
116.367121 39.890506 116.331583 39.943888
116.372764 39.846574 116.408858 39.852175
116.386954 39.847616 116.411778 39.905771
116.398079 39.903868 116.349367 39.917345
116.398473 39.885793 116.436052 39.927915
116.40758 39.95039 116.427826 39.916944
116.425952 39.920074 116.395784 39.956863
116.336595 39.905122 116.373488 39.927258
116.365675 39.947995 116.396278 39.935326
116.331902 39.89722 116.378997 39.933477
116.416912 39.901551 116.381874 39.881811
116.331608 39.933791 116.3721 39.957328
116.394826 39.868127 116.367059 39.874289
116.389634 39.930779 116.331147 39.919953
116.397847 39.886305 116.43304 39.934292
116.3468 39.932732 116.383627 39.955498
116.363803 39.907345 116.423723 39.921501
116.418331 39.934027 116.44027 39.904417
116.428314 39.870566 116.413356 39.90107
116.338792 39.912102 116.344401 39.938656
116.394372 39.892289 116.368737 39.899221
116.395072 39.926999 116.436576 39.929163
116.355293 39.934523 116.384176 39.954274
116.334304 39.884053 116.35287 39.913878
116.342704 39.95567 116.373062 39.93934
116.378993 39.947115 116.414513 39.931562
116.411056 39.936268 116.379833 39.914561
116.374906 39.88397 116.41264 39.952702
116.345904 39.929812 116.424585 39.932181
116.330177 39.89974 116.376931 39.929837
116.349427 39.931168 116.338225 39.906193
116.332631 39.9366 116.370634 39.949297
116.354161 39.855738 116.411317 39.853921
116.430365 39.900968 116.429067 39.948876
116.354603 39.907305 116.335364 39.887304
116.423297 39.944509 116.348108 39.948377
116.381689 39.950742 116.426996 39.901766
116.421113 39.919079 116.39944 39.890751
116.357836 39.907607 116.332364 39.88714
116.428804 39.897462 116.434206 39.880824
116.407978 39.861203 116.438332 39.936631
116.429432 39.866528 116.405535 39.904551
116.425094 39.891477 116.392477 39.911963
116.35493 39.935322 116.382401 39.949606
116.379719 39.856323 116.403889 39.849097
116.390927 39.876198 116.370494 39.871721
116.340495 39.883202 116.366833 39.899375
116.438166 39.909069 116.39887 39.919765
116.358794 39.913462 116.332105 39.891745
116.342736 39.878303 116.347175 39.919741
116.342171 39.873935 116.418092 39.855389
116.423295 39.878912 116.428895 39.924538
116.370351 39.869107 116.4191 39.921929
116.353149 39.916766 116.331328 39.895309
116.338838 39.915812 116.343909 39.944586
116.341644 39.870954 116.376276 39.892436
116.39326 39.859714 116.429687 39.902574
116.426661 39.89111 116.393004 39.90186
116.410129 39.925153 116.434187 39.900725
116.419965 39.932455 116.372132 39.909645
116.390611 39.93246 116.433986 39.895429
116.390243 39.899076 116.40578 39.942684
116.416697 39.90669 116.384525 39.95199
116.365814 39.930847 116.389157 39.894395
116.343859 39.940607 116.410755 39.901221
116.399425 39.957163 116.417766 39.889192
116.433492 39.906389 116.420912 39.924113
116.39683 39.905423 116.430841 39.907286
116.336487 39.861077 116.376678 39.85106
116.416245 39.880436 116.430286 39.853845
116.437761 39.914741 116.416398 39.94776
116.404724 39.850203 116.416093 39.9122
116.399184 39.88545 116.440405 39.928547
116.400972 39.895602 116.400774 39.865091
116.363314 39.94612 116.349716 39.945557
116.399126 39.881572 116.438088 39.931495
116.388342 39.858528 116.421539 39.869416
116.424316 39.950465 116.427289 39.918332
116.343944 39.952848 116.377962 39.941908
116.386013 39.851831 116.340347 39.880046
116.413559 39.919328 116.344451 39.934663
116.401017 39.924909 116.429714 39.941878
116.430105 39.948456 116.41744 39.934245
116.340137 39.866102 116.373857 39.846712
116.398774 39.867251 116.366769 39.869393
116.423658 39.954398 116.428742 39.926904
116.340964 39.869559 116.379229 39.891945
116.379762 39.931235 116.407377 39.954555
116.386023 39.880415 116.425871 39.896487
116.424659 39.88735 116.378929 39.90427
116.353498 39.938373 116.35223 39.902647
116.3923 39.892082 116.43939 39.915501
116.416101 39.902407 116.384271 39.856456
116.363261 39.936588 116.384328 39.892834
116.410123 39.917056 116.424583 39.894727
116.412072 39.850272 116.423409 39.891354
116.387523 39.92875 116.334743 39.919837
116.429656 39.903734 116.39399 39.896414
116.345496 39.871905 116.371902 39.903068
116.356913 39.948129 116.359311 39.897424
116.376059 39.926823 116.408966 39.955103
116.353457 39.853106 116.418889 39.849336
116.384911 39.854977 116.346869 39.882093
116.350802 39.935522 116.388218 39.947967
116.407567 39.913555 116.369317 39.904769
116.415234 39.879676 116.430083 39.846357
116.355447 39.886471 116.364638 39.91713
116.358657 39.93085 116.389101 39.954684
116.370784 39.868883 116.359187 39.904961
116.4178 39.861741 116.418483 39.892426
116.36853 39.895448 116.398392 39.913172
116.426419 39.868858 116.420514 39.90215
116.38907 39.848163 116.341901 39.879368
116.374693 39.852887 116.354461 39.866591
116.381933 39.854961 116.413157 39.903621
116.369916 39.947503 116.411885 39.915182
116.367012 39.906389 116.439906 39.891448
116.371087 39.865904 116.413208 39.914476
116.423057 39.894277 116.400063 39.907377
116.374913 39.957353 116.414484 39.946706
116.345742 39.921787 116.425547 39.906624
116.381947 39.936452 116.431613 39.889799
116.389391 39.878269 116.421591 39.891483
116.436252 39.905801 116.368648 39.938874
116.358951 39.850283 116.417515 39.852475
116.428729 39.86304 116.360578 39.84957
116.438419 39.945722 116.408543 39.887017
116.422951 39.930985 116.427871 39.91302
116.371418 39.954216 116.343862 39.932005
116.345991 39.899659 116.386041 39.953951
116.400043 39.899804 116.428994 39.910758
116.37178 39.873362 116.352477 39.90133
116.385004 39.870067 116.340405 39.878949
116.331345 39.894464 116.398123 39.900581
116.427425 39.919265 116.39873 39.893587
116.376548 39.853682 116.358363 39.868002
116.429947 39.886922 116.424251 39.928676
116.35116 39.944201 116.351703 39.898676
116.352594 39.913512 116.334772 39.890428
116.405429 39.860499 116.409482 39.90885
116.398647 39.860474 116.424915 39.902229
116.37067 39.92228 116.422971 39.914435
116.333992 39.900601 116.372774 39.929574
116.429066 39.881372 116.427429 39.923451
116.38924 39.870047 116.35053 39.884544
116.351995 39.933823 116.386422 39.955349
116.354549 39.851513 116.416821 39.85283
116.424558 39.92484 116.414091 39.880468
116.423979 39.877963 116.424575 39.926664
116.42201 39.91795 116.411836 39.885689
116.422476 39.907537 116.436215 39.869172
116.397665 39.884534 116.431745 39.936884
116.415408 39.85438 116.430064 39.905767
116.373143 39.941153 116.412355 39.896498
116.379604 39.955004 116.349311 39.935014
116.362092 39.933117 116.38496 39.888199
116.431514 39.920736 116.414183 39.915018
116.405853 39.86331 116.434575 39.932134
116.385451 39.868473 116.350327 39.884691
116.378776 39.913063 116.411251 39.898197
116.42146 39.91348 116.384903 39.924759
116.414676 39.884953 116.421306 39.855376
116.344638 39.8507 116.361413 39.866747
116.427593 39.913495 116.386341 39.924496
116.344868 39.893505 116.414724 39.89123
116.404618 39.955938 116.413705 39.916494
116.376527 39.906592 116.342078 39.890203
116.386075 39.933016 116.436678 39.896597
116.336593 39.934011 116.371093 39.947787
116.369289 39.888338 116.399241 39.91576
116.437858 39.8953 116.33456 39.925736
116.411785 39.93018 116.435116 39.906835
116.418976 39.957458 116.36251 39.950001
116.412436 39.928379 116.373894 39.907523
116.339141 39.905414 116.378339 39.9279
116.334358 39.877164 116.35386 39.911709
116.398296 39.884141 116.440243 39.932398
116.381191 39.854814 116.33379 39.895407
116.413201 39.864733 116.388309 39.852428
116.372936 39.898641 116.414735 39.891049
116.392354 39.855983 116.368536 39.883395
116.359892 39.856326 116.411332 39.848116
116.42832 39.879134 116.426319 39.925945
116.412298 39.93671 116.433398 39.901596
116.360569 39.901321 116.432523 39.896044
116.381207 39.850111 116.339502 39.895858
116.372894 39.932254 116.401187 39.950076
116.423932 39.896072 116.424581 39.93019
116.360768 39.908326 116.425565 39.925646
116.38024 39.846557 116.376127 39.901251
116.359499 39.900242 116.42659 39.910104
116.389655 39.874594 116.354183 39.886049
116.384519 39.897456 116.349495 39.949338
116.360889 39.880642 116.416871 39.887049
116.369365 39.882175 116.348394 39.897646
116.440486 39.897863 116.363668 39.939233
116.349234 39.848138 116.365308 39.867828
116.426837 39.873847 116.415163 39.898204
116.367022 39.95548 116.394104 39.929794
116.341527 39.889634 116.416175 39.89319
116.374246 39.854725 116.404519 39.854483
116.404848 39.854644 116.352549 39.849922
116.35505 39.939158 116.426034 39.931733
116.371483 39.923606 116.429858 39.912729
116.358443 39.940004 116.42772 39.930692
116.359022 39.946967 116.426949 39.935496
116.409193 39.938787 116.438695 39.937368
116.343965 39.918765 116.425604 39.899325
116.401042 39.853697 116.389307 39.855249
116.395735 39.866885 116.363398 39.871287
116.366788 39.909223 116.427592 39.918754
116.385034 39.933707 116.435433 39.890314
116.378457 39.926361 116.405564 39.953354
116.428365 39.907608 116.39068 39.924521
116.372085 39.950448 116.349321 39.933817
116.432184 39.92228 116.351502 39.903108
116.422385 39.922721 116.396394 39.949882
116.364438 39.944393 116.426746 39.954946
116.376063 39.894051 116.41294 39.911864
116.418571 39.957452 116.361273 39.956683
116.379591 39.869793 116.412494 39.877865
116.360044 39.948262 116.353996 39.896999
116.386888 39.897436 116.341517 39.943693
116.38903 39.931413 116.3365 39.924889
116.362288 39.884936 116.342211 39.901875
116.383372 39.956671 116.342152 39.909937
116.426943 39.910889 116.381889 39.920512
116.36994 39.896504 116.412382 39.879005
116.36932 39.91211 116.428736 39.919848
116.413271 39.936513 116.370525 39.911361
116.397714 39.906088 116.345334 39.922811
116.421707 39.924329 116.391023 39.947894
116.43069 39.947019 116.34518 39.948537
116.408118 39.933206 116.422936 39.905622
116.354556 39.950678 116.419758 39.95266
116.418677 39.898352 116.365914 39.908735
116.375251 39.849431 116.350892 39.869604
116.350246 39.926127 116.344261 39.954479
116.41728 39.93659 116.378057 39.91189
116.405752 39.851695 116.380605 39.872407
116.3433 39.935652 116.427385 39.898368
116.387518 39.872245 116.354213 39.879237
116.369325 39.888697 116.335889 39.937764
116.385855 39.933249 116.436323 39.88742
116.429255 39.913413 116.436342 39.871124
116.334845 39.874056 116.408697 39.865713
116.369463 39.872517 116.391789 39.900425
116.35877 39.940343 116.351249 39.900775
116.427263 39.864742 116.405785 39.899416
116.350128 39.899194 116.38348 39.95495
116.432165 39.910862 116.422932 39.946047
116.402278 39.953619 116.423215 39.91639
116.42163 39.88963 116.427516 39.931187
116.380554 39.872405 116.422255 39.874095
116.4393 39.926309 116.360179 39.90104
116.356012 39.93547 116.390385 39.957458
116.340647 39.922317 116.423279 39.899643
116.435857 39.922974 116.353316 39.902825
116.345115 39.875905 116.412326 39.8513
116.375582 39.948329 116.419779 39.939129
116.376331 39.938342 116.411718 39.930486
