116.440196 39.893991 116.419182 39.906075
116.415108 39.940664 116.43523 39.90708
116.419956 39.847625 116.43319 39.902477
116.427553 39.892989 116.397535 39.916385
116.400085 39.876992 116.436501 39.929712
116.431499 39.900688 116.369263 39.94543
116.341712 39.940156 116.40956 39.905321
116.36551 39.919283 116.405154 39.874451
116.393057 39.855759 116.43948 39.861953
116.348741 39.955274 116.375872 39.941492
116.344071 39.869756 116.413151 39.852332
116.435902 39.897024 116.368833 39.945864
116.405859 39.860988 116.360048 39.892701
116.376872 39.893413 116.347014 39.947233
116.43584 39.920603 116.378681 39.904352
116.3506 39.935193 116.390551 39.955485
116.418866 39.881944 116.427308 39.847069
116.441258 39.931052 116.394509 39.919488
116.392818 39.906407 116.34738 39.917499
116.379128 39.891891 116.420722 39.908321
116.427314 39.879504 116.42281 39.924929
116.431869 39.857691 116.418418 39.886491
116.339942 39.874356 116.401628 39.863883
116.360277 39.932889 116.384716 39.957363
116.389236 39.950584 116.370691 39.932259
116.354592 39.87938 116.392097 39.860044
116.414516 39.934388 116.375949 39.912668
116.355428 39.876782 116.34524 39.921114
116.416513 39.906537 116.381407 39.948228
116.439423 39.880704 116.380956 39.895179
116.380858 39.864993 116.427898 39.936878
116.413027 39.933905 116.378851 39.911442
116.36504 39.957118 116.396005 39.93113
116.405369 39.939381 116.430596 39.92769
116.426902 39.923603 116.3948 39.955641
116.420166 39.901106 116.368792 39.910491
116.433596 39.94502 116.360699 39.90303
116.420121 39.93046 116.44029 39.898284
116.397459 39.920858 116.433146 39.935429
116.364052 39.859005 116.342849 39.894216
116.385894 39.856417 116.413472 39.904726
116.422468 39.850943 116.35025 39.890354
116.439315 39.897547 116.377608 39.847175
116.341448 39.957269 116.374185 39.940627
116.352356 39.876812 116.398768 39.861396
116.425643 39.935531 116.38846 39.8944
116.344215 39.93535 116.389679 39.953337
116.402121 39.908124 116.37029 39.903151
116.363253 39.893079 116.332068 39.944675
116.370963 39.905027 116.41205 39.907412
116.437701 39.933082 116.396537 39.919296
116.37128 39.903552 116.418113 39.888341
116.396858 39.899132 116.430693 39.883064
116.360457 39.890129 116.33425 39.940877
116.43139 39.8683 116.412817 39.89476
116.377612 39.957199 116.411137 39.943654
116.364762 39.872032 116.395337 39.904668
116.374187 39.901416 116.347377 39.887615
116.418564 39.924074 116.378745 39.887942
116.336565 39.864737 116.372612 39.853162
116.434102 39.919905 116.399572 39.903309
116.335527 39.901153 116.379071 39.936715
116.440524 39.922246 116.354313 39.897103
116.388078 39.850765 116.418525 39.86674
116.427719 39.938591 116.347346 39.956604
116.412023 39.908581 116.440339 39.896616
116.394103 39.923541 116.440772 39.927337
116.375714 39.86703 116.416783 39.883556
116.437158 39.924515 116.357918 39.898128
116.408364 39.954538 116.407546 39.901825
116.331546 39.917711 116.376278 39.954027
116.432814 39.907265 116.41438 39.956325
116.432378 39.924557 116.371088 39.903405
116.365976 39.920028 116.409539 39.869038
116.368175 39.920461 116.409791 39.868032
116.389329 39.900978 116.411786 39.910873
116.391659 39.881317 116.436318 39.932451
116.426624 39.943746 116.341663 39.953067
116.365429 39.947781 116.391243 39.933559
116.427513 39.884796 116.43014 39.925923
116.357044 39.883819 116.348209 39.918631
116.330774 39.877684 116.357376 39.915437
116.398263 39.878634 116.431378 39.934108
116.404984 39.868636 116.418525 39.904658
116.415677 39.860749 116.385821 39.848618
116.434346 39.903743 116.423995 39.942722
116.334155 39.933311 116.379079 39.954204
116.333994 39.915654 116.344945 39.943579
116.345255 39.920248 116.372306 39.872964
116.335759 39.92329 116.380667 39.889556
116.363229 39.9215 116.407054 39.875451
116.35492 39.929084 116.388755 39.947776
116.41374 39.912068 116.404171 39.95196
116.379457 39.867513 116.424227 39.870111
116.349489 39.949884 116.370626 39.943575
116.35931 39.881376 116.386404 39.929325
116.376674 39.935682 116.403881 39.957112
116.40099 39.908647 116.430285 39.892563
116.440554 39.94801 116.411019 39.901614
116.36988 39.881918 116.345422 39.905636
116.439512 39.929452 116.400157 39.923606
116.358608 39.854647 116.411722 39.85195
116.416421 39.946291 116.394346 39.954654
116.400298 39.933208 116.440445 39.946834
116.350457 39.915461 116.339367 39.895672
116.415554 39.851195 116.343296 39.872182
116.347913 39.849158 116.36618 39.87373
116.396497 39.879438 116.437625 39.932778
116.389551 39.951803 116.342119 39.911967
116.413248 39.852489 116.422733 39.886884
116.377866 39.888915 116.440293 39.895936
116.396487 39.87398 116.363632 39.875293
116.421127 39.895351 116.391449 39.899597
116.371492 39.905782 116.426491 39.953538
116.386842 39.938346 116.340802 39.952839
116.337263 39.912945 116.347236 39.938577
116.367666 39.874175 116.397215 39.90282
116.41683 39.945241 116.395101 39.957452
116.426224 39.923734 116.397552 39.894537
116.342905 39.889416 116.342191 39.942625
116.374692 39.91091 116.419801 39.89792
116.401241 39.931124 116.429214 39.904495
116.399276 39.893712 116.433135 39.907266
116.347708 39.851353 116.368634 39.875236
116.373601 39.903593 116.417334 39.887848
116.424447 39.887471 116.37901 39.906433
116.43214 39.917498 116.356514 39.897223
116.377919 39.897416 116.429821 39.955833
116.437692 39.954666 116.431015 39.896508
116.427179 39.893281 116.392409 39.89719
116.333732 39.893535 116.362232 39.860985
116.340176 39.930492 116.379173 39.955387
116.412295 39.888288 116.422928 39.849214
116.439344 39.935168 116.393898 39.922539
116.369406 39.893221 116.416213 39.878424
116.366002 39.894655 116.399328 39.910022
116.349418 39.957038 116.378251 39.945786
116.383398 39.954423 116.393103 39.851632
116.425877 39.922513 116.394843 39.954512
116.360146 39.896251 116.437936 39.89116
116.385673 39.873396 116.353656 39.885508
116.379136 39.9207 116.427361 39.91487
116.434414 39.858605 116.414314 39.878908
116.372976 39.848586 116.355769 39.869406
116.391093 39.918914 116.439561 39.92856
116.394953 39.935455 116.431993 39.946138
116.368842 39.857771 116.347309 39.894353
116.427756 39.93313 116.427342 39.910522
116.423325 39.945996 116.347185 39.955021
116.331727 39.912517 116.343312 39.946486
116.330542 39.878752 116.356694 39.899261
116.40399 39.922117 116.435927 39.942898
116.414878 39.896523 116.362686 39.906314
116.412206 39.862485 116.416338 39.893634
116.419535 39.940463 116.434568 39.907811
116.358001 39.884759 116.378919 39.902273
116.396685 39.917206 116.436015 39.929509
116.354005 39.878075 116.37647 39.902634
116.390193 39.851496 116.412721 39.873894
116.426781 39.888715 116.39982 39.897608
116.425113 39.888979 116.37129 39.898117
116.358755 39.896281 116.422939 39.887063
116.346994 39.933805 116.345887 39.881985
116.410606 39.928878 116.427403 39.905675
116.382772 39.85366 116.415436 39.876541
116.440526 39.943932 116.360882 39.897938
116.412585 39.931248 116.440786 39.904671
116.392791 39.937316 116.431267 39.944777
116.376466 39.956592 116.346334 39.936643
116.357082 39.885422 116.388767 39.931941
116.422472 39.872381 116.412525 39.898329
116.358208 39.854999 116.411801 39.852938
116.439856 39.919956 116.391781 39.89984
116.382855 39.848848 116.412518 39.897073
116.394516 39.866805 116.370063 39.872709
116.379578 39.912408 116.413386 39.900151
116.419161 39.866468 116.370249 39.91551
116.371609 39.930035 116.408563 39.947471
116.435037 39.891575 116.415755 39.94631
116.429113 39.877383 116.422221 39.923433
116.363449 39.860794 116.343954 39.892058
116.344788 39.921583 116.379323 39.867756
116.422387 39.938987 116.341747 39.956092
116.404318 39.920887 116.431641 39.905799
116.41091 39.862712 116.403115 39.913547
116.373787 39.878771 116.3639 39.866316
116.359508 39.942876 116.359125 39.90285
116.342695 39.906776 116.341726 39.929078
116.364417 39.872218 116.418214 39.919468
116.417002 39.915633 116.403075 39.953826
116.440433 39.950233 116.4117 39.898081
116.378151 39.926195 116.424546 39.912513
116.331114 39.889399 116.369592 39.859511
116.44113 39.946521 116.428739 39.899136
116.349455 39.950395 116.380366 39.943487
116.369517 39.875907 116.394889 39.906758
116.415857 39.926329 116.373078 39.896355
116.3748 39.907126 116.416364 39.898868
116.402977 39.874706 116.358021 39.881425
116.385168 39.8858 116.424921 39.889323
116.356383 39.872556 116.338276 39.873124
116.352154 39.899845 116.430866 39.913185
116.403172 39.862946 116.35681 39.89131
116.431014 39.929958 116.387221 39.892826
116.350932 39.890326 116.434361 39.887921
116.419557 39.927778 116.440843 39.902254
116.391014 39.926526 116.433063 39.928181
116.373419 39.955608 116.420165 39.947027
116.427108 39.851567 116.341314 39.887926
116.344789 39.930685 116.387186 39.939123
116.431079 39.913162 116.430361 39.937432
116.333576 39.872153 116.410511 39.857264
116.351283 39.951412 116.359751 39.906529
116.347016 39.952106 116.38012 39.939257
116.389005 39.929812 116.334822 39.925484
116.380615 39.877731 116.362937 39.92305
116.403833 39.939129 116.432001 39.937455
116.415175 39.889644 116.363352 39.904977
116.408884 39.920078 116.437661 39.942127
116.351931 39.933592 116.387214 39.954301
116.42751 39.888185 116.386864 39.954623
116.333458 39.918543 116.385406 39.887148
116.361466 39.932209 116.385545 39.89286
116.435339 39.921704 116.419915 39.910018
116.440339 39.95728 116.423262 39.888862
116.337254 39.857914 116.376622 39.854953
116.350756 39.889838 116.430063 39.93078
116.431759 39.898066 116.422423 39.946302
116.332412 39.933097 116.377925 39.955133
116.354492 39.901744 116.422564 39.917013
116.39997 39.892727 116.433637 39.909859
116.371531 39.916942 116.413421 39.903591
116.435161 39.938786 116.390385 39.904714
116.372189 39.883552 116.368268 39.921276
116.424859 39.883281 116.428091 39.920494
116.401843 39.869156 116.38969 39.895535
116.379743 39.95076 116.418177 39.94256
116.358824 39.890229 116.441195 39.888902
116.331933 39.911516 116.346105 39.947334
116.355083 39.876722 116.397051 39.856718
116.340292 39.849281 116.363263 39.873376
116.357898 39.852974 116.420705 39.849291
116.433376 39.928851 116.391619 39.924319
116.348185 39.923368 116.347087 39.952295
116.411697 39.905062 116.385048 39.848954
116.423502 39.882558 116.423586 39.919476
116.340572 39.867248 116.378587 39.912817
116.383948 39.85501 116.347732 39.880006
116.390513 39.848382 116.339493 39.887491
116.354574 39.856327 116.418898 39.849311
116.392682 39.885029 116.44079 39.935644
116.404524 39.900845 116.368484 39.933289
116.440621 39.917246 116.413838 39.913295
116.396262 39.867286 116.367559 39.867552
116.433977 39.898892 116.421369 39.940233
116.434341 39.882185 116.385075 39.889324
116.409679 39.912772 116.360842 39.900341
116.417735 39.913437 116.408005 39.950296
116.437174 39.932894 116.392973 39.920988
116.336588 39.911396 116.342014 39.946379
116.332921 39.919948 116.371307 39.955456
116.399879 39.876051 116.36393 39.868231
116.353324 39.903331 116.423356 39.914393
116.412762 39.872566 116.424248 39.918165
116.406863 39.926576 116.432605 39.905429
116.428361 39.925673 116.417725 39.884148
116.34278 39.90982 116.37753 39.88104
116.3752 39.935501 116.403517 39.953866
116.437926 39.919009 116.355082 39.902395
116.417026 39.874726 116.371677 39.861705
116.344574 39.924672 116.37436 39.869438
116.428072 39.857969 116.404711 39.901216
116.356063 39.90004 116.431004 39.909735
116.344929 39.858375 116.382007 39.906804
116.394944 39.918017 116.433304 39.933287
116.413247 39.916709 116.403768 39.957394
116.421329 39.864982 116.42836 39.892744
116.404613 39.921923 116.42509 39.94168
116.35082 39.929299 116.383462 39.956363
116.35969 39.877962 116.383989 39.929602
116.391248 39.884389 116.43837 39.934843
116.413205 39.891722 116.427918 39.852361
116.35864 39.87208 116.330694 39.876943
116.337622 39.900267 116.374674 39.929974
116.332204 39.890213 116.369917 39.864543
116.41381 39.888188 116.360601 39.901871
116.420962 39.929115 116.43471 39.904413
116.422556 39.94052 116.346846 39.952513
116.341515 39.924601 116.370607 39.868085
116.397196 39.851972 116.367783 39.878225
116.346227 39.928444 116.336021 39.897359
116.366674 39.846776 116.401185 39.866584
116.404209 39.908597 116.426729 39.895957
116.375459 39.86559 116.357574 39.894314
116.415806 39.84658 116.427901 39.896402
116.342128 39.955724 116.376713 39.941722
116.399375 39.919406 116.43231 39.928721
116.411982 39.870564 116.437354 39.895689
116.396393 39.925129 116.441001 39.936826
116.430654 39.862784 116.410754 39.904437
116.371396 39.925609 116.409141 39.95666
116.365235 39.942957 116.343179 39.937967
116.335077 39.923488 116.385475 39.896602
116.398508 39.922599 116.432944 39.934906
116.383933 39.935681 116.439829 39.88846
116.402722 39.929613 116.427558 39.901917
116.432379 39.854746 116.428177 39.915951
116.43887 39.889936 116.372971 39.955815
116.33615 39.92099 116.384467 39.893184
116.377075 39.910225 116.415937 39.902914
116.34536 39.923449 116.379426 39.870796
116.39485 39.872281 116.361528 39.875911
116.434549 39.891348 116.378887 39.948384
116.388238 39.848592 116.342658 39.878849
116.380293 39.847257 116.379493 39.900549
116.368898 39.894352 116.414851 39.884817
116.400004 39.931454 116.431361 39.937651
116.434657 39.943677 116.424585 39.903523
116.374653 39.895541 116.431979 39.893057
116.434789 39.889829 116.434286 39.939629
116.425932 39.878106 116.42232 39.9203
116.398361 39.887428 116.428232 39.904847
116.386336 39.904683 116.350293 39.953504
116.361837 39.923211 116.403303 39.873525
116.335637 39.890014 116.413042 39.905974
116.429028 39.95091 116.416689 39.93148
116.424791 39.851174 116.349396 39.890513
116.388053 39.876962 116.426113 39.895207
116.421893 39.91046 116.387428 39.924981
116.356304 39.913928 116.333881 39.89668
116.343267 39.866169 116.384398 39.904955
116.406089 39.87399 116.420822 39.90239
116.403333 39.915943 116.426081 39.894532
116.362507 39.894346 116.419562 39.883812
116.419378 39.870427 116.38175 39.884347
116.390561 39.876349 116.34202 39.882399
116.352937 39.884296 116.390464 39.93375
116.334361 39.868637 116.401529 39.860947
116.352413 39.910542 116.337633 39.89543
116.383726 39.902263 116.407488 39.945969
116.438084 39.897679 116.373489 39.852634
116.361699 39.876599 116.399452 39.904534
116.367158 39.887077 116.39339 39.911275
116.428839 39.882644 116.422449 39.919573
116.360616 39.897984 116.415687 39.846963
116.412677 39.951131 116.360988 39.950964
116.346065 39.867006 116.375859 39.895824
116.357339 39.911418 116.333373 39.891832
116.417092 39.877578 116.423774 39.851819
116.348934 39.922888 116.343892 39.954553
116.414237 39.855888 116.425401 39.890916
116.415794 39.848641 116.346608 39.876132
116.431 39.868477 116.404995 39.91977
116.405985 39.847143 116.371011 39.868118
116.399174 39.931978 116.435433 39.945919
116.351977 39.930745 116.384787 39.947626
116.411757 39.885763 116.423938 39.851461
116.352244 39.94206 116.428326 39.929872
116.344663 39.895565 116.343893 39.937359
116.38489 39.95147 116.399213 39.846452
116.40325 39.918903 116.438262 39.906216
116.375992 39.88502 116.370507 39.918001
116.436416 39.851424 116.424475 39.91353
116.350267 39.952505 116.375939 39.938499
116.35601 39.907984 116.330421 39.888245
116.42902 39.875966 116.406251 39.919938
116.389481 39.937468 116.341101 39.951895
116.382873 39.90316 116.380124 39.878009
116.433053 39.920834 116.358185 39.904355
116.418778 39.928255 116.374506 39.916885
116.378548 39.911277 116.411994 39.905704
116.425167 39.943595 116.349803 39.955674
116.349888 39.952501 116.377044 39.94549
116.411089 39.848858 116.426878 39.898527
116.341315 39.87637 116.375351 39.896473
116.434014 39.897609 116.417594 39.918709
116.422042 39.88367 116.421189 39.920931
116.337978 39.881987 116.356567 39.898735
116.429569 39.920132 116.391761 39.889326
116.430936 39.941082 116.347743 39.947789
116.413873 39.947686 116.334261 39.925283
116.378283 39.950523 116.347835 39.929846
116.412878 39.919937 116.349721 39.930646
116.433022 39.922794 116.370751 39.904712
116.330805 39.884503 116.359851 39.89905
116.421811 39.891602 116.395087 39.89811
116.380593 39.862047 116.416159 39.915249
116.410027 39.935991 116.416312 39.900455
116.342723 39.906596 116.36045 39.895374
116.3522 39.914727 116.339997 39.894519
116.330739 39.862612 116.372107 39.854031
116.438693 39.911641 116.436137 39.950354
116.383188 39.883512 116.430451 39.894758
116.361181 39.887796 116.41736 39.879507
116.433047 39.876773 116.347318 39.882317
116.339495 39.918163 116.372891 39.957168
116.358228 39.91019 116.332512 39.888697
116.36372 39.944396 116.426482 39.955564
116.431846 39.930672 116.397026 39.917171
116.404957 39.922916 116.434927 39.903103
116.336307 39.935623 116.378959 39.957324
116.439151 39.925919 116.374283 39.899071
116.400332 39.925972 116.431191 39.935264
116.405353 39.93022 116.415393 39.906907
116.350807 39.878886 116.343087 39.920805
116.421208 39.877417 116.427418 39.919341
116.348454 39.92192 116.42414 39.899175
116.375806 39.894104 116.343399 39.937537
116.352194 39.906279 116.402767 39.888904
116.403847 39.935262 116.429114 39.90325
116.379522 39.919536 116.422727 39.907793
116.426989 39.880062 116.424997 39.921498
116.364404 39.881142 116.419154 39.893062
116.372718 39.954279 116.342599 39.934383
116.395969 39.954584 116.417721 39.912161
116.339312 39.917076 116.349561 39.947314
116.435403 39.882344 116.346 39.885735
116.346184 39.922571 116.374353 39.875486
116.364686 39.878297 116.410483 39.856796
116.419546 39.855378 116.422345 39.895796
116.428355 39.94738 116.346388 39.953439
116.394564 39.879679 116.437477 39.934867
116.34328 39.848342 116.3676 39.870101
116.431888 39.921153 116.357975 39.897429
116.334538 39.877274 116.35292 39.913364
116.345503 39.94015 116.402372 39.905163
116.37908 39.871868 116.358596 39.900882
116.423429 39.884517 116.426286 39.918871
116.426218 39.882223 116.429788 39.920352
116.346308 39.886485 116.341424 39.920649
116.439744 39.849137 116.422692 39.909998
116.332815 39.911347 116.346695 39.941504
116.388796 39.948089 116.342883 39.898785
116.415575 39.879507 116.424738 39.853741
116.344607 39.866883 116.380442 39.916368
116.431658 39.918776 116.352833 39.897954
116.414106 39.890147 116.366639 39.897481
116.402794 39.900579 116.362434 39.878945
116.402681 39.89728 116.363322 39.927524
116.390106 39.954413 116.423627 39.899392
116.412261 39.851323 116.4241 39.901918
116.391142 39.873193 116.361722 39.870226
116.335071 39.899881 116.38007 39.93342
116.429427 39.919869 116.395348 39.887594
116.42814 39.902079 116.331608 39.852264
116.343387 39.910437 116.378492 39.886141
116.430112 39.922181 116.413877 39.886022
116.412563 39.850838 116.425163 39.889892
116.409318 39.858685 116.353683 39.888771
116.377797 39.912295 116.420278 39.901001
116.364465 39.860072 116.348244 39.893943
116.390323 39.898501 116.41634 39.915412
116.438302 39.953523 116.416144 39.898383
116.42403 39.848368 116.349713 39.892631
116.407877 39.94092 116.352452 39.955826
116.363878 39.877017 116.415215 39.895182
116.396666 39.869824 116.367379 39.868149
116.434934 39.88307 116.39066 39.889315
116.365976 39.878628 116.344158 39.902441
116.352978 39.9082 116.335988 39.891172
116.439934 39.929651 116.39328 39.922833
116.420092 39.897684 116.386282 39.948837
116.433477 39.896774 116.365042 39.912332
116.365063 39.869419 116.331358 39.957141
116.344079 39.859238 116.383502 39.902899
116.440224 39.848325 116.423005 39.907837
116.339394 39.894846 116.362389 39.864634
116.353698 39.883749 116.343196 39.919911
116.396609 39.902467 116.424765 39.907997
116.395129 39.934933 116.431877 39.941731
116.392746 39.92376 116.437481 39.930916
116.388413 39.847807 116.347388 39.885866
116.375187 39.854414 116.358161 39.872654
116.330986 39.92194 116.384285 39.893947
116.388 39.897243 116.342471 39.952781
116.388456 39.898457 116.349028 39.939509
116.364175 39.853882 116.415348 39.885129
116.379406 39.912757 116.419517 39.903316
116.360728 39.876751 116.410701 39.857726
116.435223 39.936586 116.391099 39.92381
116.416081 39.881112 116.42299 39.852512
116.439283 39.854277 116.426514 39.916193
116.373666 39.906194 116.342202 39.89282
116.40513 39.920951 116.425046 39.946474
116.338286 39.916333 116.340451 39.942408
116.417693 39.927987 116.433531 39.900589
116.344357 39.934206 116.39027 39.95417
116.432872 39.882728 116.388117 39.894354
116.424045 39.940466 116.349218 39.9491
116.361218 39.88714 116.415112 39.879022
116.416873 39.934917 116.37582 39.910495
116.34519 39.933485 116.388549 39.952035
116.356477 39.881683 116.393718 39.857532
116.392391 39.932568 116.432359 39.94493
116.360725 39.955073 116.415269 39.909179
116.360221 39.915323 116.337 39.887844
116.430005 39.897578 116.385792 39.901499
116.339163 39.888735 116.398315 39.906745
116.358602 39.880716 116.364184 39.926635
116.415114 39.916072 116.435342 39.890579
116.354773 39.846632 116.417455 39.847037
116.367409 39.890248 116.33723 39.942874
116.424144 39.91053 116.371122 39.950411
116.407463 39.856509 116.354832 39.890309
116.347936 39.920727 116.379265 39.872802
116.376002 39.920037 116.373745 39.898349
116.353387 39.937615 116.357239 39.897278
116.434383 39.921419 116.350482 39.904013
116.368575 39.939467 116.429054 39.955226
116.435977 39.948224 116.416395 39.904763
116.401142 39.852425 116.373539 39.86774
116.412961 39.865861 116.381428 39.854658
116.430633 39.849045 116.344047 39.889581
116.371125 39.90177 116.42768 39.95089
116.348972 39.869521 116.376907 39.911982
116.394106 39.924926 116.438864 39.935134
116.387734 39.849642 116.418823 39.905941
116.378332 39.855229 116.407767 39.856001
116.404959 39.942869 116.430128 39.929617
116.36645 39.866614 116.413021 39.917267
116.342113 39.949255 116.379503 39.943812
116.333478 39.915968 116.350282 39.940578
116.334562 39.908493 116.344711 39.946634
116.389455 39.873529 116.347993 39.879461
116.432435 39.893282 116.401824 39.900873
116.422 39.901893 116.432989 39.943455
116.38796 39.955875 116.344821 39.916481
116.420676 39.928092 116.373121 39.911247
116.422593 39.939696 116.349128 39.950462
116.403964 39.893234 116.391364 39.860022
116.364275 39.924638 116.401359 39.87067
116.411157 39.916649 116.420374 39.944248
116.343151 39.869601 116.419681 39.84693
116.354268 39.928386 116.385025 39.949412
116.434227 39.927149 116.380583 39.906521
116.354158 39.88621 116.346398 39.919889
116.40188 39.873926 116.378731 39.899984
116.395639 39.935735 116.435845 39.942282
116.360581 39.956414 116.412655 39.915822
116.404541 39.84992 116.43645 39.890737
116.397354 39.8659 116.428849 39.906652
116.403369 39.946369 116.338771 39.914261
116.371206 39.937977 116.41151 39.888943
116.382593 39.871969 116.355293 39.88433
116.362669 39.884016 116.407262 39.860638
116.334036 39.916654 116.347233 39.938033
116.335698 39.859199 116.376685 39.850732
116.365606 39.895503 116.396023 39.909141
116.387522 39.951238 116.343068 39.909398
116.429697 39.92014 116.392649 39.956591
116.430041 39.922204 116.413724 39.954264
116.424486 39.934698 116.385635 39.896689
116.357627 39.870173 116.335036 39.874384
116.394879 39.896018 116.439961 39.911302
116.373776 39.8928 116.436108 39.891529
116.349017 39.921531 116.424943 39.906464
116.416959 39.929788 116.434088 39.902509
116.385722 39.946173 116.43852 39.937506
116.43238 39.950553 116.412499 39.899465
116.414268 39.93091 116.43548 39.899444
116.433901 39.917678 116.392515 39.903342
116.370076 39.936707 116.387143 39.890236
116.405455 39.952985 116.407376 39.899981
116.432577 39.955095 116.357082 39.915356
116.378716 39.86896 116.413722 39.886187
116.439727 39.953852 116.357724 39.91065
116.430239 39.850273 116.344049 39.892648
116.360133 39.892611 116.436676 39.896815
116.353664 39.885016 116.399402 39.861454
116.403739 39.921516 116.437184 39.902642
116.416343 39.939728 116.372286 39.892301
116.354765 39.900133 116.429512 39.910662
116.433648 39.948695 116.423092 39.893097
116.371844 39.90017 116.42527 39.898157
116.430835 39.874307 116.408923 39.924453
116.391229 39.925599 116.433679 39.934789
116.375395 39.948046 116.416752 39.939083
116.396323 39.87292 116.36164 39.868523
116.38854 39.877804 116.429123 39.887198
116.410422 39.864116 116.409981 39.916035
116.422291 39.884953 116.423762 39.917458
116.361646 39.951123 116.413402 39.907684
116.332001 39.909807 116.34333 39.939113
116.423085 39.888645 116.394326 39.906966
116.414831 39.850976 116.433861 39.900842
116.392989 39.881308 116.43722 39.932125
116.337016 39.894215 116.416382 39.905755
116.36218 39.873305 116.391709 39.897659
116.337353 39.907305 116.347766 39.943049
116.363727 39.86882 116.411685 39.924364
116.344527 39.891671 116.343528 39.942143
116.399447 39.867153 116.363236 39.869753
116.419531 39.938193 116.391241 39.952382
116.353632 39.93536 116.380697 39.950334
116.357738 39.95518 116.3521 39.901636
116.419941 39.905236 116.421679 39.939482
116.412136 39.93547 116.380356 39.913854
116.374706 39.919126 116.427235 39.907881
116.348346 39.953506 116.380192 39.943403
116.36123 39.954525 116.412422 39.910048
