116.423099 39.944461 116.342142 39.954605
116.405264 39.921661 116.43302 39.90613
116.33998 39.91504 116.345648 39.94019
116.39622 39.891532 116.363876 39.905554
116.341987 39.916975 116.379138 39.878122
116.338337 39.881033 116.352052 39.914422
116.408506 39.852563 116.374356 39.867396
116.416776 39.946915 116.440515 39.908316
116.396464 39.929106 116.439862 39.944407
116.395552 39.868953 116.362363 39.876597
116.431673 39.899362 116.41167 39.922765
116.353124 39.874448 116.331598 39.880496
116.424027 39.855499 116.347804 39.895405
116.426388 39.956597 116.423267 39.920261
116.34066 39.936152 116.344213 39.879355
116.417248 39.953754 116.396709 39.927747
116.340601 39.898641 116.362987 39.888095
116.377103 39.933842 116.403204 39.949644
116.425876 39.931682 116.388167 39.894298
116.377067 39.864804 116.354535 39.88942
116.334541 39.859383 116.376801 39.852878
116.336468 39.900339 116.373741 39.929253
116.365397 39.846453 116.35128 39.879575
116.42802 39.946741 116.346285 39.950611
116.367774 39.935069 116.381461 39.889848
116.427964 39.947952 116.379282 39.940958
116.403991 39.937438 116.432218 39.947065
116.335243 39.920664 116.380655 39.896376
116.435395 39.908863 116.434329 39.953743
116.432253 39.900391 116.425396 39.946308
116.366978 39.937388 116.341089 39.940326
116.346495 39.893982 116.34096 39.954967
116.336523 39.857925 116.376378 39.850427
116.44105 39.867882 116.422956 39.90496
116.39871 39.900906 116.428407 39.907361
116.392423 39.859891 116.422279 39.89707
116.379511 39.882274 116.414355 39.957197
116.405506 39.855079 116.42045 39.91556
116.408201 39.928355 116.425945 39.901284
116.410456 39.870984 116.414464 39.906138
116.363533 39.918263 116.40397 39.871657
116.399432 39.847297 116.436416 39.858897
116.423357 39.890938 116.395912 39.898808
116.392496 39.854678 116.414049 39.862569
116.399683 39.889834 116.36194 39.846772
116.409588 39.865918 116.35406 39.892684
116.427422 39.904726 116.36969 39.922248
116.376387 39.891777 116.342228 39.940136
116.414603 39.883306 116.430201 39.85397
116.428725 39.907091 116.432248 39.876616
116.350004 39.93566 116.426378 39.905048
116.431456 39.938889 116.363057 39.903117
116.341242 39.94806 116.378287 39.942545
116.357949 39.887442 116.430118 39.928051
116.366423 39.904575 116.418455 39.84744
116.387144 39.878261 116.421383 39.894036
116.436542 39.882213 116.343295 39.87698
116.342043 39.877169 116.343163 39.926211
116.353603 39.855981 116.412216 39.846967
116.407044 39.905754 116.365856 39.931331
116.367941 39.937638 116.430384 39.956108
116.377767 39.923436 116.407269 39.948544
116.426605 39.868813 116.402799 39.922415
116.42959 39.860213 116.401249 39.905112
116.399403 39.898536 116.423275 39.878879
116.403968 39.851301 116.43497 39.88986
116.350483 39.871039 116.337667 39.876955
116.382902 39.856795 116.427815 39.870548
116.363334 39.879406 116.428657 39.905646
116.40691 39.897044 116.369807 39.930644
116.333142 39.913571 116.349493 39.943238
116.35117 39.875663 116.339163 39.870042
116.35314 39.846612 116.411926 39.851309
116.351191 39.883805 116.393669 39.860321
116.351679 39.854959 116.417951 39.855346
116.429566 39.859266 116.402184 39.899113
116.433492 39.911668 116.440947 39.948342
116.415917 39.878408 116.429724 39.853108
116.411116 39.884408 116.42556 39.848695
116.362781 39.92835 116.389841 39.892663
116.437678 39.909754 116.413576 39.954755
116.399824 39.905111 116.427212 39.916841
116.432191 39.919136 116.352006 39.905907
116.406772 39.922728 116.427702 39.939887
116.399919 39.880588 116.438818 39.935532
116.432824 39.946567 116.36698 39.897532
116.390616 39.86484 116.429804 39.937293
116.415879 39.910124 116.436844 39.890611
116.405151 39.849029 116.38251 39.854531
116.39813 39.88585 116.435433 39.936517
116.421976 39.934729 116.423265 39.91293
116.367056 39.84694 116.352607 39.883615
116.429507 39.937635 116.340333 39.957353
116.37469 39.888904 116.402187 39.847218
116.338007 39.915702 116.344075 39.94628
116.408797 39.921517 116.421841 39.939172
116.384216 39.886706 116.429931 39.889481
116.411617 39.848155 116.429577 39.88993
116.373746 39.941929 116.417412 39.930778
116.420366 39.861638 116.415827 39.88769
116.340515 39.883347 116.362727 39.897286
116.34235 39.89269 116.384704 39.865954
116.40988 39.94803 116.418462 39.909032
116.373587 39.852786 116.330859 39.880287
116.369032 39.937475 116.428475 39.950996
116.368761 39.86756 116.40029 39.899346
116.376852 39.874063 116.41936 39.886649
116.394879 39.856722 116.42523 39.89983
116.381863 39.855665 116.41613 39.868492
116.4206 39.906057 116.380988 39.854887
116.417271 39.937444 116.377315 39.887077
116.353894 39.941112 116.425063 39.932042
116.41679 39.904487 116.380839 39.952365
116.362792 39.905354 116.416282 39.853089
116.338858 39.862754 116.370591 39.853881
116.422677 39.949384 116.334832 39.917815
116.417848 39.955444 116.372202 39.955643
116.430918 39.931589 116.383933 39.896106
116.376058 39.899582 116.423631 39.949031
116.391248 39.923455 116.431341 39.928013
116.334905 39.918291 116.381433 39.895554
116.339162 39.901394 116.371715 39.936844
116.342283 39.937532 116.402106 39.897171
116.392352 39.85796 116.427946 39.906554
116.354949 39.94413 116.424342 39.931148
116.356573 39.871911 116.338436 39.868875
116.343611 39.930428 116.423291 39.932814
116.424136 39.862144 116.362432 39.854967
116.429531 39.939064 116.34905 39.949333
116.434408 39.948332 116.358288 39.908983
116.365098 39.932935 116.382601 39.89649
116.434345 39.924842 116.413301 39.912606
116.43394 39.876849 116.414269 39.909262
116.42183 39.871776 116.402507 39.921466
116.409096 39.93204 116.41834 39.89718
116.394595 39.864617 116.426869 39.899178
116.412049 39.877812 116.42761 39.851946
116.372247 39.920444 116.401162 39.957106
116.331005 39.903435 116.380398 39.932043
116.355782 39.946268 116.429033 39.929357
116.413075 39.876882 116.422338 39.846428
116.357918 39.916996 116.336458 39.892972
116.420083 39.924621 116.404695 39.95494
116.391528 39.879755 116.436088 39.93412
116.404789 39.855178 116.370097 39.867536
116.373298 39.939969 116.415477 39.894808
116.403476 39.896572 116.397745 39.865787
116.392331 39.933806 116.439511 39.941157
116.431529 39.885774 116.388021 39.890032
116.37534 39.855497 116.377341 39.90362
116.347753 39.881901 116.387463 39.875408
116.434175 39.915002 116.425211 39.938809
116.415836 39.918408 116.35001 39.928426
116.404919 39.855762 116.353215 39.847698
116.428461 39.895957 116.386897 39.947881
116.399176 39.853009 116.353572 39.853334
116.381121 39.847211 116.340598 39.879412
116.416709 39.880063 116.421625 39.855779
116.406289 39.849223 116.435042 39.888365
116.341381 39.932884 116.331139 39.897287
116.336292 39.913111 116.342826 39.93798
116.375958 39.937475 116.412961 39.892907
116.423988 39.857523 116.406819 39.902988
116.435914 39.906132 116.361062 39.942842
116.353121 39.868524 116.337241 39.866776
116.362402 39.849028 116.404855 39.874699
116.365528 39.913606 116.381661 39.942265
116.330754 39.863861 116.379531 39.855265
116.370335 39.896381 116.413039 39.882276
116.334995 39.905901 116.373791 39.93152
116.33666 39.858129 116.372526 39.847873
116.333896 39.907546 116.343148 39.942218
116.426747 39.855973 116.347396 39.896172
116.406853 39.940238 116.339054 39.916491
116.376157 39.947008 116.416785 39.893986
116.387553 39.865085 116.423473 39.934314
116.371657 39.859528 116.355127 39.89629
116.331193 39.859066 116.377037 39.850837
116.427785 39.865986 116.404946 39.897727
116.354818 39.849263 116.413294 39.847616
116.425885 39.902615 116.379319 39.90454
116.343676 39.924263 116.373896 39.868328
116.374594 39.91606 116.41252 39.903415
116.344113 39.885592 116.3903 39.866945
116.350234 39.877887 116.367767 39.899952
116.404021 39.956457 116.430757 39.908445
116.364041 39.941028 116.345604 39.941015
116.360462 39.86662 116.337422 39.954106
116.430859 39.86177 116.402558 39.904804
116.378692 39.869323 116.419731 39.877003
116.356189 39.930268 116.390056 39.956542
116.336697 39.92539 116.379599 39.949669
116.398625 39.855837 116.365445 39.882764
116.378414 39.891463 116.406021 39.856432
116.372121 39.947403 116.418227 39.935514
116.347538 39.91065 116.375063 39.873455
116.412953 39.919154 116.409554 39.956797
116.431018 39.939492 116.349535 39.953947
116.340699 39.95071 116.374253 39.943095
116.362158 39.939038 116.427207 39.948481
116.412514 39.952704 116.424372 39.904474
116.423444 39.946222 116.348766 39.950318
116.342493 39.860616 116.381666 39.90444
116.397635 39.850846 116.432735 39.872664
116.379986 39.873283 116.423514 39.873276
116.429206 39.869877 116.411663 39.899636
116.361264 39.848095 116.408308 39.875316
116.348739 39.892783 116.385213 39.863825
116.40329 39.869277 116.377689 39.901027
116.421872 39.946993 116.346486 39.953861
116.340741 39.851947 116.367913 39.868645
116.39236 39.864361 116.421876 39.898724
116.392523 39.88088 116.435513 39.932714
116.350542 39.873028 116.335133 39.87556
116.343174 39.878067 116.369317 39.903296
116.343679 39.908612 116.373732 39.87296
116.338949 39.880743 116.351301 39.903102
116.406889 39.940037 116.356454 39.956564
116.330337 39.862875 116.377687 39.853315
116.368148 39.942655 116.345097 39.93971
116.37418 39.947103 116.419103 39.887377
116.435027 39.924881 116.412471 39.911963
116.33235 39.918589 116.379526 39.947485
116.402391 39.930022 116.413917 39.901255
116.432554 39.883423 116.348877 39.879944
116.416668 39.932723 116.372295 39.915197
116.399878 39.84919 116.418179 39.858108
116.421518 39.954307 116.411194 39.934885
116.352849 39.874833 116.337669 39.884028
116.423676 39.903464 116.4384 39.945919
116.424975 39.947061 116.349564 39.95024
116.344235 39.95727 116.371266 39.937987
116.363311 39.846638 116.340677 39.874806
116.36574 39.911819 116.381646 39.93823
116.337997 39.925533 116.384105 39.886898
116.359205 39.939801 116.429563 39.933706
116.399312 39.864872 116.423205 39.899419
116.435794 39.93519 116.392296 39.918881
116.406022 39.867494 116.350534 39.885678
116.344119 39.864503 116.383961 39.900715
116.367444 39.916387 116.39007 39.937506
116.349032 39.860089 116.381009 39.897814
116.422232 39.85173 116.343453 39.886807
116.340673 39.930491 116.426472 39.936753
116.341926 39.912994 116.372162 39.885264
116.33048 39.936326 116.372014 39.947879
116.432559 39.899034 116.36353 39.939925
116.358291 39.957413 116.416066 39.950131
116.400675 39.956815 116.414959 39.887174
116.425067 39.849775 116.348599 39.892164
116.394104 39.919789 116.436561 39.928129
116.331165 39.892287 116.36166 39.858888
116.345148 39.92839 116.423007 39.897211
116.368147 39.86184 116.41399 39.871671
116.35704 39.90682 116.427119 39.911505
116.37679 39.946412 116.412021 39.92963
116.331705 39.935553 116.374949 39.953381
116.337668 39.896258 116.392407 39.899348
116.330777 39.883672 116.353923 39.909882
116.430821 39.954294 116.376817 39.944398
116.419517 39.875257 116.371347 39.863705
116.334489 39.897778 116.372123 39.936993
116.374334 39.915192 116.420384 39.905281
116.432114 39.921583 116.351625 39.898929
116.42164 39.954057 116.373604 39.940875
116.35128 39.944765 116.356782 39.899769
116.349015 39.952813 116.37137 39.937363
116.345087 39.933855 116.392141 39.945671
116.410542 39.853876 116.387799 39.84947
116.360946 39.916438 116.383821 39.943626
116.379638 39.931804 116.40632 39.950426
116.429224 39.89572 116.393929 39.898506
116.346236 39.864958 116.38337 39.902315
116.344598 39.935248 116.390642 39.956337
116.336041 39.920225 116.384458 39.892212
116.341097 39.879732 116.347353 39.927096
116.3448 39.955192 116.378971 39.940135
116.332165 39.934073 116.373893 39.950556
116.345001 39.902153 116.344672 39.933446
116.367688 39.852215 116.419264 39.913992
116.426447 39.901239 116.338938 39.854436
116.407902 39.937108 116.422361 39.902443
116.379978 39.886576 116.388522 39.85557
116.39067 39.86507 116.429775 39.927984
116.38696 39.885687 116.424071 39.891982
116.409963 39.850837 116.415601 39.913675
116.399943 39.878477 116.43765 39.927229
116.396805 39.848099 116.362752 39.869122
116.414748 39.951609 116.397696 39.934759
116.389391 39.857555 116.422182 39.927458
116.393309 39.90679 116.422577 39.88583
116.344348 39.930835 116.383402 39.950249
116.42068 39.931675 116.437067 39.900698
116.402022 39.928202 116.42935 39.899096
116.364443 39.896553 116.420131 39.880461
116.440619 39.901158 116.367999 39.943935
116.429785 39.868264 116.418172 39.900899
116.363079 39.92568 116.403009 39.874266
116.430507 39.886054 116.426948 39.923678
116.355956 39.901984 116.424906 39.913123
116.4303 39.945312 116.341714 39.951775
116.406765 39.896098 116.393464 39.859345
116.376234 39.90933 116.417861 39.897499
116.420619 39.884568 116.426108 39.847929
116.348275 39.915504 116.376984 39.877125
116.426427 39.9493 116.413017 39.936103
116.376095 39.915574 116.420319 39.90493
116.416669 39.920589 116.40288 39.954396
116.343882 39.900988 116.367813 39.888655
116.364309 39.942598 116.425805 39.951899
116.363742 39.847554 116.415178 39.913987
116.376864 39.917449 116.422147 39.916966
116.394621 39.897621 116.421496 39.88341
116.37413 39.913601 116.418834 39.902297
116.377494 39.854532 116.333124 39.883836
116.348571 39.955284 116.373776 39.94647
116.397122 39.883648 116.433365 39.934935
116.437456 39.92222 116.412481 39.91626
116.355557 39.868574 116.336275 39.885035
116.3611 39.917172 116.405029 39.874646
116.352997 39.880987 116.369801 39.920094
116.344562 39.906806 116.428411 39.858361
116.416171 39.867012 116.360233 39.902851
116.434549 39.91594 116.434272 39.950423
116.421926 39.872461 116.416472 39.902366
116.335756 39.860427 116.373065 39.848699
116.403198 39.922232 116.436605 39.89888
116.349711 39.907119 116.371816 39.884686
116.412285 39.912615 116.435228 39.896246
116.428583 39.908118 116.423734 39.940549
116.368376 39.882845 116.406468 39.860306
116.359525 39.881915 116.378502 39.906844
116.36245 39.926836 116.40418 39.874736
116.362075 39.936767 116.389545 39.892354
116.412781 39.905865 116.391804 39.947821
116.387177 39.933757 116.337725 39.917698
116.38479 39.898758 116.344163 39.946022
116.428514 39.953534 116.335313 39.919334
116.341696 39.882571 116.365671 39.906235
116.34427 39.918748 116.343826 39.955786
116.43348 39.943665 116.362756 39.903742
116.428261 39.84659 116.344528 39.891343
116.360467 39.927383 116.382756 39.892344
116.348339 39.870188 116.377277 39.89841
116.439516 39.87387 116.373586 39.857286
116.435567 39.902974 116.369948 39.942576
116.391235 39.895031 116.361038 39.898421
116.439272 39.868639 116.414828 39.897785
116.422295 39.932076 116.385767 39.894166
116.440819 39.88306 116.415225 39.907691
116.4118 39.933512 116.375565 39.914043
116.384018 39.933893 116.330979 39.926893
116.353076 39.915418 116.335126 39.89046
116.390922 39.90099 116.349821 39.918664
116.430239 39.924787 116.411493 39.954675
116.413721 39.860366 116.383117 39.849141
116.336476 39.906974 116.378335 39.929162
116.433977 39.881884 116.381132 39.887903
116.377672 39.853024 116.356551 39.871782
116.401447 39.891741 116.39216 39.863399
116.417179 39.902707 116.395576 39.949017
116.438419 39.913356 116.418737 39.956596
116.414255 39.91072 116.406785 39.951667
116.362281 39.91185 116.388848 39.894301
116.358459 39.902552 116.425131 39.916272
116.336209 39.935992 116.371213 39.95431
116.42545 39.868041 116.402557 39.921519
116.369926 39.907421 116.39014 39.939376
116.36992 39.930479 116.386734 39.888126
116.381842 39.935566 116.338582 39.920377
116.434402 39.928179 116.398682 39.920141
116.424101 39.885596 116.427487 39.923066
116.428146 39.925678 116.414928 39.94937
116.341887 39.88192 116.380794 39.874442
116.350546 39.848993 116.418626 39.853347
116.364812 39.859215 116.342984 39.89368
116.332893 39.915592 116.34249 39.941257
116.357536 39.901254 116.405235 39.889451
116.375606 39.8688 116.427108 39.872926
116.416791 39.865995 116.381306 39.854926
116.336197 39.858232 116.372818 39.853168
116.378352 39.892053 116.434147 39.888163
116.387136 39.88639 116.428036 39.890031
116.43273 39.880936 116.387893 39.895001
116.409488 39.902668 116.362404 39.87719
116.336283 39.865386 116.37751 39.854177
116.432708 39.880084 116.41884 39.907141
116.396663 39.932265 116.432465 39.947094
116.426241 39.951351 116.419161 39.936508
116.399282 39.879837 116.431597 39.930007
116.439055 39.897959 116.420993 39.923712
116.435413 39.943792 116.401929 39.888265
116.367849 39.93218 116.381777 39.896772
116.361116 39.868005 116.413979 39.921355
116.374224 39.916745 116.419866 39.900875
116.383223 39.945304 116.439041 39.946204
116.360379 39.932543 116.382808 39.957542
116.411002 39.945355 116.395556 39.956221
116.406919 39.942943 116.4323 39.938829
116.422261 39.886845 116.39937 39.897479
116.417318 39.884305 116.430738 39.852226
116.432351 39.874366 116.379879 39.858835
116.432877 39.863998 116.348083 39.879423
116.381076 39.942905 116.343084 39.954745
116.331867 39.921578 116.389093 39.886914
116.437154 39.922353 116.396088 39.903335
116.413148 39.867368 116.433006 39.889751
116.394497 39.904812 116.343949 39.920891
116.418954 39.880294 116.43082 39.855648
116.343524 39.877007 116.360527 39.902221
116.403022 39.930477 116.421451 39.900444
116.351506 39.908449 116.332589 39.895124
116.430838 39.938181 116.346227 39.951871
116.345735 39.939189 116.406085 39.897393
116.429928 39.910862 116.374087 39.956528
116.434478 39.882646 116.383264 39.894574
116.37545 39.919771 116.401715 39.951827
116.345713 39.856885 116.390031 39.900926
116.333734 39.916981 116.346332 39.942819
116.428346 39.887631 116.399875 39.906371
116.341229 39.884865 116.345054 39.924217
116.410101 39.89839 116.36588 39.884503
116.335688 39.887972 116.417102 39.904643
116.436653 39.847113 116.421795 39.914484
116.402426 39.912818 116.364308 39.900377
116.347301 39.949319 116.371515 39.947307
116.345592 39.937227 116.348491 39.884089
116.433568 39.909932 116.396735 39.918265
116.361039 39.876753 116.418254 39.889883
116.330957 39.934359 116.371381 39.956962
116.41883 39.938322 116.374353 39.887567
116.427021 39.917004 116.439882 39.870177
116.346061 39.909951 116.371751 39.879339
116.394978 39.953899 116.336576 39.910688
116.379025 39.859105 116.358236 39.887754
116.409591 39.923332 116.430861 39.939417
116.373326 39.938171 116.417781 39.896452
116.360995 39.95014 116.391908 39.935159
116.359596 39.934422 116.384678 39.949594
116.41934 39.950168 116.396986 39.935225
116.438062 39.872329 116.371743 39.861559
116.331216 39.91971 116.385533 39.887318
116.341601 39.911056 116.375656 39.870174
116.348765 39.881366 116.368719 39.897955
116.35757 39.912885 116.335611 39.895376
116.377125 39.928853 116.407321 39.950433
116.343481 39.891421 116.381415 39.857215
116.434716 39.909814 116.415649 39.957033
116.415777 39.880734 116.42804 39.855339
116.410458 39.859404 116.437243 39.932831
116.343995 39.956313 116.37936 39.938225
116.365118 39.942878 116.341027 39.942614
116.333977 39.924659 116.383613 39.895519
116.430483 39.953679 116.430973 39.925701
116.379778 39.89908 116.429966 39.952543
116.372015 39.877678 116.368277 39.864536
116.345354 39.91109 116.370567 39.867427
116.409641 39.851938 116.378484 39.87243
116.418885 39.94355 116.374252 39.893483
116.33432 39.919184 116.382995 39.889249
116.365363 39.919668 116.405038 39.869748
116.423633 39.953796 116.372707 39.943359
116.4319 39.90812 116.425584 39.941176
116.342762 39.919086 116.379979 39.871319
116.396351 39.885774 116.434833 39.935307
116.416826 39.884851 116.425242 39.856408
116.3476 39.934576 116.424268 39.901397
116.421669 39.906601 116.392463 39.896743
116.440826 39.859586 116.416013 39.885886
116.398178 39.849488 116.351591 39.848153
116.389132 39.866914 116.345026 39.882114
116.438554 39.89723 116.364766 39.942596
116.377914 39.940607 116.414865 39.935867
116.391407 39.897826 116.427239 39.911091
116.370839 39.90395 116.348016 39.875895
116.333471 39.929002 116.37795 39.94951
116.3358 39.920156 116.375488 39.954296
116.369306 39.944908 116.341532 39.942573
116.354308 39.88389 116.370795 39.896906
116.400257 39.887866 116.365207 39.900874
116.355811 39.93723 116.386853 39.95685
116.365748 39.931096 116.390604 39.88712
116.373613 39.86117 116.418076 39.908574
116.345777 39.885351 116.381667 39.870407
116.330668 39.874014 116.406873 39.859115
116.429419 39.906791 116.391484 39.89552
116.360247 39.940387 116.424446 39.929094
116.376857 39.877256 116.413095 39.951301
116.348586 39.86514 116.384345 39.906337
116.433782 39.900416 116.373445 39.84899
116.43415 39.879758 116.349949 39.877459
116.358696 39.928792 116.384475 39.949031
116.354957 39.930897 116.383126 39.948251
116.345545 39.913772 116.372909 39.875583
116.344039 39.886093 116.361675 39.902269
116.43793 39.954692 116.410985 39.900501
116.429633 39.889957 116.426891 39.931493
116.346193 39.932281 116.383862 39.952599
116.374684 39.868079 116.353635 39.902729
116.356731 39.886316 116.388129 39.935261
116.426039 39.942537 116.342452 39.954951
116.333799 39.935173 116.380385 39.9558
116.367922 39.849313 116.419621 39.876898
116.414014 39.848515 116.430825 39.899007
116.353569 39.873972 116.334725 39.869457
116.348582 39.8869 116.388461 39.863274
116.429873 39.939094 116.340513 39.951129
116.429311 39.955257 116.379411 39.940742
116.429451 39.86841 116.410593 39.925477
116.417698 39.893348 116.421534 39.846577
116.379183 39.952879 116.349322 39.928698
116.371406 39.942005 116.416327 39.894958
116.413352 39.878484 116.429522 39.850086
116.367238 39.882323 116.348441 39.903658
116.43014 39.886655 116.42443 39.919238
116.404973 39.920331 116.432154 39.902999
116.401877 39.858375 116.355618 39.89286
116.438228 39.884016 116.413409 39.912685
116.355516 39.900994 116.426338 39.907182
116.387278 39.904892 116.403058 39.94406
116.402777 39.8561 116.413076 39.911177
116.373197 39.917795 116.378474 39.901972
116.413628 39.927182 116.349159 39.933271
116.395469 39.877703 116.433277 39.937113
116.342414 39.929046 116.341263 39.881878
116.342714 39.92603 116.347235 39.947568
116.370268 39.942384 116.425994 39.949345
116.332205 39.881615 116.353904 39.915341
116.432486 39.905555 116.368701 39.938793
116.341428 39.905534 116.360475 39.8929
116.410061 39.931854 116.428798 39.89699
116.397835 39.892126 116.430512 39.899484
116.433028 39.884825 116.341346 39.880286
116.35674 39.896439 116.42439 39.934958
116.434835 39.853585 116.422744 39.910115
116.377901 39.919055 116.404575 39.956842
116.356797 39.952976 116.3516 39.89909
116.381909 39.881589 116.427925 39.891905
116.383762 39.927977 116.436979 39.88698
116.341906 39.942557 116.340287 39.868439
116.441267 39.889084 116.36859 39.918997
116.371009 39.945867 116.418315 39.934983
116.337546 39.881156 116.353035 39.899418
116.377529 39.907297 116.42099 39.904749
116.391602 39.935028 116.434471 39.943727
116.421873 39.950466 116.339006 39.922792
116.367131 39.91813 116.400866 39.869876
116.362453 39.906564 116.343476 39.941261
116.398288 39.866326 116.430676 39.901795
116.36359 39.856099 116.415823 39.907871
116.41026 39.867607 116.377925 39.897069
116.391744 39.888164 116.341139 39.891145
116.423092 39.957459 116.428779 39.921815
116.380139 39.895785 116.343232 39.94216
116.362165 39.947549 116.396767 39.930142
116.330093 39.885653 116.353609 39.89769
116.412562 39.947043 116.370691 39.888076
116.372665 39.87842 116.363295 39.866086
116.433727 39.870119 116.418763 39.897811
116.421365 39.85175 116.346483 39.895156
116.391409 39.858301 116.429053 39.897033
116.4193 39.855119 116.440359 39.903711
116.367277 39.916048 116.384271 39.947412
116.344773 39.852554 116.369961 39.875243
116.36816 39.952843 116.397298 39.929604
116.337187 39.921687 116.382581 39.887273
116.342743 39.872359 116.379865 39.915083
116.438186 39.88363 116.340654 39.878131
116.349636 39.922029 116.345231 39.949957
116.382351 39.859343 116.366492 39.893191
116.377378 39.848739 116.357061 39.86972
116.363089 39.929395 116.381052 39.896664
116.419597 39.886193 116.421828 39.852724
116.426671 39.870239 116.407962 39.92347
116.407359 39.941445 116.332104 39.907274
116.38316 39.93647 116.33774 39.919066
116.36547 39.877816 116.407714 39.85902
116.439881 39.881933 116.420903 39.908595
116.411736 39.95529 116.393545 39.932121
116.369974 39.881079 116.418582 39.896047
116.355444 39.936573 116.388976 39.948118
116.423026 39.954678 116.424927 39.92596
116.399568 39.892937 116.34719 39.892452
116.43196 39.883144 116.380937 39.89586
116.370538 39.923427 116.373342 39.906682
116.400337 39.933109 116.440745 39.940721
116.345888 39.860914 116.390547 39.899551
116.421851 39.857486 116.405692 39.89892
116.345783 39.850825 116.36375 39.875668
116.40375 39.95668 116.404903 39.898544
116.43864 39.897729 116.429214 39.938227
116.352306 39.953074 116.352455 39.900075
116.351082 39.879121 116.372059 39.904814
116.378554 39.914202 116.416936 39.905003
116.417317 39.854224 116.421469 39.90349
116.378095 39.877751 116.381978 39.856298
116.369189 39.946597 116.343856 39.938088
116.425984 39.904619 116.374277 39.902244
116.409499 39.936216 116.41391 39.90654
116.364719 39.871282 116.336793 39.94904
