116.353068 39.889556 116.439179 39.886966
116.405132 39.954888 116.409462 39.904026
116.356481 39.907116 116.339758 39.889424
116.410847 39.90551 116.363956 39.932667
116.425356 39.884671 116.428016 39.917341
116.374402 39.860365 116.416936 39.915443
116.436621 39.897375 116.415025 39.920957
116.416747 39.871781 116.354953 39.901692
116.332104 39.868506 116.403939 39.862674
116.415644 39.890607 116.361541 39.90589
116.383322 39.951566 116.345239 39.902068
116.361247 39.950739 116.412143 39.910482
116.409746 39.910453 116.426957 39.895023
116.404393 39.873842 116.382934 39.89346
116.433668 39.847608 116.427228 39.914799
116.390559 39.932857 116.438979 39.895618
116.424753 39.908111 116.4298 39.940805
116.434532 39.92673 116.395282 39.904736
116.40011 39.872961 116.365635 39.871551
116.407373 39.853611 116.431636 39.891219
116.355637 39.894026 116.425892 39.890263
116.391903 39.932551 116.431259 39.945844
116.412079 39.875128 116.42626 39.921618
116.4136 39.858861 116.367163 39.913877
116.436908 39.89805 116.421828 39.937673
116.41768 39.936528 116.376136 39.909901
116.344096 39.903108 116.424639 39.910724
116.37283 39.90735 116.418262 39.901158
116.39275 39.90172 116.424052 39.907513
116.385542 39.881919 116.421549 39.896676
116.341007 39.902304 116.344617 39.93043
116.368427 39.954547 116.400346 39.935576
116.374517 39.895719 116.343744 39.946812
116.397298 39.851104 116.432061 39.87644
116.431406 39.878812 116.415317 39.907796
116.408365 39.938186 116.335916 39.910177
116.383007 39.941244 116.435825 39.946104
116.338966 39.895795 116.362328 39.86595
116.345362 39.883266 116.367756 39.905474
116.333707 39.879789 116.359456 39.912098
116.340739 39.901382 116.425639 39.910667
116.376614 39.875634 116.416485 39.885448
116.39315 39.923342 116.435006 39.92901
116.428998 39.953385 116.37494 39.944898
116.428216 39.912487 116.434602 39.866726
116.365081 39.86762 116.414389 39.923347
116.43734 39.900106 116.416059 39.919706
116.396501 39.86944 116.365619 39.86751
116.34228 39.915968 116.372441 39.874085
116.356699 39.877407 116.400407 39.862639
116.393448 39.904575 116.345499 39.92603
116.367071 39.847717 116.418627 39.916562
116.414771 39.934141 116.376347 39.910507
116.35695 39.942175 116.424598 39.930026
116.333194 39.894632 116.369027 39.858041
116.384283 39.880017 116.425791 39.894111
116.418565 39.872298 116.428785 39.920623
116.401682 39.945591 116.339473 39.910686
116.403147 39.907871 116.42238 39.896379
116.431333 39.957385 116.402799 39.852844
116.433407 39.925998 116.419361 39.909504
116.381339 39.946976 116.342131 39.956875
116.425098 39.886096 116.429582 39.923294
116.433443 39.853279 116.428229 39.911674
116.410439 39.953778 116.403871 39.902458
116.345095 39.924583 116.423701 39.904803
116.368687 39.864247 116.347987 39.887315
116.391027 39.874038 116.363959 39.87049
116.402324 39.910706 116.369652 39.903503
116.361299 39.947636 116.399494 39.927664
116.366319 39.870867 116.339186 39.951672
116.377144 39.926251 116.404011 39.952615
116.399156 39.888453 116.428832 39.906991
116.413707 39.885315 116.428899 39.855421
116.383317 39.862247 116.423822 39.867904
116.370788 39.887264 116.349606 39.939398
116.406734 39.869274 116.384589 39.89354
116.440635 39.878844 116.416552 39.915397
116.416106 39.952697 116.392084 39.929526
116.386235 39.876901 116.427853 39.896645
116.407179 39.874452 116.375444 39.897916
116.33955 39.887413 116.399376 39.897085
116.363506 39.89435 116.420363 39.884662
116.414658 39.898479 116.384986 39.876931
116.410481 39.913225 116.421376 39.893196
116.416749 39.8986 116.360839 39.911239
116.390421 39.87929 116.430914 39.892009
116.438213 39.863442 116.409318 39.846504
116.412001 39.848501 116.341171 39.870124
116.436213 39.907133 116.426884 39.946022
116.376689 39.873314 116.350681 39.9026
116.35189 39.856381 116.411299 39.848498
116.436678 39.957198 116.405081 39.847667
116.427762 39.872684 116.419552 39.902207
116.34022 39.931509 116.332247 39.897563
116.40154 39.913231 116.362827 39.897419
116.350359 39.942187 116.429293 39.936977
116.428585 39.900297 116.431463 39.946057
116.434627 39.880971 116.345165 39.885692
116.420082 39.880703 116.430767 39.852995
116.379067 39.918101 116.378847 39.899109
116.389862 39.945447 116.346223 39.956373
116.376546 39.92172 116.429279 39.913386
116.382245 39.878015 116.427555 39.892427
116.378024 39.877681 116.364069 39.921481
116.373014 39.882694 116.361519 39.860611
116.331849 39.92119 116.390619 39.887706
116.350737 39.89071 116.427218 39.936953
116.356667 39.932936 116.385938 39.956812
116.417821 39.949422 116.386348 39.902616
116.368486 39.874373 116.416989 39.919915
116.401819 39.870256 116.380293 39.897028
116.371909 39.925827 116.379383 39.900153
116.386574 39.936159 116.436022 39.889131
116.408942 39.85089 116.372101 39.872753
116.404233 39.855282 116.376451 39.86935
116.430888 39.932104 116.384142 39.89187
116.394914 39.889249 116.367371 39.901828
116.367415 39.917186 116.402757 39.872722
116.387295 39.933582 116.334426 39.919681
116.408743 39.849259 116.433692 39.896689
116.411497 39.928142 116.435901 39.904513
116.434855 39.856065 116.431172 39.911516
116.384702 39.94578 116.343899 39.948497
116.367771 39.87997 116.418533 39.887272
116.417894 39.885886 116.422653 39.850392
116.410923 39.941481 116.425902 39.931683
116.37298 39.888704 116.411289 39.91506
116.386179 39.955434 116.349193 39.912676
116.440478 39.866211 116.415233 39.87975
116.424033 39.856031 116.348717 39.891981
116.416922 39.890229 116.369775 39.902469
116.380095 39.913708 116.417289 39.900272
116.33493 39.894145 116.360897 39.859978
116.393221 39.849403 116.440771 39.85895
116.334133 39.903024 116.377198 39.932215
116.376665 39.890929 116.410397 39.849806
116.362637 39.866755 116.419786 39.921902
116.334282 39.896668 116.400281 39.898654
116.418717 39.857802 116.387294 39.852398
116.393203 39.9567 116.414752 39.888209
116.386514 39.882347 116.430573 39.895601
116.438699 39.908965 116.411037 39.950316
116.35727 39.889667 116.432599 39.896728
116.342805 39.937172 116.331332 39.902436
116.407016 39.919684 116.433991 39.945955
116.346498 39.899639 116.381927 39.95081
116.415445 39.889884 116.36811 39.904108
116.436096 39.853834 116.425825 39.907842
116.336578 39.923702 116.378266 39.955082
116.349639 39.950958 116.375297 39.94465
116.376429 39.91276 116.417672 39.901349
116.350409 39.874112 116.3322 39.871478
116.414953 39.944859 116.371603 39.889559
116.377798 39.935111 116.404535 39.95273
116.405301 39.871778 116.360083 39.884768
116.33791 39.921946 116.379335 39.955958
116.362152 39.867362 116.338085 39.955616
116.370668 39.952462 116.348753 39.93115
116.43419 39.928962 116.396431 39.918879
116.37937 39.892173 116.437379 39.891992
116.389457 39.906072 116.350069 39.942597
116.403962 39.914603 116.430521 39.890306
116.379296 39.956124 116.340577 39.933369
116.3776 39.937038 116.407557 39.947765
116.357395 39.847609 116.415757 39.854378
116.401323 39.855847 116.372555 39.867973
116.37641 39.87087 116.356247 39.898578
116.393802 39.952975 116.330967 39.912014
116.336011 39.860259 116.38062 39.846758
116.364025 39.846466 116.348698 39.867189
116.394633 39.877915 116.438302 39.929653
116.405428 39.95155 116.414087 39.915756
116.345032 39.878312 116.390351 39.871373
116.430022 39.878115 116.423824 39.920935
116.401481 39.950696 116.432328 39.952919
116.384326 39.883622 116.425709 39.891949
116.41198 39.868796 116.351359 39.899636
116.37738 39.855307 116.351775 39.869345
116.426887 39.897673 116.384989 39.905633
116.369502 39.89154 116.397396 39.916294
116.342686 39.872204 116.419456 39.85222
116.366643 39.95403 116.398146 39.933111
116.372412 39.852495 116.410731 39.855812
116.40074 39.877957 116.434602 39.934369
116.415752 39.852147 116.344974 39.870062
116.394189 39.852189 116.365958 39.867243
116.353647 39.871031 116.336628 39.874133
116.339463 39.897648 116.373041 39.935991
116.401725 39.91751 116.429056 39.944868
116.393818 39.926399 116.439941 39.930144
116.379769 39.853359 116.333692 39.876929
116.367328 39.849783 116.356491 39.881202
116.367255 39.903711 116.420368 39.84824
116.347782 39.874164 116.37838 39.91095
116.374135 39.875176 116.355536 39.903933
116.417562 39.864738 116.366782 39.914784
116.352697 39.867677 116.331564 39.867431
116.348405 39.917288 116.348972 39.957037
116.350533 39.867931 116.332371 39.881437
116.332554 39.906475 116.376792 39.933111
116.434404 39.925798 116.416282 39.915364
116.340364 39.938241 116.347365 39.87243
116.342632 39.875487 116.41613 39.855856
116.410911 39.917354 116.431487 39.944023
116.337214 39.867457 116.408214 39.866091
116.432881 39.947877 116.421557 39.891751
116.356198 39.867522 116.339819 39.870774
116.344228 39.885441 116.342909 39.924848
116.391426 39.849782 116.356083 39.850006
116.355391 39.928293 116.380764 39.957539
116.411479 39.862473 116.385728 39.851659
116.407772 39.911596 116.429031 39.889937
116.390547 39.869103 116.353491 39.879658
116.340255 39.880588 116.381407 39.867632
116.421411 39.88234 116.430446 39.920955
116.339982 39.860811 116.378983 39.847822
116.416745 39.933341 116.373711 39.909099
116.411537 39.895366 116.361492 39.899492
116.336124 39.897786 116.372884 39.932946
116.35854 39.8493 116.416601 39.853927
116.393354 39.852669 116.362864 39.874525
116.380249 39.939608 116.420202 39.927672
116.430473 39.95723 116.336481 39.926536
116.360015 39.852833 116.419577 39.855914
116.438852 39.89882 116.411498 39.923255
116.357552 39.868904 116.339381 39.87865
116.348414 39.906514 116.426436 39.866511
116.353332 39.910938 116.335524 39.893269
116.344455 39.937081 116.387183 39.95424
116.398971 39.922514 116.432556 39.934096
116.337996 39.887177 116.39425 39.900393
116.43567 39.921276 116.395666 39.898461
116.348105 39.932173 116.386097 39.956397
116.377127 39.919757 116.404098 39.952912
116.343228 39.894373 116.383331 39.859405
116.422178 39.888589 116.398191 39.899442
116.371349 39.848841 116.407658 39.852599
116.374107 39.870309 116.351215 39.904348
116.371983 39.851576 116.377273 39.90294
116.333537 39.894219 116.412934 39.905999
116.337883 39.90929 116.349194 39.946747
116.338677 39.898434 116.375964 39.929814
116.409466 39.876483 116.354096 39.88068
116.402739 39.892848 116.396145 39.861673
116.365861 39.850515 116.421027 39.87709
116.429712 39.857472 116.405696 39.904071
116.392471 39.874889 116.362127 39.869312
116.369638 39.956884 116.419509 39.914281
116.433056 39.917466 116.419014 39.910225
116.391141 39.947682 116.334904 39.909391
116.331933 39.886935 116.41396 39.898311
116.426236 39.850717 116.345393 39.888821
116.335524 39.880191 116.354794 39.898879
116.368043 39.940361 116.428844 39.955424
116.37878 39.892667 116.413174 39.909844
116.334644 39.870712 116.407404 39.85869
116.358087 39.870201 116.339323 39.881923
116.361651 39.946822 116.423289 39.949633
116.366309 39.884102 116.350093 39.897376
116.336402 39.904147 116.372831 39.936835
116.357726 39.932041 116.385226 39.952238
116.384499 39.900976 116.403883 39.946744
116.416847 39.883483 116.428788 39.853643
116.412393 39.878676 116.427473 39.851077
116.392868 39.879594 116.440283 39.9331
116.403659 39.916779 116.362751 39.899963
116.433775 39.894476 116.368885 39.925648
116.394799 39.890728 116.430557 39.906568
116.431325 39.879742 116.380957 39.893278
116.368847 39.921519 116.403094 39.876523
116.360373 39.879503 116.397051 39.865034
116.393552 39.89225 116.369731 39.900477
116.435064 39.870811 116.373805 39.860047
116.411211 39.905194 116.370065 39.902068
116.372836 39.880474 116.361845 39.859588
116.38415 39.853224 116.419806 39.907005
116.408381 39.867371 116.389335 39.890513
116.360781 39.873671 116.3364 39.952428
116.346802 39.858398 116.383385 39.902908
116.414694 39.867856 116.383504 39.877738
116.425381 39.95444 116.333433 39.918982
116.340769 39.861098 116.389679 39.897204
116.410296 39.851199 116.369574 39.875658
116.426917 39.916991 116.427347 39.942687
116.397612 39.884371 116.43311 39.928916
116.430229 39.853434 116.342006 39.894255
116.350024 39.896416 116.417723 39.888777
116.350175 39.850696 116.370191 39.868343
116.382104 39.856981 116.421125 39.929008
116.350484 39.951447 116.416641 39.955965
116.335497 39.898921 116.372464 39.933495
116.385177 39.951341 116.429284 39.90328
116.389283 39.932504 116.337653 39.918853
116.335725 39.8887 116.412592 39.904815
116.343581 39.953434 116.372537 39.943756
116.413548 39.863868 116.365274 39.909231
116.343155 39.940754 116.410158 39.900008
116.431283 39.916143 116.391796 39.917175
116.346802 39.900361 116.345829 39.932382
116.358265 39.949352 116.35423 39.904302
116.359323 39.949503 116.411104 39.94812
116.407364 39.936552 116.419593 39.904003
116.344645 39.909782 116.377982 39.875279
116.414176 39.925279 116.400955 39.950901
116.390082 39.880656 116.427868 39.894575
116.415724 39.934824 116.433894 39.906036
116.364593 39.903774 116.345427 39.945255
116.391029 39.951629 116.420732 39.916789
116.41052 39.847735 116.383499 39.847728
116.371497 39.910938 116.414239 39.901618
116.347275 39.879655 116.385167 39.87567
116.373026 39.88191 116.361486 39.858007
116.435587 39.89324 116.379048 39.955351
116.361953 39.873441 116.417461 39.924604
116.341908 39.920477 116.345947 39.957239
116.414974 39.850927 116.434372 39.899372
116.37662 39.898124 116.421198 39.900935
116.343665 39.916841 116.376564 39.881961
116.4188 39.880105 116.430826 39.848576
116.428976 39.913048 116.424079 39.939876
116.414331 39.903146 116.431384 39.935842
116.37481 39.916933 116.41133 39.898869
116.359076 39.853179 116.419192 39.851626
116.335646 39.927172 116.374519 39.956361
116.429912 39.936903 116.426967 39.907831
116.341621 39.935355 116.39192 39.939971
116.372923 39.8916 116.40926 39.847777
116.423199 39.891125 116.430286 39.932604
116.410363 39.888236 116.390741 39.860514
116.378165 39.919755 116.37741 39.901692
116.350295 39.877454 116.367581 39.901952
116.41447 39.885749 116.427568 39.854569
116.373973 39.91904 116.430157 39.907818
116.333529 39.886356 116.355301 39.897666
116.387172 39.878371 116.424319 39.893077
116.395645 39.872867 116.362138 39.86828
116.408045 39.850398 116.374373 39.871283
116.419225 39.894694 116.366642 39.902144
116.334703 39.899728 116.373434 39.935233
116.373872 39.866585 116.429457 39.876125
116.392568 39.863816 116.425143 39.902765
116.365416 39.868481 116.416197 39.919726
116.379781 39.880355 116.415324 39.950828
116.419498 39.874375 116.422929 39.905144
116.429504 39.892515 116.39982 39.904834
116.339558 39.922528 116.387291 39.888538
116.435765 39.863142 116.402575 39.848452
116.428651 39.922538 116.417992 39.886236
116.422991 39.940899 116.348434 39.95056
116.410264 39.912445 116.363081 39.903153
116.420764 39.930133 116.375349 39.91189
116.342821 39.897025 116.344054 39.929226
116.354831 39.848196 116.414674 39.85263
116.400615 39.95532 116.417839 39.908331
116.338926 39.926416 116.384357 39.887462
116.375877 39.930401 116.404026 39.950115
116.353466 39.950768 116.417111 39.953593
116.398333 39.879627 116.43894 39.932853
116.371511 39.933166 116.404249 39.94867
116.358397 39.854677 116.417283 39.850366
116.432325 39.943769 116.423979 39.905587
116.433266 39.884778 116.346955 39.878977
116.413506 39.874398 116.355934 39.899601
116.438021 39.91865 116.417164 39.907419
116.409026 39.915395 116.428001 39.890738
116.435678 39.932327 116.400236 39.920227
116.374809 39.92867 116.40228 39.955377
116.414409 39.897408 116.434869 39.927337
116.356466 39.854096 116.420102 39.850465
116.419721 39.859581 116.370149 39.910482
116.434252 39.860596 116.416313 39.883584
116.397091 39.923193 116.441093 39.931325
116.3899 39.853547 116.331541 39.89293
116.417058 39.862253 116.368552 39.912993
116.383419 39.900359 116.374626 39.87961
116.420629 39.948482 116.38362 39.906967
116.425682 39.881812 116.422039 39.92002
116.405831 39.930523 116.411842 39.897405
116.346674 39.876969 116.367353 39.906493
116.378631 39.932234 116.40972 39.950776
116.39136 39.869848 116.363805 39.867353
116.350382 39.894887 116.421381 39.935087
116.352009 39.907982 116.336013 39.890358
116.41866 39.876899 116.427772 39.84737
116.414193 39.874765 116.371187 39.860504
116.422024 39.859417 116.423041 39.88763
116.414851 39.876132 116.434463 39.893292
116.414267 39.861521 116.412647 39.887018
116.352157 39.850934 116.419567 39.846836
116.425701 39.948912 116.425361 39.923827
116.401492 39.949581 116.404928 39.904693
116.394181 39.849906 116.367133 39.87253
116.396069 39.955864 116.413988 39.909097
116.407828 39.928442 116.419595 39.897187
116.356987 39.880334 116.384182 39.933248
116.412931 39.957507 116.429163 39.897821
116.344084 39.952681 116.370596 39.938538
116.438045 39.864829 116.345661 39.880116
116.439967 39.852203 116.427358 39.907221
116.430305 39.860728 116.368249 39.854201
116.348192 39.884819 116.364777 39.906069
116.381322 39.952653 116.379018 39.928689
116.399309 39.917193 116.438332 39.936103
116.412632 39.865402 116.384142 39.851161
116.376048 39.876639 116.356278 39.900572
116.354727 39.874032 116.338325 39.88073
116.334238 39.896932 116.380476 39.930538
116.394106 39.931303 116.432706 39.940149
116.348449 39.881214 116.340551 39.922737
116.346847 39.88136 116.364812 39.898894
116.348193 39.907313 116.374589 39.872177
116.390589 39.929541 116.332158 39.924073
116.34352 39.909579 116.373402 39.875212
116.421648 39.866013 116.409461 39.903494
116.40801 39.876618 116.411942 39.906742
116.347559 39.88167 116.368539 39.901785
116.415588 39.941501 116.399733 39.952478
116.35168 39.939551 116.424659 39.927559
116.371267 39.926168 116.43082 39.910897
116.333081 39.865606 116.379407 39.847584
116.366637 39.881838 116.404322 39.860211
116.402525 39.941972 116.429926 39.927721
116.375666 39.909515 116.415499 39.905449
116.352436 39.949051 116.419089 39.947972
116.335437 39.873341 116.408293 39.857511
116.364628 39.922448 116.409873 39.867299
116.40477 39.871752 116.415873 39.905456
116.358044 39.874389 116.335528 39.872325
116.357071 39.868458 116.331055 39.882503
116.433908 39.921396 116.351594 39.898373
116.391773 39.948201 116.418965 39.915923
116.364854 39.92624 116.402454 39.867956
116.422891 39.89197 116.377123 39.906958
116.419623 39.864167 116.385691 39.855928
116.337151 39.894262 116.362861 39.856566
116.382955 39.88399 116.425547 39.894063
116.376835 39.926188 116.422892 39.915098
116.396555 39.85065 116.432071 39.872568
116.391344 39.869551 116.365388 39.866798
116.421065 39.875805 116.357795 39.901902
116.397629 39.886959 116.369984 39.847366
116.425354 39.864563 116.405872 39.906947
116.388124 39.957402 116.427107 39.898639
116.388689 39.927379 116.437608 39.890466
116.334274 39.917594 116.371819 39.947793
116.357677 39.856286 116.414408 39.855787
116.330262 39.917624 116.374767 39.954392
116.409186 39.908363 116.428631 39.891541
116.362345 39.886166 116.346843 39.904194
116.338375 39.920066 116.384075 39.895467
116.404647 39.873505 116.35627 39.900341
116.433778 39.867912 116.380169 39.864702
116.34408 39.884426 116.370208 39.89731
116.426706 39.916599 116.379833 39.948955
116.408012 39.867757 116.35497 39.881862
116.43642 39.902661 116.419269 39.92204
116.336412 39.875315 116.407712 39.860369
116.407637 39.931366 116.415123 39.897364
116.343076 39.937199 116.385781 39.949765
116.336975 39.890094 116.41447 39.904699
116.380147 39.871147 116.416479 39.885062
116.358029 39.93375 116.38814 39.957103
116.377511 39.886638 116.364838 39.866223
116.356515 39.853864 116.413908 39.854911
116.389836 39.906691 116.349982 39.944107
116.3751 39.936149 116.401075 39.9558
116.375067 39.928655 116.403437 39.947975
116.418672 39.883924 116.428975 39.848898
116.341533 39.953615 116.370887 39.94515
116.437233 39.903848 116.429997 39.938294
116.439077 39.957244 116.360316 39.907628
116.414498 39.863813 116.387746 39.84714
116.379929 39.876918 116.382521 39.850897
116.403287 39.908986 116.368883 39.905081
116.393266 39.85082 116.437969 39.866393
116.3955 39.897835 116.349792 39.921186
116.415662 39.90106 116.368093 39.897748
116.338797 39.886732 116.356275 39.899576
116.357967 39.914744 116.332442 39.8872
116.415606 39.873764 116.37117 39.863394
116.419251 39.928487 116.440773 39.905945
116.435219 39.884245 116.342429 39.879217
116.33959 39.920695 116.384798 39.894672
116.35011 39.905995 116.343445 39.93282
116.341677 39.880816 116.342692 39.922501
116.3391 39.910546 116.340655 39.938846
116.334005 39.896348 116.390788 39.90391
116.348491 39.864331 116.389651 39.903733
116.384935 39.871995 116.340674 39.883669
116.427971 39.941878 116.34796 39.954055
116.421146 39.885476 116.426559 39.923938
116.401901 39.870195 116.385377 39.890656
116.3791 39.87141 116.415686 39.883379
116.405275 39.910825 116.363544 39.904097
116.336795 39.924339 116.390547 39.895539
116.355366 39.881287 116.382606 39.935275
116.405655 39.904512 116.369331 39.934005
116.359255 39.933806 116.387275 39.954034
116.420864 39.896019 116.427884 39.85036
116.347731 39.88286 116.347486 39.919131
116.41904 39.87114 116.429087 39.89995
116.38084 39.878892 116.425494 39.896639
116.42613 39.916095 116.38486 39.926203
116.439096 39.926198 116.412168 39.914591
116.330562 39.894719 116.369706 39.862702
116.433845 39.938927 116.364089 39.904472
116.436015 39.881973 116.340746 39.884816
116.33464 39.85881 116.371692 39.84673
116.43201 39.921104 116.379246 39.902802
116.38844 39.876222 116.34384 39.880542
116.431149 39.901866 116.402921 39.855161
116.429243 39.850473 116.348632 39.887313
116.349867 39.888843 116.349934 39.953439
116.405063 39.870259 116.350811 39.877994
116.376176 39.928423 116.404389 39.950322
116.421586 39.910289 116.373617 39.951191
116.428722 39.858498 116.36901 39.856377
116.412906 39.875429 116.430052 39.9204
116.438231 39.941106 116.361138 39.905855
116.392163 39.854036 116.3606 39.868237
116.345331 39.888384 116.349191 39.954037
116.415209 39.865573 116.420377 39.892328
116.410155 39.91631 116.422463 39.888867
116.41505 39.956868 116.380486 39.956466
116.425338 39.939042 116.340213 39.951479
116.372817 39.955084 116.34294 39.927999
116.337773 39.920097 116.379508 39.949866
116.347931 39.925351 116.373827 39.868574
116.379525 39.935154 116.402352 39.948348
116.374992 39.863207 116.419893 39.907608
116.430441 39.85786 116.365884 39.855869
116.371154 39.956205 116.414215 39.943079
116.424554 39.935018 116.388675 39.896417
116.369334 39.874677 116.413471 39.925792
116.336715 39.876261 116.410069 39.866397
116.393731 39.89345 116.425417 39.902923
116.336626 39.923606 116.384395 39.896292
116.337312 39.925315 116.374035 39.954087
116.337408 39.863026 116.374096 39.852164
116.415027 39.889012 116.365223 39.899086
116.415109 39.939745 116.431607 39.915169
116.337005 39.89176 116.415846 39.906476
116.340885 39.857671 116.382295 39.90191
116.3658 39.893606 116.419674 39.886082
116.384601 39.935808 116.437638 39.89292
116.431049 39.955091 116.417206 39.929243
116.343339 39.935315 116.398698 39.947083
116.408875 39.918625 116.438783 39.897896
116.378314 39.875977 116.417836 39.877296
116.347184 39.90836 116.37863 39.872164
116.359432 39.850158 116.414139 39.850974
116.370849 39.887761 116.406324 39.855344
116.377461 39.908776 116.417123 39.89981
116.401344 39.933962 116.419679 39.903544
116.389727 39.883173 116.424174 39.891293
116.404911 39.891299 116.394107 39.859016
116.398697 39.863968 116.429872 39.903939
116.416886 39.892756 116.421472 39.849366
116.416747 39.882721 116.424338 39.850256
116.394807 39.890454 116.362871 39.853054
116.359496 39.915164 116.334986 39.894467
116.371517 39.857178 116.412729 39.91244
116.398566 39.850752 116.352148 39.855765
116.393938 39.850046 116.354381 39.849822
116.336564 39.927153 116.388387 39.894325
116.406114 39.936452 116.413541 39.905011
116.364212 39.908962 116.385006 39.942893
116.357679 39.855118 116.420894 39.850214
116.34014 39.931878 116.377933 39.952437
116.421068 39.93844 116.346341 39.950027
116.421061 39.916861 116.440773 39.893998
116.374559 39.937755 116.415335 39.894663
116.335883 39.87617 116.405508 39.859694
116.364515 39.948979 116.393392 39.937167
116.437284 39.954607 116.404565 39.853678
116.330177 39.900727 116.377048 39.933864
116.410127 39.85338 116.364363 39.874434
116.43897 39.896107 116.368235 39.911856
116.335612 39.936465 116.372917 39.952701
116.37487 39.90011 116.41863 39.911733
116.409188 39.908898 116.429734 39.890926
116.415286 39.904662 116.366695 39.906442
116.337023 39.917835 116.382057 39.887518
116.337119 39.892999 116.368136 39.861518
116.429521 39.879119 116.427304 39.924288
116.376584 39.867627 116.355436 39.898553
116.36532 39.914306 116.390291 39.893013
116.402254 39.909474 116.430023 39.890188
116.401813 39.934157 116.427606 39.90421
116.378332 39.941199 116.414967 39.892479
116.370061 39.948078 116.400129 39.928478
116.393158 39.87624 116.368574 39.869617
116.349452 39.869649 116.375161 39.897611
116.368815 39.903355 116.341683 39.939476
116.343017 39.919405 116.375954 39.876664
116.390416 39.877391 116.42564 39.893775
116.429084 39.897122 116.426849 39.956159
116.4361 39.920071 116.352677 39.903257
116.338032 39.879727 116.358603 39.904972
