116.375874 39.898631 116.426778 39.898599
116.42644 39.886964 116.397626 39.896984
116.415887 39.853756 116.430324 39.891365
116.434631 39.878851 116.350112 39.882634
116.382997 39.856742 116.367125 39.893976
116.343401 39.908632 116.371708 39.872235
116.370844 39.882482 116.366572 39.922044
116.410972 39.900457 116.388717 39.856334
116.400603 39.901741 116.343897 39.923328
116.342172 39.920059 116.422875 39.900685
116.439627 39.929366 116.395763 39.917798
116.406613 39.916428 116.367765 39.903632
116.399962 39.937313 116.440496 39.943421
116.356979 39.881589 116.369104 39.917389
116.411719 39.878658 116.424113 39.854873
116.331026 39.868952 116.401771 39.865561
116.360176 39.881754 116.366721 39.920907
116.353482 39.890245 116.436076 39.887311
116.374572 39.85179 116.333602 39.879808
116.439833 39.92686 116.395709 39.901246
116.349726 39.896172 116.34624 39.952732
116.373129 39.930734 116.409053 39.94807
116.42551 39.906815 116.391754 39.893159
116.366235 39.912867 116.387998 39.894398
116.385887 39.903189 116.403627 39.945351
116.440605 39.850388 116.429568 39.911867
116.364619 39.926566 116.402474 39.871594
116.354796 39.929022 116.386886 39.95209
116.352272 39.930617 116.388381 39.956616
116.430517 39.885718 116.430145 39.919423
116.367469 39.931201 116.385626 39.892421
116.374858 39.867204 116.358492 39.905715
116.381064 39.955961 116.34423 39.903911
116.39417 39.931607 116.435461 39.946058
116.388609 39.865424 116.428507 39.934741
116.423633 39.935435 116.38536 39.894511
116.337484 39.893314 116.413164 39.899419
116.383265 39.88115 116.428495 39.887548
116.393986 39.928461 116.440572 39.9396
116.414563 39.928266 116.374912 39.911723
116.376496 39.955248 116.417482 39.944329
116.382523 39.901277 116.345288 39.955029
116.363096 39.899453 116.440064 39.890403
116.395397 39.949837 116.411315 39.914405
116.368909 39.884595 116.405111 39.862077
116.344023 39.946236 116.403287 39.902569
116.423245 39.925319 116.398825 39.89468
116.360698 39.900032 116.411324 39.852529
116.427993 39.880121 116.427534 39.926176
116.408071 39.926699 116.426541 39.9409
116.439166 39.864145 116.348846 39.886699
116.379218 39.866682 116.353634 39.904151
116.351377 39.876638 116.339866 39.878076
116.363554 39.850645 116.344346 39.870121
116.337076 39.929407 116.370542 39.952981
116.43562 39.9542 116.425149 39.889881
116.353512 39.878955 116.39585 39.862791
116.438532 39.902972 116.36746 39.939827
116.38451 39.86291 116.362501 39.890708
116.35663 39.911217 116.33244 39.894629
116.413133 39.903809 116.362285 39.90107
116.439663 39.905267 116.36473 39.94506
116.414381 39.932989 116.432472 39.905778
116.415134 39.871962 116.429763 39.917194
116.42059 39.868224 116.386525 39.880701
116.401382 39.951863 116.438573 39.954971
116.430571 39.88832 116.396881 39.90214
116.430707 39.86024 116.367398 39.851586
116.421653 39.952388 116.412238 39.929379
116.364631 39.933994 116.386657 39.887066
116.343055 39.853101 116.367983 39.876463
116.394258 39.931422 116.436516 39.937578
116.403315 39.917718 116.428943 39.938232
116.398422 39.895097 116.432674 39.91105
116.412413 39.955904 116.339852 39.919756
116.365332 39.883908 116.419526 39.887082
116.40889 39.861321 116.400874 39.909388
116.430485 39.928918 116.429882 39.910631
116.409515 39.924091 116.423689 39.941968
116.360888 39.911824 116.429343 39.924387
116.431083 39.86196 116.431074 39.890996
116.425821 39.882225 116.421415 39.924829
116.337768 39.88859 116.365652 39.861198
116.425725 39.873913 116.401433 39.919751
116.38427 39.88127 116.423371 39.891613
116.342655 39.939036 116.401509 39.906172
116.419698 39.862237 116.415404 39.894721
116.35081 39.90699 116.402598 39.892475
116.412748 39.894512 116.42688 39.850776
116.421836 39.936479 116.430683 39.91493
116.354114 39.940315 116.355665 39.902726
116.352997 39.943358 116.425396 39.932028
116.438082 39.901725 116.42657 39.944155
116.419242 39.865738 116.389929 39.852642
116.440672 39.952594 116.428897 39.894137
116.403314 39.948567 116.419605 39.916606
116.419796 39.883049 116.431112 39.850966
116.382853 39.863928 116.422489 39.932768
116.420088 39.914412 116.417213 39.943641
116.439918 39.883004 116.387814 39.890771
116.331193 39.913766 116.345579 39.942921
116.350105 39.855764 116.366425 39.874562
116.340862 39.895727 116.344243 39.937343
116.334742 39.914952 116.340936 39.941173
116.418979 39.929867 116.438172 39.905291
116.38912 39.861034 116.427037 39.93592
116.415873 39.857368 116.388729 39.856191
116.351075 39.867711 116.333046 39.879612
116.339256 39.858311 116.37236 39.851826
116.336637 39.915839 116.345366 39.945069
116.352706 39.887296 116.425804 39.895008
116.423179 39.86869 116.411715 39.904005
116.367172 39.847785 116.406094 39.87523
116.36646 39.942294 116.428113 39.954547
116.36351 39.850833 116.41248 39.879446
116.408411 39.94931 116.40532 39.899637
116.399434 39.893324 116.365552 39.900965
116.382474 39.858647 116.361099 39.896332
116.421588 39.955557 116.425714 39.920257
116.428427 39.863881 116.408001 39.901316
116.35268 39.880058 116.384445 39.931877
116.440386 39.914803 116.398332 39.918481
116.366733 39.846389 116.358908 39.884502
116.439225 39.926903 116.380286 39.902703
116.430605 39.924797 116.4125 39.886296
116.371764 39.886025 116.367803 39.860608
116.364271 39.913822 116.388753 39.896158
116.365609 39.881741 116.343416 39.898609
116.398311 39.878293 116.435708 39.931036
116.420702 39.921596 116.380614 39.926473
116.376565 39.849727 116.376909 39.904807
116.397532 39.927426 116.435135 39.938422
116.435564 39.926582 116.355995 39.900485
116.392174 39.86119 116.428221 39.904229
116.421022 39.949086 116.39024 39.905085
116.400499 39.85823 116.421394 39.902861
116.400805 39.894212 116.368823 39.847806
116.332204 39.894791 116.412853 39.898673
116.367343 39.931252 116.388686 39.892834
116.3984 39.867113 116.361672 39.875788
116.433863 39.886296 116.384559 39.887201
116.365173 39.879758 116.410274 39.864835
116.406857 39.8598 116.359229 39.89129
116.357664 39.942909 116.427366 39.930126
116.405138 39.890445 116.396483 39.856736
116.352308 39.896133 116.43307 39.894589
116.431011 39.914291 116.373186 39.954829
116.338379 39.908547 116.347298 39.941819
116.382199 39.952917 116.431032 39.902133
116.433883 39.861635 116.346731 39.877858
116.373025 39.901366 116.41839 39.890903
116.395542 39.878083 116.431524 39.934181
116.35558 39.907873 116.339863 39.887592
116.350139 39.955152 116.375233 39.944834
116.417324 39.931643 116.374401 39.916717
116.396338 39.936265 116.435603 39.942799
116.40176 39.849989 116.440443 39.886953
116.434757 39.931829 116.396515 39.922021
116.417587 39.933804 116.374145 39.914208
116.406609 39.872956 116.412772 39.897181
116.364102 39.916535 116.383695 39.940305
116.351138 39.93616 116.385967 39.947926
116.359435 39.879235 116.385786 39.928044
116.37268 39.928913 116.403228 39.957364
116.431595 39.901725 116.377132 39.849112
116.413853 39.920127 116.343787 39.929064
116.354991 39.911931 116.337648 39.889309
116.414409 39.861788 116.420758 39.891347
116.358925 39.867584 116.333931 39.874001
116.345441 39.944058 116.407251 39.897188
116.414624 39.856828 116.416197 39.891902
116.362781 39.85385 116.411037 39.884347
116.414121 39.905023 116.388705 39.948425
116.377891 39.951045 116.34929 39.928616
116.361341 39.881323 116.418406 39.893118
116.346565 39.878416 116.342413 39.923356
116.413314 39.947567 116.333456 39.919833
116.393226 39.877189 116.433983 39.930562
116.436149 39.955305 116.415571 39.901028
116.393116 39.90672 116.345753 39.917696
116.386268 39.933078 116.440208 39.890278
116.371895 39.955574 116.340653 39.933158
116.407229 39.920211 116.42254 39.94422
116.405556 39.849785 116.389724 39.852901
116.420769 39.878625 116.422617 39.846672
116.417483 39.897528 116.390555 39.881446
116.343644 39.85039 116.367196 39.871046
116.363725 39.927819 116.386505 39.88851
116.425352 39.950033 116.372774 39.944265
116.361974 39.95202 116.399026 39.929738
116.342449 39.954135 116.374771 39.943097
116.409897 39.934653 116.416021 39.90241
116.350088 39.847481 116.370016 39.875302
116.33302 39.863608 116.374662 39.847714
116.357832 39.899714 116.407828 39.895589
116.426501 39.867016 116.414987 39.904622
116.363922 39.902519 116.413225 39.850933
116.411469 39.864166 116.417941 39.895574
116.379359 39.894293 116.344273 39.942722
116.407345 39.868879 116.35127 39.905874
116.403668 39.851976 116.420885 39.913288
116.379256 39.885952 116.360663 39.926739
116.369333 39.914207 116.382083 39.94045
116.416836 39.932286 116.376399 39.910493
116.405765 39.85557 116.3506 39.850768
116.38417 39.877048 116.427177 39.896139
116.424658 39.951638 116.4121 39.931459
116.377247 39.925799 116.424164 39.916987
116.384317 39.882992 116.424605 39.892983
116.425788 39.872248 116.412654 39.905926
116.331427 39.919767 116.382899 39.888084
116.357811 39.876137 116.333809 39.875541
116.33405 39.887891 116.3974 39.896947
116.379111 39.911429 116.413616 39.901271
116.377806 39.902414 116.430905 39.899663
116.332689 39.877178 116.350977 39.910696
116.34995 39.856825 116.387712 39.897505
116.387803 39.951066 116.344682 39.897477
116.384037 39.940006 116.345893 39.951106
116.366676 39.87837 116.344233 39.897436
116.406362 39.946301 116.334659 39.916702
116.404484 39.941715 116.434171 39.944745
116.418177 39.950688 116.335435 39.925386
116.407091 39.865422 116.353725 39.892714
116.345057 39.867829 116.376544 39.896892
116.41428 39.929932 116.43677 39.898466
116.354214 39.86722 116.336916 39.870655
116.340234 39.897043 116.422711 39.913045
116.429814 39.876309 116.405576 39.926206
116.361005 39.868992 116.414207 39.923261
116.371289 39.893562 116.41873 39.90829
116.413431 39.904554 116.427318 39.941915
116.375059 39.885892 116.386929 39.856222
116.370199 39.853623 116.352803 39.882991
116.420596 39.85857 116.361836 39.913663
116.392944 39.903185 116.347672 39.925146
116.415645 39.88042 116.431097 39.848357
116.438049 39.899672 116.411675 39.921717
116.401512 39.95623 116.410987 39.913388
116.375139 39.94533 116.4151 39.88816
116.368645 39.940404 116.34448 39.941823
116.35641 39.936745 116.387001 39.95198
116.437479 39.904694 116.414762 39.921435
116.412879 39.897386 116.367506 39.90087
116.440917 39.917494 116.376873 39.898283
116.343988 39.875901 116.377698 39.899617
116.429292 39.929923 116.429475 39.916962
116.334973 39.934582 116.379877 39.95153
116.344784 39.851221 116.369419 39.875818
116.390158 39.869736 116.341357 39.879965
116.348919 39.884909 116.369527 39.898725
116.42046 39.876651 116.421716 39.918273
116.440248 39.886714 116.386748 39.887658
116.399332 39.926169 116.432597 39.928833
116.339724 39.882293 116.358349 39.908338
116.419436 39.953683 116.429482 39.901822
116.434611 39.885762 116.38579 39.896755
116.409068 39.930734 116.415554 39.899639
116.38658 39.903943 116.342097 39.945977
116.420434 39.868845 116.384019 39.880708
116.390783 39.860574 116.429238 39.90631
116.396454 39.852447 116.362691 39.879435
116.359932 39.91291 116.337149 39.893314
116.421031 39.853572 116.439448 39.901941
116.411491 39.900116 116.383564 39.949178
116.36544 39.906244 116.43719 39.888222
116.347542 39.910288 116.37949 39.88271
116.39179 39.889988 116.369139 39.854732
116.413332 39.925194 116.344784 39.935439
116.392 39.902206 116.343746 39.922344
116.43183 39.919987 116.359623 39.902804
116.338515 39.88887 116.3646 39.862093
116.428544 39.879111 116.425402 39.92004
116.331201 39.890459 116.399615 39.897839
116.369662 39.954528 116.398414 39.935797
116.334499 39.873142 116.406163 39.860165
116.386395 39.849295 116.418248 39.903444
116.352485 39.890883 116.355726 39.93696
116.410917 39.849767 116.420207 39.911859
116.416622 39.93708 116.373955 39.910613
116.344815 39.873411 116.375231 39.909401
116.360556 39.951558 116.417308 39.912612
116.349788 39.912523 116.376769 39.875633
116.422576 39.853942 116.347083 39.893394
116.41057 39.870813 116.355543 39.90493
116.358511 39.890261 116.429856 39.934138
116.428329 39.860511 116.427885 39.895099
116.358153 39.914487 116.332147 39.887906
116.422131 39.872906 116.405148 39.92396
116.36981 39.895885 116.392137 39.910111
116.414046 39.848991 116.422974 39.902792
116.387475 39.950493 116.431067 39.899645
116.424308 39.938413 116.344917 39.956941
116.333612 39.864621 116.374146 39.84785
116.363629 39.850112 116.414956 39.878727
116.421105 39.888062 116.426885 39.928672
116.41219 39.92031 116.407283 39.9533
116.384552 39.859103 116.369036 39.895229
116.404416 39.926065 116.430578 39.944406
116.366528 39.887447 116.334044 39.941822
116.331945 39.891812 116.413706 39.899616
116.350814 39.886797 116.423938 39.890316
116.385974 39.863728 116.369301 39.890961
116.332937 39.895707 116.419163 39.898007
116.350829 39.86917 116.334187 39.869678
116.366407 39.876342 116.4003 39.898321
116.426344 39.92382 116.419492 39.880799
116.366043 39.926997 116.401391 39.871047
116.375438 39.948436 116.414272 39.942217
116.337468 39.85764 116.370723 39.847833
116.441205 39.931623 116.399819 39.922977
116.379123 39.946944 116.413396 39.890361
116.396905 39.863758 116.426466 39.898642
116.373397 39.905595 116.349675 39.930297
116.359028 39.910451 116.335303 39.895395
116.412296 39.903373 116.36782 39.90634
116.402354 39.90642 116.36755 39.937307
116.341735 39.869359 116.372941 39.892781
116.341506 39.907847 116.376919 39.872148
116.375169 39.875178 116.416367 39.884207
116.341303 39.903338 116.426858 39.865695
116.343641 39.924449 116.422283 39.900288
116.368088 39.889241 116.414449 39.879162
116.337652 39.912646 116.344946 39.941493
116.418132 39.956594 116.421396 39.90058
116.430257 39.86279 116.367822 39.847701
116.429279 39.934002 116.382948 39.888121
116.378182 39.877252 116.383434 39.85455
116.407639 39.892824 116.394862 39.862
116.380324 39.896281 116.349 39.941268
116.376359 39.902347 116.342026 39.867709
116.332307 39.890916 116.395266 39.901397
116.360896 39.893384 116.41377 39.878963
116.435823 39.87808 116.414842 39.916615
116.338634 39.88022 116.351739 39.915704
116.353448 39.937652 116.426507 39.930681
116.359633 39.909496 116.333916 39.886919
116.333817 39.856485 116.376473 39.855377
116.361879 39.946778 116.42115 39.949143
116.37779 39.84794 116.403049 39.85103
116.364938 39.882492 116.344632 39.903582
116.410771 39.913202 116.427603 39.891943
116.391905 39.953144 116.420912 39.917016
116.412348 39.951308 116.423785 39.900235
116.391124 39.947625 116.338162 39.91208
116.343605 39.932071 116.393028 39.944568
116.378931 39.955864 116.3485 39.93596
116.397442 39.889492 116.370135 39.853455
116.375369 39.92982 116.402967 39.952714
116.375227 39.892598 116.340277 39.938239
116.363881 39.861926 116.421035 39.866655
116.350188 39.944594 116.350257 39.869651
116.398991 39.89372 116.350183 39.893412
116.411992 39.928925 116.438317 39.898816
116.400954 39.851305 116.390233 39.849506
116.423895 39.868026 116.411808 39.901958
116.438015 39.931798 116.400142 39.926998
116.409406 39.849828 116.387883 39.855912
116.375029 39.8537 116.330831 39.877118
116.401458 39.914255 116.427853 39.888757
116.339367 39.918492 116.379811 39.952268
116.441049 39.886711 116.343466 39.880122
116.345547 39.955985 116.375562 39.93943
116.330109 39.878954 116.351371 39.897111
116.414043 39.856301 116.343502 39.868561
116.422581 39.922719 116.397146 39.896788
116.423717 39.88209 116.428462 39.917235
116.420654 39.899471 116.398488 39.957311
116.438023 39.881264 116.345731 39.883214
116.343001 39.952167 116.372086 39.94557
116.431489 39.91041 116.434767 39.951926
116.337722 39.91453 116.346307 39.941921
116.342712 39.867459 116.376731 39.914875
116.373213 39.892997 116.340424 39.94416
116.363328 39.885271 116.401304 39.866376
116.330654 39.896143 116.419342 39.898749
116.387329 39.955071 116.395018 39.848812
116.330417 39.917954 116.390031 39.886886
116.344809 39.893496 116.344158 39.95406
116.415061 39.855557 116.437343 39.899393
116.333408 39.884357 116.360254 39.911022
116.357165 39.898161 116.410021 39.887202
116.337193 39.928093 116.371319 39.954796
116.361966 39.852138 116.343446 39.870292
116.356912 39.950477 116.419753 39.952019
116.38274 39.897099 116.371078 39.88004
116.385279 39.849031 116.412807 39.876415
116.348428 39.930733 116.339087 39.899267
116.434436 39.956608 116.354788 39.907024
116.34433 39.86506 116.386305 39.896972
116.341943 39.912074 116.376452 39.881417
116.358875 39.948173 116.420198 39.952763
116.410624 39.850909 116.35833 39.847022
116.37191 39.892105 116.415229 39.913263
116.417708 39.943452 116.39152 39.947592
116.427806 39.94632 116.349205 39.951778
116.353052 39.932096 116.380706 39.956275
116.388746 39.93293 116.437406 39.890168
116.436346 39.853339 116.42769 39.912361
116.356097 39.904193 116.409786 39.889068
116.371831 39.951255 116.340493 39.934959
116.420816 39.848882 116.424651 39.899689
116.333901 39.892262 116.361017 39.862689
116.4343 39.921148 116.355296 39.903052
116.348564 39.931115 116.380758 39.952684
116.403163 39.952665 116.431958 39.948981
116.367354 39.904273 116.348307 39.94591
116.434891 39.915448 116.41556 39.94832
116.374597 39.880711 116.368163 39.866558
116.371474 39.913756 116.418893 39.900913
116.386289 39.865497 116.427811 39.86733
116.419456 39.934002 116.434381 39.901889
116.357872 39.956501 116.412714 39.956272
116.369021 39.950643 116.395542 39.929305
116.354093 39.913693 116.333401 39.887546
116.424906 39.92221 116.411621 39.886005
116.41286 39.918057 116.406773 39.956492
116.382984 39.868332 116.351272 39.878854
116.379377 39.895714 116.409359 39.848941
116.355905 39.88798 116.424917 39.895443
116.354081 39.94692 116.428977 39.935986
116.373353 39.911735 116.420213 39.901626
116.340631 39.890707 116.387687 39.860494
116.411744 39.948639 116.363087 39.954776
116.377468 39.880967 116.361573 39.920118
116.366358 39.948746 116.394975 39.93023
116.355096 39.941577 116.430193 39.927691
116.358024 39.912093 116.336982 39.88991
116.403882 39.957139 116.429254 39.91495
116.405472 39.939287 116.351668 39.953476
116.360018 39.93228 116.384765 39.948516
116.405023 39.876056 116.414826 39.906831
116.345371 39.877606 116.365094 39.896985
116.429029 39.955114 116.379658 39.938822
116.436648 39.912121 116.423247 39.942295
116.418961 39.928531 116.371675 39.916254
116.416761 39.862349 116.368417 39.907572
116.374961 39.847957 116.33713 39.877961
116.39568 39.860065 116.429352 39.898024
116.348891 39.913283 116.372019 39.885976
116.376793 39.871093 116.412496 39.883351
116.419086 39.949898 116.383852 39.898625
116.431362 39.883486 116.344645 39.879805
116.417354 39.928228 116.437649 39.897129
116.331629 39.884043 116.358503 39.910323
116.419354 39.907356 116.41481 39.945026
116.375713 39.863772 116.421045 39.908885
116.373448 39.950851 116.412317 39.946624
116.434965 39.903981 116.361824 39.940283
116.346225 39.949713 116.377352 39.945765
116.437097 39.954015 116.427762 39.891389
116.361684 39.895636 116.395282 39.908837
116.340068 39.925777 116.388986 39.892452
116.377477 39.910417 116.41464 39.906163
116.331416 39.880454 116.357295 39.902758
116.424615 39.873173 116.416354 39.898942
116.359557 39.887846 116.35469 39.929427
116.339831 39.908724 116.346159 39.943988
116.381357 39.955793 116.396761 39.849826
116.36534 39.947383 116.428748 39.948208
116.362252 39.910801 116.424922 39.922176
116.394081 39.865667 116.429735 39.906975
116.364568 39.884707 116.405518 39.861351
116.383491 39.877587 116.428419 39.89224
116.385736 39.905323 116.341314 39.944421
116.34785 39.853846 116.368899 39.873362
116.380765 39.858932 116.422344 39.869983
116.426604 39.881711 116.427811 39.926775
116.383584 39.928232 116.332141 39.924486
116.416476 39.872498 116.359098 39.90135
116.428934 39.872992 116.402189 39.917788
116.432072 39.902502 116.370942 39.848848
116.417117 39.846731 116.421129 39.906979
116.35463 39.928581 116.383001 39.953787
116.410958 39.894982 116.397818 39.862712
116.398534 39.955131 116.334788 39.914124
116.375306 39.92168 116.370898 39.89699
116.394938 39.923758 116.434341 39.927629
116.345528 39.864331 116.387661 39.904972
116.333617 39.882452 116.358291 39.915113
116.372217 39.948436 116.341949 39.932783
116.414288 39.850116 116.436461 39.90341
116.413766 39.862223 116.387828 39.848966
116.441248 39.93973 116.384013 39.902651
116.422895 39.937211 116.423358 39.913576
116.362783 39.945363 116.347463 39.939821
116.373903 39.868314 116.354359 39.898339
116.419974 39.929508 116.436739 39.899716
116.351635 39.912111 116.332615 39.892376
116.417282 39.900915 116.390044 39.87796
116.417625 39.933852 116.433703 39.905197
116.425227 39.863142 116.421991 39.896474
116.408964 39.917767 116.429018 39.943687
116.416332 39.951722 116.382947 39.899619
116.418348 39.928984 116.380407 39.907723
116.420437 39.898818 116.391914 39.954042
116.373873 39.951913 116.342108 39.93464
116.439785 39.918997 116.354556 39.897629
116.431848 39.883323 116.416141 39.911197
116.339183 39.867023 116.410603 39.859232
116.348688 39.928129 116.333444 39.902024
116.41528 39.849654 116.421684 39.901444
116.362222 39.867854 116.419069 39.92667
116.376404 39.856359 116.405742 39.854067
116.399503 39.87366 116.367651 39.872826
116.397379 39.886638 116.439087 39.934981
116.441259 39.878717 116.384337 39.888148
116.425334 39.929026 116.381742 39.896329
116.358887 39.909151 116.337309 39.894845
116.440918 39.890389 116.363343 39.923185
116.37072 39.87474 116.359562 39.899608
116.371232 39.861766 116.412037 39.90826
116.344989 39.912467 116.372714 39.874036
116.415841 39.929933 116.372605 39.907679
116.42653 39.950032 116.373189 39.941112
116.418738 39.869418 116.439188 39.890352
116.415384 39.918393 116.344258 39.936697
116.404663 39.917063 116.425428 39.894545
116.340557 39.910732 116.37169 39.871383
116.401601 39.850735 116.420222 39.910851
116.404958 39.923497 116.435129 39.896943
116.357806 39.936489 116.388213 39.954134
116.414753 39.87026 116.35239 39.90004
116.379632 39.885268 116.414392 39.95665
116.419787 39.956676 116.421123 39.906314
116.397222 39.949372 116.412265 39.889955
116.372452 39.928477 116.402407 39.950512
116.38456 39.858339 116.369808 39.892332
116.427404 39.871753 116.405236 39.92658
116.381514 39.862705 116.425069 39.867755
116.385935 39.954368 116.390863 39.850423
116.411998 39.898421 116.385598 39.883886
116.403799 39.950837 116.439457 39.953163
116.426431 39.946164 116.343154 39.956844
116.341504 39.929546 116.345073 39.878961
116.38788 39.858939 116.364187 39.892684
116.416855 39.946499 116.433332 39.914007
116.41261 39.879076 116.424818 39.85508
116.423116 39.861754 116.402766 39.904896
116.379273 39.911476 116.420015 39.904044
116.360178 39.945463 116.429512 39.930862
116.354285 39.953735 116.35814 39.903072
116.353216 39.915818 116.338985 39.888009
116.352057 39.91137 116.337554 39.887662
116.420865 39.93223 116.436384 39.899914
116.350561 39.954515 116.413947 39.952842
116.362425 39.849201 116.414557 39.885605
116.370292 39.896699 116.394477 39.908979
116.371426 39.942197 116.417951 39.891836
116.36339 39.859926 116.34971 39.89428
116.349493 39.931781 116.398201 39.944787
116.348944 39.929337 116.428458 39.899815
116.390857 39.918722 116.436149 39.935995
116.366345 39.956056 116.398103 39.935444
116.438704 39.910764 116.423257 39.947347
116.374088 39.891654 116.348764 39.93817
116.433355 39.898092 116.411838 39.921335
116.421224 39.903524 116.339544 39.84945
116.363749 39.853209 116.410442 39.872289
116.419121 39.90587 116.368447 39.916809
116.437584 39.854844 116.424045 39.915107
116.361303 39.853231 116.406595 39.868461
116.435972 39.898936 116.362671 39.944602
116.340383 39.955847 116.376539 39.938345
116.355976 39.948285 116.359893 39.906405
116.341943 39.87937 116.365226 39.899189
116.386903 39.850985 116.33108 39.896361
116.331834 39.884052 116.355204 39.897506
116.35222 39.887903 116.426164 39.929746
116.358813 39.952023 116.420392 39.948871
116.438682 39.882129 116.420261 39.911795
116.377638 39.847694 116.378915 39.900642
116.405136 39.853448 116.420928 39.910675
116.423574 39.873665 116.403151 39.921221
116.344514 39.913796 116.380557 39.868732
116.39812 39.880842 116.439307 39.929147
116.42263 39.91693 116.426873 39.944501
116.406415 39.871607 116.42045 39.904234
116.37964 39.852875 116.37647 39.902958
116.351089 39.868954 116.33132 39.870005
116.380294 39.885241 116.386273 39.852497
116.41347 39.863825 116.411837 39.893219
116.3694 39.95096 116.395932 39.933615
116.373491 39.866751 116.421102 39.867642
116.381517 39.938432 116.341089 39.948267
116.427579 39.910314 116.378802 39.950056
116.353285 39.949898 116.413851 39.949522
116.402607 39.850758 116.415955 39.916257
116.435093 39.877742 116.415376 39.912316
116.438617 39.939105 116.410733 39.893821
116.366094 39.884528 116.415073 39.895482
116.405753 39.952243 116.40995 39.902199
116.398119 39.905776 116.42177 39.880813
116.365422 39.938452 116.34836 39.93761
116.416701 39.858923 116.383457 39.850365
116.405861 39.871003 116.387505 39.890823
116.357968 39.896428 116.438323 39.888379
116.410651 39.947463 116.412452 39.909182
116.366092 39.946304 116.350227 39.937606
116.432955 39.949832 116.351149 39.915939
