116.391474 39.873958 116.361368 39.871861
116.353523 39.940449 116.353572 39.902231
116.420501 39.85444 116.430833 39.906841
116.394598 39.924713 116.432118 39.933323
116.417379 39.917716 116.378261 39.920758
116.401186 39.851364 116.380668 39.848653
116.361861 39.856471 116.344633 39.895774
116.399172 39.855815 116.411852 39.866325
116.357227 39.956117 116.419583 39.947666
116.353655 39.908476 116.333102 39.894047
116.438893 39.864369 116.348632 39.879526
116.347772 39.865858 116.381779 39.904248
116.366127 39.869176 116.392213 39.905215
116.391156 39.875708 116.360987 39.875805
116.389925 39.853218 116.330349 39.894166
116.362509 39.931024 116.389392 39.895544
116.371118 39.921975 116.427629 39.915568
116.425221 39.867601 116.40491 39.927008
116.441003 39.85492 116.427157 39.916131
116.432389 39.864389 116.41268 39.886004
116.42097 39.932535 116.376255 39.909962
116.436071 39.911826 116.436689 39.95578
116.43045 39.910858 116.440742 39.86957
116.381739 39.863646 116.429654 39.86978
116.39316 39.956442 116.33601 39.907339
116.360258 39.931622 116.381509 39.95362
116.357698 39.914475 116.332154 39.896639
116.37899 39.861558 116.419023 39.909497
116.342323 39.921817 116.342826 39.95359
116.374568 39.936561 116.401409 39.952877
116.419182 39.855635 116.431455 39.905467
116.333432 39.930699 116.372239 39.951129
116.367075 39.942066 116.426601 39.947952
116.377994 39.867089 116.351905 39.903763
116.40236 39.957437 116.40564 39.906394
116.428272 39.852309 116.346297 39.892147
116.343884 39.907098 116.379861 39.873232
116.366954 39.951606 116.415584 39.907236
116.430964 39.914249 116.439487 39.868656
116.381317 39.883897 116.430172 39.891927
116.349972 39.846674 116.36432 39.87462
116.423457 39.926281 116.39901 39.956378
116.406111 39.868517 116.386732 39.889483
116.426437 39.875472 116.418414 39.903055
116.380852 39.94662 116.439473 39.942681
116.425557 39.871608 116.40417 39.921537
116.417821 39.878582 116.42945 39.846475
116.378195 39.889086 116.347422 39.941511
116.379371 39.864904 116.411195 39.913911
116.438512 39.849599 116.42964 39.907457
116.418773 39.93747 116.394718 39.949101
116.440861 39.871393 116.416882 39.890379
116.385956 39.92996 116.338167 39.918264
116.359128 39.934728 116.388119 39.954469
116.409105 39.950165 116.410995 39.909521
116.374943 39.92889 116.409462 39.955299
116.430633 39.909796 116.434102 39.876595
116.334659 39.928824 116.375112 39.949611
116.40756 39.953528 116.434332 39.952135
116.414466 39.940676 116.375173 39.890037
116.342192 39.872783 116.412938 39.84712
116.373486 39.892384 116.34818 39.947337
116.374531 39.922601 116.429717 39.916304
116.364809 39.928403 116.386437 39.887377
116.402436 39.90256 116.368387 39.928804
116.374381 39.903912 116.411336 39.915848
116.360591 39.953989 116.419095 39.912241
116.363198 39.880652 116.413606 39.893075
116.404691 39.887218 116.395029 39.859644
116.415503 39.849851 116.427025 39.903383
116.412133 39.851843 116.428706 39.886952
116.375188 39.887281 116.405261 39.852157
116.383423 39.866364 116.362032 39.891192
116.437589 39.86862 116.377507 39.863326
116.362336 39.955092 116.396802 39.935316
116.439865 39.926475 116.41409 39.913394
116.412146 39.927794 116.434628 39.899082
116.405656 39.853111 116.386332 39.847063
116.426575 39.932139 116.39003 39.894078
116.337875 39.903025 116.373763 39.937244
116.3583 39.947343 116.358547 39.905943
116.33585 39.919923 116.376891 39.954528
116.424984 39.900919 116.365377 39.920944
116.37128 39.899599 116.418894 39.890427
116.339019 39.867355 116.4023 39.866351
116.438449 39.87907 116.385932 39.894992
116.413043 39.91175 116.410724 39.948892
116.432455 39.857785 116.408559 39.851965
116.441197 39.895912 116.406499 39.899978
116.400846 39.953982 116.415758 39.909622
116.37637 39.878925 116.364776 39.922715
116.425372 39.935956 116.385126 39.888501
116.411439 39.870858 116.438504 39.89652
116.36156 39.861118 116.418328 39.871098
116.391054 39.857942 116.422006 39.898972
116.373455 39.880537 116.38263 39.853656
116.335001 39.906768 116.370583 39.930501
116.39131 39.92241 116.438913 39.933574
116.394762 39.924095 116.433638 39.933167
116.353927 39.954157 116.418031 39.957302
116.424776 39.90942 116.435274 39.872681
116.376323 39.881301 116.368336 39.922605
116.337725 39.911724 116.345426 39.941123
116.373088 39.924166 116.42925 39.912361
116.400431 39.899877 116.424894 39.909902
116.399399 39.921583 116.437847 39.933094
116.425512 39.8672 116.406082 39.920552
116.401538 39.93613 116.430151 39.902537
116.40094 39.852163 116.380073 39.873267
116.377269 39.95604 116.343062 39.93428
116.419203 39.910056 116.403515 39.949483
116.433894 39.925993 116.378472 39.900998
116.380427 39.865075 116.351542 39.890802
116.393621 39.953834 116.414667 39.912812
116.412514 39.908391 116.440782 39.88763
116.374397 39.909369 116.416626 39.9069
116.371156 39.935752 116.401865 39.950119
116.409232 39.892729 116.393715 39.856833
116.345877 39.889581 116.41886 39.895953
116.386111 39.865169 116.425617 39.932974
116.363566 39.848431 116.415331 39.876852
116.33327 39.894099 116.3612 39.865112
116.421277 39.864462 116.401472 39.901416
116.406019 39.950953 116.433412 39.953134
116.429661 39.904062 116.405917 39.851417
116.334896 39.904184 116.373977 39.927539
116.393752 39.874902 116.364742 39.866922
116.34244 39.91147 116.371497 39.867728
116.382279 39.856434 116.412677 39.86691
116.387905 39.872363 116.353485 39.882532
116.341916 39.952412 116.377711 39.940894
116.379452 39.901796 116.418756 39.892145
116.347024 39.948345 116.372847 39.938072
116.373762 39.917423 116.41038 39.95231
116.398785 39.922934 116.432404 39.928605
116.386541 39.860013 116.424558 39.874381
116.383424 39.930521 116.437115 39.888488
116.40378 39.863348 116.437623 39.934732
116.399172 39.930071 116.431975 39.937973
116.352435 39.890534 116.435523 39.896279
116.3621 39.929502 116.383595 39.892859
116.361014 39.906067 116.4132 39.850953
116.373437 39.887179 116.407671 39.84778
116.411077 39.948375 116.337062 39.905682
116.348963 39.848088 116.360659 39.875886
116.374045 39.885945 116.418594 39.953448
116.439195 39.895817 116.376728 39.953461
116.343038 39.910108 116.372747 39.874597
116.420186 39.854754 116.341262 39.866972
116.360485 39.939866 116.349535 39.941422
116.385455 39.860539 116.431067 39.930638
116.34932 39.863079 116.381403 39.899102
116.331839 39.933071 116.370804 39.953776
116.358888 39.955169 116.4172 39.950179
116.434226 39.920219 116.356908 39.903167
116.409508 39.908298 116.367839 39.902757
116.34041 39.895858 116.418863 39.896676
116.397509 39.926409 116.435918 39.934646
116.342425 39.940019 116.404818 39.905456
116.356155 39.942251 116.355809 39.903323
116.390712 39.92851 116.332784 39.922916
116.414347 39.927413 116.379875 39.916111
116.331335 39.921287 116.386728 39.887807
116.365728 39.954077 116.392741 39.932274
116.426882 39.877602 116.428916 39.918001
116.41314 39.946402 116.392844 39.957364
116.411509 39.921317 116.407693 39.952706
116.346867 39.895283 116.345405 39.938606
116.417938 39.927357 116.434624 39.906329
116.420722 39.87626 116.383116 39.880268
116.412782 39.927787 116.433792 39.903177
116.408015 39.86716 116.419156 39.904579
116.411505 39.955913 116.380796 39.897006
116.374826 39.864329 116.358282 39.88835
116.395152 39.925245 116.434974 39.937047
116.40826 39.957501 116.431333 39.948667
116.436694 39.851747 116.421084 39.912136
116.398149 39.905235 116.350092 39.922601
116.365862 39.903746 116.344187 39.943224
116.336825 39.934677 116.376224 39.951122
116.410965 39.847361 116.433926 39.901293
116.377429 39.886829 116.415215 39.908866
116.367192 39.874223 116.3995 39.89973
116.396591 39.85509 116.351474 39.848053
116.394578 39.920063 116.434232 39.936793
116.360203 39.933734 116.389019 39.950158
116.422771 39.955558 116.413423 39.931726
116.387252 39.87454 116.354431 39.87767
116.439451 39.872535 116.379442 39.856605
116.387154 39.855533 116.343859 39.877089
116.383298 39.87986 116.431092 39.893914
116.439403 39.899737 116.378487 39.854577
116.421937 39.92622 116.395968 39.889217
116.396581 39.865008 116.429079 39.903211
116.351684 39.941951 116.3546 39.898012
116.349035 39.889891 116.347045 39.942078
116.354256 39.92727 116.380696 39.950387
116.432513 39.930462 116.39107 39.920054
116.335926 39.923811 116.375764 39.952098
116.379052 39.917588 116.378614 39.903365
116.403046 39.890368 116.396716 39.860853
116.407094 39.928898 116.415181 39.900696
116.365939 39.953014 116.395596 39.935513
116.372426 39.920875 116.40261 39.952395
116.360536 39.874434 116.337932 39.950628
116.376134 39.862027 116.353566 39.896201
116.365456 39.951507 116.394785 39.935468
116.359345 39.885998 116.393734 39.863129
116.420415 39.933978 116.376775 39.913022
116.382547 39.851518 116.343805 39.878139
116.422349 39.885586 116.430236 39.92452
116.344348 39.944511 116.407655 39.905332
116.406157 39.956578 116.433974 39.948666
116.392623 39.847955 116.435455 39.874611
116.435383 39.935546 116.399846 39.925219
116.433134 39.916309 116.394784 39.923246
116.397323 39.868299 116.360559 39.875104
116.374025 39.905688 116.340788 39.936694
116.429905 39.911923 116.439806 39.86845
116.433678 39.871048 116.414401 39.901216
116.427893 39.908223 116.43604 39.874609
116.432674 39.915853 116.437078 39.951149
116.335675 39.89423 116.417241 39.899309
116.395503 39.924574 116.432887 39.934428
116.341765 39.895872 116.389526 39.865625
116.433025 39.87127 116.422928 39.910571
116.368031 39.944059 116.347844 39.937609
116.372762 39.879593 116.419795 39.948607
116.341473 39.873165 116.380379 39.889366
116.372945 39.87609 116.428973 39.876171
116.357016 39.941999 116.426148 39.93212
116.351509 39.914781 116.3316 39.890681
116.382765 39.851678 116.343043 39.883171
116.427466 39.95151 116.374512 39.938012
116.375121 39.950946 116.41402 39.938826
116.415937 39.903656 116.38206 39.886069
116.375168 39.870875 116.358267 39.897178
116.358704 39.938751 116.354334 39.901443
116.388576 39.859017 116.424767 39.936573
116.430003 39.900308 116.430557 39.853447
116.372291 39.872523 116.355114 39.905168
116.356654 39.936135 116.389689 39.951871
116.403194 39.929465 116.41355 39.906163
116.331392 39.875254 116.403515 39.863563
116.406656 39.854254 116.440785 39.895926
116.379608 39.923905 116.37203 39.897479
116.359726 39.945488 116.426911 39.934348
116.394355 39.867618 116.362623 39.868225
116.416534 39.852496 116.429451 39.899393
116.370975 39.856646 116.354648 39.895814
116.381796 39.865459 116.368671 39.896328
116.385974 39.876866 116.426537 39.889454
116.366794 39.850215 116.412332 39.910513
116.387551 39.877454 116.424264 39.89664
116.418366 39.890772 116.422857 39.85543
116.343583 39.928919 116.396124 39.943774
116.37608 39.947942 116.341477 39.935365
116.425668 39.923746 116.41812 39.886159
116.407162 39.921217 116.422112 39.942892
116.42661 39.916292 116.427617 39.945135
116.403075 39.934406 116.42889 39.898932
116.348876 39.946494 116.343197 39.875296
116.391964 39.859021 116.427261 39.90349
116.429987 39.93478 116.386448 39.890606
116.377994 39.891965 116.345067 39.939153
116.396893 39.877665 116.435494 39.930823
116.436927 39.91461 116.392176 39.917768
116.431853 39.869274 116.416496 39.897061
116.364208 39.866412 116.340248 39.888569
116.403593 39.848267 116.413303 39.915051
116.406851 39.889797 116.39543 39.860145
116.392381 39.954368 116.419726 39.916928
116.383163 39.947604 116.376181 39.933698
116.423736 39.877299 116.430134 39.918201
116.366167 39.91479 116.385304 39.890415
116.385409 39.873473 116.355897 39.880835
116.432864 39.851084 116.425071 39.915761
116.418343 39.846969 116.429906 39.897488
116.413771 39.848681 116.434279 39.898638
116.436281 39.931497 116.395349 39.920767
116.375639 39.874459 116.430916 39.872716
116.4314 39.87038 116.429988 39.916389
116.335274 39.923434 116.38644 39.887312
116.362959 39.873169 116.337253 39.955289
116.386708 39.873963 116.360033 39.882713
116.376696 39.93599 116.40781 39.951567
116.376138 39.868115 116.420735 39.884249
116.3594 39.855675 116.418477 39.855497
116.367095 39.869489 116.393338 39.906477
116.440939 39.868286 116.414137 39.900964
116.374432 39.866239 116.354342 39.889484
116.398257 39.953107 116.413518 39.895014
116.428575 39.866614 116.41227 39.901512
116.415451 39.928494 116.436367 39.905017
116.428527 39.876852 116.427987 39.918814
116.373713 39.873524 116.417515 39.882694
116.363218 39.910121 116.425513 39.919943
116.414791 39.916326 116.402949 39.955542
116.397518 39.949607 116.3381 39.914898
116.418617 39.936192 116.371974 39.908079
116.349784 39.892205 116.418727 39.889632
116.373998 39.901277 116.427827 39.948811
116.373161 39.920734 116.403403 39.956781
116.43314 39.924778 116.373895 39.897778
116.369471 39.862887 116.420485 39.875425
116.422661 39.863303 116.425084 39.891174
116.331064 39.907416 116.34712 39.9393
116.401685 39.887231 116.399502 39.857226
116.429934 39.897687 116.402082 39.847681
116.395483 39.900179 116.421114 39.912137
116.384413 39.856537 116.368399 39.893102
116.417989 39.920335 116.377995 39.896051
116.408362 39.896498 116.391356 39.86546
116.387498 39.933447 116.333328 39.920068
116.400358 39.864211 116.421113 39.90248
116.379481 39.893682 116.436949 39.888353
116.349071 39.891202 116.342971 39.952496
116.331116 39.90691 116.376971 39.929056
116.414892 39.891039 116.424172 39.847698
116.386029 39.906496 116.376283 39.886079
116.408199 39.939312 116.334628 39.916303
116.420661 39.847708 116.438818 39.902697
116.382225 39.929796 116.336754 39.917822
116.416502 39.853783 116.342933 39.868955
116.383388 39.87002 116.344753 39.881812
116.410149 39.874213 116.415339 39.904058
116.417053 39.849221 116.425846 39.90123
116.342598 39.935177 116.42607 39.92844
116.431535 39.870883 116.373802 39.857102
116.336471 39.862339 116.373759 39.846475
116.399784 39.878633 116.437644 39.9289
116.388323 39.876914 116.429182 39.890651
116.343421 39.922117 116.373722 39.867834
116.345062 39.910215 116.380629 39.885377
116.367769 39.879431 116.348242 39.903605
116.403729 39.899848 116.366198 39.88335
116.400655 39.906167 116.425475 39.914624
116.376891 39.906584 116.428117 39.899869
116.405194 39.867786 116.358199 39.897272
116.379086 39.947439 116.41926 39.88959
116.370413 39.90541 116.434316 39.894619
116.437334 39.931163 116.400805 39.923311
116.435028 39.861781 116.348031 39.883118
116.339278 39.878684 116.351497 39.899446
116.36288 39.863938 116.343892 39.895998
116.348538 39.93268 116.340068 39.906565
116.345366 39.950451 116.374554 39.943786
116.440566 39.924289 116.416305 39.90978
116.358959 39.909028 116.335338 39.895535
116.330251 39.893099 116.411168 39.905066
116.375521 39.90118 116.344822 39.873956
116.346349 39.900203 116.383312 39.952615
116.416209 39.940344 116.432284 39.912035
116.341773 39.902901 116.365815 39.896407
116.334503 39.866816 116.407415 39.861185
116.354316 39.940898 116.427789 39.933162
116.371948 39.90034 116.34132 39.931848
116.403026 39.955834 116.419159 39.909045
116.364574 39.874271 116.413325 39.92438
116.359518 39.893193 116.425159 39.892946
116.350067 39.952717 116.372173 39.942057
116.330404 39.878649 116.352795 39.900492
116.404553 39.916634 116.365832 39.898009
116.336892 39.908745 116.347551 39.942391
116.373933 39.918563 116.374749 39.905028
116.37891 39.917766 116.380028 39.899455
116.42772 39.903825 116.422674 39.854178
116.372738 39.855699 116.371127 39.900451
116.399242 39.88353 116.432934 39.928603
116.423652 39.955238 116.334776 39.921924
116.422994 39.896751 116.424327 39.929037
116.365109 39.945017 116.341053 39.945336
116.432357 39.895676 116.405544 39.898094
116.352029 39.944429 116.357739 39.903249
116.383352 39.85882 116.42342 39.933993
116.366807 39.881217 116.413515 39.890084
116.394379 39.865246 116.429339 39.906682
116.403106 39.889982 116.400477 39.85871
116.405125 39.939868 116.431473 39.946324
116.34172 39.891766 116.38311 39.860802
116.41484 39.936539 116.379242 39.917032
116.357862 39.877929 116.365424 39.923218
116.356759 39.898176 116.422696 39.910309
116.382695 39.951819 116.344646 39.912905
116.432141 39.910795 116.398404 39.923151
116.349061 39.927639 116.422046 39.929876
116.365878 39.945326 116.426512 39.956571
116.349612 39.946642 116.343091 39.867118
116.438188 39.954687 116.402383 39.848878
116.386182 39.881281 116.430837 39.896291
116.406134 39.910132 116.422482 39.891965
116.422711 39.922798 116.392165 39.889857
116.374361 39.902789 116.422265 39.901115
116.372846 39.905362 116.341126 39.872157
116.375984 39.941384 116.411032 39.893344
116.413611 39.952371 116.427545 39.90489
116.368033 39.916614 116.388882 39.88823
116.403002 39.860611 116.440736 39.934727
116.377489 39.952293 116.350069 39.934991
116.362482 39.939357 116.424472 39.947751
116.354685 39.944704 116.356322 39.905885
116.41846 39.956605 116.332999 39.919943
116.425149 39.908278 116.424113 39.940813
116.408904 39.952603 116.428899 39.91497
116.383909 39.936191 116.340104 39.920382
116.361406 39.866825 116.412647 39.921761
116.432475 39.871059 116.427594 39.904713
116.371976 39.896825 116.440679 39.894914
116.425132 39.902731 116.384818 39.875227
116.43889 39.920332 116.394494 39.902014
116.3377 39.935778 116.378175 39.952118
116.384202 39.848095 116.4203 39.904804
116.394383 39.856598 116.422417 39.902709
116.359801 39.901716 116.42552 39.91003
116.412186 39.91069 116.419693 39.945036
116.376912 39.886204 116.416068 39.951966
116.394632 39.852461 116.411352 39.86406
116.426596 39.955468 116.332987 39.924412
116.354468 39.89667 116.426402 39.933856
116.366488 39.854739 116.350776 39.882389
116.403628 39.891642 116.398288 39.857635
116.413044 39.870014 116.43579 39.888364
116.421173 39.91422 116.379564 39.951891
116.387777 39.871346 116.359139 39.886386
116.438668 39.881616 116.381934 39.888848
116.361781 39.925273 116.404131 39.872645
116.374938 39.904932 116.418394 39.896162
116.391462 39.848183 116.362088 39.875089
116.427661 39.921238 116.41559 39.884377
116.394264 39.86631 116.424097 39.90297
116.422323 39.858394 116.362852 39.848435
116.40255 39.895427 116.397133 39.859136
116.44088 39.86595 116.403651 39.847548
116.38497 39.936346 116.332793 39.923329
116.41043 39.852431 116.358854 39.846808
116.374778 39.935368 116.402402 39.955171
116.341284 39.879669 116.383224 39.870833
116.379163 39.909864 116.414922 39.903699
116.393035 39.877172 116.435552 39.932742
116.397986 39.846355 116.356167 39.852105
116.430813 39.931885 116.42616 39.907618
116.342365 39.924544 116.379567 39.871379
116.417943 39.847946 116.421238 39.896804
116.408814 39.951452 116.437772 39.953326
116.376996 39.88945 116.34463 39.941804
116.433297 39.912876 116.414289 39.954271
116.388339 39.882123 116.422195 39.887754
116.4182 39.84753 116.434507 39.902065
116.41199 39.944964 116.374676 39.896583
116.395067 39.846377 116.41822 39.863681
116.359612 39.876788 116.344691 39.920264
116.391319 39.949872 116.419376 39.895726
116.421099 39.858182 116.405306 39.903672
116.364827 39.913368 116.383702 39.941168
116.403002 39.911573 116.366755 39.903451
116.4049 39.851976 116.41396 39.911842
116.37428 39.892766 116.418665 39.913483
116.392838 39.950852 116.415266 39.890503
116.344731 39.913215 116.380241 39.877429
116.411902 39.925546 116.343936 39.933174
116.424622 39.894967 116.423605 39.936975
116.422906 39.915448 116.384899 39.921947
116.373424 39.926535 116.378797 39.897304
116.419935 39.854409 116.422108 39.906803
116.405177 39.909662 116.360965 39.903601
116.425615 39.93352 116.3886 39.889962
116.403506 39.887492 116.392463 39.864024
116.371006 39.84859 116.331902 39.882849
116.360264 39.903811 116.422792 39.913395
116.403166 39.951743 116.425192 39.908474
116.431045 39.914084 116.430421 39.945824
116.396383 39.950146 116.418667 39.909246
116.375367 39.853719 116.405223 39.852847
116.371643 39.862655 116.416424 39.908165
116.44084 39.858118 116.414461 39.880016
116.356447 39.943863 116.42798 39.934306
116.420929 39.851184 116.427183 39.904598
116.350144 39.94218 116.349187 39.875033
116.334925 39.90023 116.375333 39.927813
116.430619 39.892845 116.424437 39.936811
116.355401 39.932871 116.384752 39.956008
116.362338 39.884108 116.42168 39.901631
116.415606 39.868748 116.423288 39.901636
116.370044 39.945908 116.344892 39.943305
116.388452 39.850661 116.336415 39.887043
116.402605 39.926635 116.433092 39.898465
116.398064 39.865798 116.423549 39.898063
116.362182 39.945655 116.34306 39.944461
116.359864 39.892566 116.429782 39.931587
116.375923 39.851547 116.337563 39.879188
116.400645 39.856919 116.427265 39.897229
116.36622 39.93641 116.386538 39.89519
116.36869 39.873842 116.412043 39.917474
116.369705 39.85886 116.416263 39.869176
116.375948 39.897144 116.343819 39.873964
116.433182 39.875247 116.418589 39.892233
116.41759 39.876229 116.385575 39.882021
116.396297 39.95654 116.418681 39.894208
116.360732 39.903831 116.340536 39.937783
116.363725 39.881067 116.403331 39.866555
116.406974 39.869282 116.382627 39.895426
116.412136 39.905404 116.3966 39.948675
116.393793 39.881532 116.431578 39.93101
116.425826 39.921524 116.393697 39.954416
116.342555 39.93436 116.388937 39.956531
116.439109 39.862402 116.40448 39.848431
116.395335 39.855115 116.356671 39.848343
116.360044 39.949733 116.415105 39.947993
116.357135 39.933862 116.389382 39.952275
116.418868 39.861178 116.418056 39.891937
116.43414 39.868255 116.420329 39.899745
116.40869 39.929631 116.430007 39.900594
116.342641 39.899447 116.422721 39.861317
116.354796 39.889362 116.427375 39.931966
116.404883 39.85523 116.414709 39.910639
116.440736 39.885922 116.388281 39.896762
116.342192 39.85046 116.362541 39.875709
116.34714 39.884778 116.361074 39.90167
116.346355 39.847757 116.367504 39.869154
116.433472 39.850742 116.424749 39.907295
116.407114 39.851165 116.364207 39.866896
116.348611 39.883986 116.368554 39.898935
116.333035 39.927719 116.37063 39.948396
116.331893 39.860221 116.375188 39.85254
116.371228 39.859424 116.414116 39.912578
116.376839 39.865773 116.419217 39.907572
116.367944 39.906932 116.344307 39.942625
116.41469 39.956998 116.372365 39.955131
116.399957 39.855169 116.414918 39.863287
116.34611 39.951957 116.374568 39.940152
116.430733 39.848278 116.345368 39.894734
116.439992 39.871072 116.430305 39.899977
116.419079 39.851391 116.430616 39.895209
116.356188 39.84909 116.411451 39.853549
116.440936 39.875361 116.43017 39.898076
116.342166 39.954894 116.372015 39.939135
116.37432 39.951189 116.349247 39.929867
116.379746 39.911644 116.414781 39.900685
116.423967 39.928751 116.384609 39.890471
116.398802 39.905063 116.340344 39.922836
116.388993 39.944408 116.349143 39.9475
116.378374 39.855948 116.335091 39.880792
116.418915 39.882918 116.42635 39.846907
116.358342 39.92984 116.388246 39.948526
116.413122 39.857521 116.390327 39.84731
116.416362 39.857816 116.370233 39.909997
116.431524 39.880815 116.342124 39.880512
116.374442 39.854181 116.353471 39.871471
116.386603 39.885718 116.424476 39.893849
116.371647 39.953615 116.413191 39.94057
116.379488 39.848809 116.357772 39.867064
116.386011 39.863916 116.361592 39.892617
116.383025 39.862264 116.370374 39.888477
116.440387 39.918545 116.418254 39.915724
116.351876 39.935805 116.380667 39.948015
116.428694 39.909783 116.434574 39.866881
116.405478 39.846846 116.440266 39.889331
116.433894 39.890105 116.409841 39.896996
116.424516 39.904446 116.386544 39.906379
116.426237 39.919137 116.392619 39.948915
116.394678 39.928538 116.434161 39.940802
116.390937 39.886107 116.438502 39.928771
116.362284 39.931511 116.388433 39.896592
116.378028 39.884777 116.381425 39.855118
116.413306 39.901506 116.399608 39.955014
116.332493 39.888949 116.362471 39.864099
116.373241 39.861791 116.355927 39.888976
116.387812 39.873523 116.355883 39.8769
116.362886 39.903356 116.415122 39.852166
116.355054 39.911349 116.333517 39.88896
116.355704 39.912067 116.332438 39.890305
116.440684 39.86419 116.415914 39.886507
116.343565 39.943267 116.40231 39.902025
116.396628 39.898496 116.428345 39.916936
116.397688 39.865 116.425012 39.900845
116.43954 39.916403 116.419683 39.951316
116.407565 39.846578 116.372238 39.869832
116.355239 39.899536 116.406735 39.891531
116.372878 39.855644 116.336313 39.877847
116.421203 39.862734 116.423792 39.888544
116.366665 39.951417 116.393976 39.93112
116.395136 39.955099 116.419872 39.887394
116.406482 39.949352 116.41421 39.907302
116.414043 39.894718 116.367612 39.898544
116.4247 39.919992 116.416046 39.949475
116.373327 39.917647 116.406229 39.955999
116.371528 39.940506 116.411171 39.89382
116.363499 39.932807 116.386539 39.894203
116.41704 39.93218 116.434363 39.901212
116.343352 39.925355 116.374777 39.868573
116.33456 39.859004 116.378213 39.85496
116.384035 39.865254 116.428199 39.927576
116.361088 39.905943 116.439941 39.891049
116.374023 39.945088 116.417326 39.931045
116.424711 39.896231 116.426128 39.93356
116.381703 39.941843 116.349355 39.957472
116.374926 39.907467 116.4206 39.900982
116.364978 39.903058 116.349945 39.941552
116.339447 39.905068 116.380187 39.931007
116.353399 39.901866 116.42525 39.908381
