116.376403 39.913848 116.411637 39.900987
116.413832 39.956633 116.386303 39.905246
116.370858 39.878905 116.362314 39.863075
116.383216 39.94355 116.350287 39.956475
116.406828 39.850713 116.439164 39.888795
116.414401 39.922895 116.407574 39.952395
116.439818 39.902347 116.413709 39.926004
116.431358 39.886406 116.381254 39.887942
116.388564 39.868244 116.346037 39.884729
116.35399 39.902179 116.424325 39.915984
116.420949 39.880416 116.430747 39.851875
116.41228 39.918851 116.371559 39.889451
116.354486 39.940282 116.350602 39.899548
116.357932 39.951288 116.353427 39.901789
116.414743 39.863208 116.390615 39.852442
116.437575 39.858812 116.410992 39.883236
116.359526 39.875464 116.336035 39.878222
116.375895 39.938948 116.417375 39.894396
116.361277 39.955862 116.419468 39.909601
116.347339 39.956262 116.378109 39.939748
116.362989 39.929104 116.387773 39.888818
116.424373 39.941835 116.346752 39.947633
116.384962 39.949447 116.343818 39.90522
116.440091 39.879909 116.390155 39.896558
116.346942 39.916727 116.379101 39.869888
116.421932 39.94613 116.344293 39.955336
116.438527 39.87061 116.415678 39.902873
116.386526 39.943102 116.43965 39.941172
116.438502 39.932761 116.390978 39.920168
116.43142 39.90171 116.367022 39.945809
116.333316 39.933764 116.376214 39.95162
116.439541 39.887931 116.362118 39.91315
116.342287 39.866356 116.380659 39.897526
116.372278 39.888293 116.340197 39.946861
116.333853 39.905346 116.373212 39.930485
116.393966 39.883119 116.435247 39.936234
116.44069 39.917818 116.35147 39.897114
116.353537 39.947041 116.360154 39.897423
116.436249 39.872352 116.426877 39.915162
116.331971 39.905985 116.38053 39.935118
116.336464 39.928068 116.376274 39.952781
116.359882 39.937018 116.381508 39.95276
116.356356 39.879178 116.389455 39.937053
116.392301 39.86747 116.36483 39.875515
116.387263 39.938303 116.346509 39.948031
116.410384 39.937346 116.421483 39.930469
116.352881 39.870096 116.332496 39.879439
116.359469 39.892988 116.428851 39.889501
116.346746 39.906209 116.343237 39.933221
116.366528 39.890456 116.33076 39.94317
116.422748 39.881789 116.430833 39.922411
116.426798 39.948063 116.380108 39.945965
116.339276 39.89906 116.378059 39.936739
116.411831 39.868238 116.422113 39.899157
116.341452 39.919332 116.378908 39.872098
116.38256 39.86932 116.345466 39.882399
116.36952 39.90476 116.343636 39.937397
116.351243 39.853077 116.414858 39.846986
116.381332 39.871642 116.354976 39.879597
116.436058 39.905568 116.417144 39.919052
116.406273 39.85837 116.438499 39.933384
116.338493 39.874219 116.408215 39.862009
116.440855 39.929782 116.39909 39.920289
116.360843 39.935034 116.382341 39.896789
116.336181 39.875447 116.409521 39.856878
116.363413 39.904318 116.43156 39.894733
116.410434 39.939246 116.425315 39.929315
116.394477 39.874092 116.370291 39.874687
116.357742 39.879219 116.343528 39.924871
116.432251 39.876225 116.422503 39.904994
116.344904 39.877154 116.387773 39.871907
116.343223 39.942878 116.401491 39.906672
116.395361 39.886233 116.439326 39.929471
116.427981 39.939131 116.345126 39.956217
116.422417 39.945602 116.344735 39.954262
116.433975 39.951105 116.355333 39.909856
116.367862 39.933928 116.387024 39.889653
116.437681 39.881354 116.418864 39.908751
116.341913 39.942336 116.3477 39.875217
116.378148 39.866836 116.355569 39.901188
116.397917 39.865671 116.4228 39.899714
116.399208 39.901676 116.430071 39.914106
116.391137 39.936181 116.434699 39.947103
116.415403 39.948861 116.331659 39.90142
116.401305 39.949299 116.431162 39.916727
116.361637 39.87737 116.419346 39.888815
116.354358 39.875078 116.337732 39.880334
116.43784 39.887764 116.432407 39.94219
116.402859 39.892474 116.400605 39.866048
116.360978 39.870127 116.330381 39.950364
116.379541 39.930216 116.409383 39.949296
116.419012 39.904109 116.364121 39.903457
116.399999 39.935693 116.437497 39.939387
116.403931 39.861208 116.437737 39.932114
116.434806 39.937797 116.384449 39.906083
116.35124 39.869163 116.338276 39.881367
116.363555 39.887498 116.331434 39.940226
116.366566 39.936218 116.382904 39.895626
116.418199 39.885508 116.430875 39.854481
116.42237 39.912014 116.373428 39.950001
116.402354 39.874042 116.356266 39.905073
116.377544 39.92931 116.403535 39.95338
116.424842 39.926013 116.415675 39.878799
116.424327 39.893648 116.391048 39.903599
116.356132 39.892477 116.426275 39.931787
116.44028 39.889292 116.330746 39.926067
116.423482 39.929787 116.384679 39.895551
116.366494 39.956043 116.391425 39.935715
116.428298 39.882817 116.430258 39.921913
116.339362 39.894548 116.369329 39.863802
116.419206 39.870271 116.357823 39.90238
116.418782 39.955511 116.372036 39.95524
116.431892 39.86587 116.403042 39.84754
116.390144 39.940937 116.343705 39.954582
116.377212 39.930133 116.408317 39.94791
116.409491 39.862267 116.351262 39.886817
116.398444 39.866861 116.369077 39.86976
116.392567 39.855501 116.361935 39.881807
116.421336 39.931406 116.388549 39.896437
116.434393 39.901077 116.422563 39.944059
116.373573 39.859268 116.357445 39.89302
116.376896 39.86668 116.417157 39.886374
116.351972 39.882344 116.381175 39.928458
116.438902 39.951222 116.419209 39.905049
116.433319 39.877053 116.412506 39.911872
116.422323 39.873987 116.419822 39.902121
116.416366 39.956215 116.425709 39.906261
116.400499 39.86576 116.424051 39.898584
116.331645 39.900064 116.370955 39.929382
116.417716 39.867709 116.429383 39.897141
116.404339 39.956293 116.424317 39.912514
116.439442 39.877819 116.382246 39.890205
116.42656 39.894965 116.396977 39.911228
116.359923 39.945024 116.354103 39.903722
116.375763 39.878854 116.416698 39.951144
116.380291 39.886734 116.382488 39.84731
116.407773 39.861096 116.406723 39.912134
116.405781 39.859438 116.433758 39.929894
116.362321 39.850922 116.344919 39.876368
116.354272 39.916247 116.333629 39.888865
116.35912 39.891595 116.431153 39.888785
116.330576 39.889958 116.362523 39.857481
116.401973 39.85117 116.371213 39.869224
116.438302 39.874168 116.412752 39.897303
116.429458 39.941503 116.346442 39.954654
116.437618 39.917932 116.414648 39.911962
116.337894 39.901889 116.378945 39.931619
116.3374 39.898644 116.379261 39.930232
116.385329 39.872905 116.3525 39.878721
116.353327 39.951056 116.355917 39.906384
116.432585 39.880992 116.349097 39.88248
116.40492 39.847962 116.41284 39.908302
116.366129 39.875467 116.416368 39.926036
116.434597 39.94003 116.423841 39.899882
116.368523 39.915101 116.426965 39.923792
116.421045 39.895321 116.366576 39.898979
116.414571 39.940427 116.436994 39.912059
116.399885 39.862439 116.430165 39.900242
116.400782 39.880868 116.432603 39.927961
116.341442 39.876322 116.375868 39.905395
116.360818 39.927497 116.389526 39.888845
116.394777 39.952632 116.420735 39.907292
116.376793 39.943892 116.414931 39.891541
116.354527 39.848531 116.413449 39.849975
116.432054 39.858888 116.41435 39.885632
116.430413 39.856874 116.401345 39.905676
116.430893 39.865356 116.404624 39.898251
116.418554 39.916561 116.40625 39.952367
116.350493 39.855205 116.415706 39.85077
116.381599 39.872968 116.340777 39.880121
116.418208 39.954088 116.338346 39.906379
116.401754 39.912777 116.364573 39.899285
116.424033 39.849368 116.342821 39.89471
116.379526 39.935619 116.405606 39.950593
116.334598 39.886094 116.359632 39.900104
116.408925 39.913849 116.370486 39.901262
116.402125 39.852075 116.383132 39.852684
116.377621 39.916196 116.416796 39.900391
116.352498 39.937916 116.422408 39.935596
116.363341 39.929469 116.386373 39.887004
116.406128 39.935323 116.423827 39.90402
116.407282 39.93338 116.413102 39.900055
116.395491 39.91759 116.438758 39.931764
116.440097 39.854689 116.429305 39.909866
116.435233 39.883715 116.350177 39.884631
116.382247 39.941843 116.440203 39.941405
116.419992 39.916861 116.436962 39.894594
116.35719 39.903227 116.428663 39.915393
116.414235 39.931337 116.379556 39.913983
116.41843 39.919596 116.349299 39.933417
116.338111 39.897826 116.37584 39.929887
116.37477 39.928905 116.407225 39.950123
116.37241 39.893041 116.348194 39.942722
116.364686 39.869182 116.419224 39.919737
116.353175 39.914037 116.338349 39.893336
116.415715 39.871287 116.37676 39.857434
116.405671 39.862338 116.351324 39.896463
116.405545 39.933648 116.417351 39.897448
116.375051 39.915848 116.416497 39.906748
116.357431 39.893335 116.426727 39.931979
116.403321 39.865843 116.405751 39.914522
116.347043 39.873 116.375723 39.910455
116.347653 39.902759 116.360535 39.891204
116.425157 39.924668 116.417793 39.878831
116.433392 39.917606 116.355347 39.898279
116.3387 39.889097 116.39429 39.905306
116.357432 39.882341 116.37161 39.901319
116.360553 39.873238 116.396944 39.901201
116.42891 39.852784 116.343637 39.893898
116.389564 39.85675 116.428854 39.934892
116.42314 39.867663 116.42062 39.89794
116.419838 39.903912 116.389424 39.848351
116.370392 39.917111 116.425224 39.918336
116.383789 39.9498 116.350235 39.897002
116.440029 39.949423 116.418762 39.897718
116.399898 39.880644 116.431504 39.93009
116.416114 39.906986 116.429501 39.945938
116.392335 39.929262 116.435995 39.947021
116.43159 39.852059 116.428432 39.911433
116.43 39.868619 116.41058 39.918728
116.378487 39.887538 116.433266 39.895592
116.359806 39.892114 116.43484 39.896201
116.395633 39.955275 116.414646 39.892899
116.380868 39.953729 116.390802 39.855367
116.361787 39.859211 116.348128 39.893115
116.417891 39.849572 116.421876 39.88691
116.389348 39.86743 116.348053 39.878526
116.35403 39.894044 116.355379 39.93148
116.422361 39.853519 116.347047 39.895241
116.362265 39.954934 116.391105 39.93641
116.415769 39.949941 116.39333 39.933898
116.428506 39.891925 116.421962 39.927524
116.365433 39.953411 116.397121 39.93373
116.418094 39.951582 116.429451 39.899347
116.415224 39.899486 116.370258 39.903479
116.394576 39.87788 116.435432 39.933548
116.34766 39.892318 116.340214 39.948923
116.390632 39.861658 116.370177 39.896865
116.363112 39.916547 116.389372 39.889468
116.38401 39.87523 116.350452 39.877589
116.379535 39.927591 116.405499 39.952522
116.4187 39.900084 116.393564 39.955201
116.438652 39.859777 116.347995 39.882312
116.355046 39.867819 116.337324 39.883249
116.388563 39.850698 116.411379 39.902641
116.419768 39.89859 116.382224 39.849331
116.427891 39.874522 116.41162 39.905244
116.392155 39.881905 116.434669 39.935299
116.372575 39.870647 116.352967 39.901385
116.384529 39.94408 116.43805 39.943312
116.40304 39.943362 116.428842 39.929765
116.406816 39.873785 116.356269 39.906615
116.410181 39.928744 116.414502 39.904474
116.334531 39.887251 116.413337 39.901754
116.423383 39.853501 116.349436 39.892197
116.342605 39.882801 116.383287 39.871125
116.340443 39.954974 116.375949 39.946502
116.364068 39.906369 116.416847 39.855929
116.366018 39.878542 116.341796 39.902386
116.380751 39.881862 116.428643 39.894816
116.354354 39.914572 116.33902 39.895825
116.411835 39.924113 116.374992 39.919032
116.400862 39.915975 116.370266 39.905087
116.345929 39.853351 116.363008 39.870141
116.440253 39.919516 116.372764 39.905555
116.359264 39.948894 116.357836 39.903875
116.411827 39.889779 116.429709 39.853851
116.351098 39.855791 116.41332 39.85629
116.397219 39.905053 116.346983 39.926285
116.369297 39.854896 116.34747 39.871269
116.378784 39.910597 116.415215 39.906579
116.348829 39.852683 116.36375 39.870566
116.344985 39.876392 116.3747 39.911675
116.426599 39.93552 116.38257 39.894325
116.354374 39.952477 116.413026 39.955485
116.401595 39.957205 116.401299 39.90635
116.353087 39.882767 116.393509 39.857672
116.416341 39.896051 116.421186 39.856437
116.410973 39.905538 116.365827 39.908828
116.40791 39.956352 116.411203 39.916472
116.36725 39.887332 116.333065 39.947402
116.337855 39.935608 116.377909 39.955381
116.334457 39.901006 116.376395 39.932042
116.420066 39.860907 116.415624 39.890945
116.382979 39.880601 116.430089 39.890554
116.330957 39.867982 116.410235 39.862748
116.365122 39.92195 116.408948 39.872504
116.369192 39.906509 116.432658 39.890555
116.395726 39.919978 116.434658 39.930054
116.398335 39.877595 116.440042 39.928337
116.412119 39.929174 116.374605 39.916534
116.395034 39.858243 116.426583 39.906909
116.33427 39.866864 116.400874 39.864173
116.418913 39.905433 116.383803 39.954774
116.33872 39.911607 116.340238 39.937354
116.360567 39.899324 116.34204 39.94108
116.4259 39.879026 116.428353 39.926693
116.355099 39.911978 116.336442 39.890805
116.422286 39.914027 116.439047 39.872759
116.416934 39.895677 116.361524 39.901029
116.412368 39.925914 116.346088 39.937292
116.424892 39.857667 116.409051 39.903362
116.333565 39.93393 116.378173 39.949536
116.332049 39.877905 116.358004 39.90273
116.431237 39.867153 116.371949 39.8624
116.368655 39.932832 116.389204 39.890501
116.412331 39.863539 116.389334 39.850495
116.388685 39.854112 116.415346 39.906798
116.339098 39.885594 116.359889 39.913874
116.406632 39.907914 116.363868 39.902941
116.425022 39.889852 116.3989 39.90457
116.346389 39.926134 116.342587 39.949339
116.413311 39.950278 116.385488 39.898856
116.360389 39.945583 116.358745 39.903151
116.349052 39.908717 116.373283 39.872813
116.402554 39.914283 116.363326 39.901119
116.350706 39.907113 116.331607 39.895816
116.409419 39.855361 116.378987 39.870978
116.439215 39.901726 116.415913 39.923786
116.423353 39.893753 116.422782 39.935521
116.357266 39.898771 116.421475 39.913241
116.359006 39.901737 116.423472 39.908177
116.351988 39.88996 116.431815 39.891906
116.359642 39.889777 116.422217 39.888784
116.356331 39.953687 116.352123 39.906005
116.429438 39.871799 116.409952 39.922271
116.418576 39.954644 116.369309 39.952831
116.35035 39.885939 116.34968 39.92305
116.377505 39.876343 116.42529 39.867301
116.333131 39.8956 116.412805 39.906707
116.386612 39.935062 116.339282 39.917825
116.432103 39.918756 116.354761 39.903591
116.379839 39.915191 116.419634 39.904659
116.411706 39.914655 116.435832 39.895963
116.425256 39.894592 116.400326 39.905058
116.410124 39.920173 116.426713 39.94668
116.350781 39.952393 116.420439 39.954345
116.348377 39.906275 116.368509 39.893007
116.366533 39.913434 116.42981 39.924147
116.369689 39.917192 116.410824 39.876217
116.36815 39.873387 116.335321 39.955069
116.433187 39.846695 116.429033 39.908268
116.415667 39.925829 116.378084 39.892861
116.436467 39.904666 116.360842 39.938934
116.420444 39.882985 116.430311 39.855993
116.398034 39.885868 116.438261 39.93262
116.438325 39.932286 116.393764 39.920224
116.412996 39.922908 116.409185 39.948559
116.440847 39.861949 116.415274 39.877096
116.355713 39.884166 116.364957 39.919532
116.428373 39.869318 116.412212 39.900147
116.421878 39.850552 116.34959 39.896392
116.383315 39.874745 116.342057 39.880432
116.432759 39.854209 116.423363 39.917022
116.412715 39.948004 116.430111 39.900676
116.355345 39.911117 116.336114 39.888812
116.403371 39.94138 116.35523 39.956742
116.372292 39.865327 116.419595 39.911353
116.434619 39.902637 116.366544 39.942145
116.421113 39.888911 116.380439 39.897045
116.429082 39.882437 116.422327 39.919894
116.435752 39.895777 116.336537 39.91828
116.420054 39.878725 116.42228 39.851111
116.374744 39.954294 116.417076 39.939606
116.355732 39.891262 116.43038 39.93103
116.402721 39.915183 116.428485 39.895221
116.381644 39.898949 116.406296 39.939541
116.435491 39.899695 116.427758 39.944773
116.4271 39.945169 116.341408 39.949789
116.439115 39.92618 116.375235 39.905093
116.331939 39.900474 116.378033 39.93506
116.331084 39.867896 116.406197 39.858428
116.393859 39.953944 116.416782 39.915144
116.411511 39.918218 116.410074 39.955005
116.433564 39.944846 116.410827 39.889728
116.350211 39.938587 116.341477 39.874491
116.42348 39.874228 116.413219 39.89903
116.429838 39.932644 116.425864 39.910257
116.422616 39.879823 116.423458 39.919804
116.437637 39.898117 116.360681 39.944748
116.412454 39.866494 116.366209 39.915142
116.345848 39.941741 116.346205 39.871062
116.416612 39.86637 116.381064 39.850164
116.353875 39.878716 116.375436 39.902709
116.345984 39.912691 116.375796 39.880696
116.348716 39.855796 116.361262 39.875651
116.34368 39.934973 116.339943 39.903528
116.33926 39.906355 116.371695 39.927998
116.388316 39.859209 116.421138 39.928442
116.358462 39.945347 116.354124 39.906536
116.349552 39.93493 116.334593 39.900701
116.429527 39.869605 116.403278 39.919755
116.408744 39.927799 116.422985 39.900364
116.422847 39.891525 116.380361 39.903163
116.346244 39.888186 116.413668 39.895296
116.393634 39.860903 116.42276 39.901114
116.420863 39.933134 116.437625 39.897256
116.332013 39.893007 116.397623 39.899783
116.36656 39.882348 116.421106 39.901549
116.359805 39.936201 116.384678 39.95617
116.352026 39.957515 116.352574 39.901039
116.432652 39.846928 116.429794 39.911392
116.425553 39.908575 116.430704 39.943589
116.386506 39.881348 116.429565 39.896738
116.384774 39.863027 116.426236 39.866674
116.359283 39.880629 116.39202 39.862999
116.346966 39.930443 116.38149 39.941717
116.342487 39.881599 116.369579 39.897228
116.34502 39.889112 116.415548 39.887892
116.373253 39.875681 116.420309 39.886562
116.356461 39.954891 116.353413 39.898305
116.37516 39.956212 116.350083 39.927295
116.333539 39.892556 116.392243 39.904182
116.420722 39.937185 116.372103 39.912851
116.437622 39.849956 116.425284 39.911617
116.391257 39.856158 116.415738 39.860629
116.361029 39.868425 116.331485 39.953006
116.409472 39.908786 116.368425 39.899178
116.434001 39.892178 116.436369 39.945312
116.344019 39.936829 116.344164 39.886732
116.341838 39.861462 116.390567 39.902917
116.411871 39.868779 116.427609 39.922838
116.366762 39.907543 116.385246 39.895388
116.336214 39.867 116.403677 39.862457
116.36617 39.94995 116.396924 39.936926
116.382232 39.935593 116.334075 39.917209
116.395675 39.903317 116.349956 39.9209
116.40523 39.864628 116.437742 39.931481
116.420212 39.871441 116.371782 39.859923
116.432749 39.876035 116.414295 39.892669
116.43062 39.855676 116.341116 39.890088
116.42702 39.881208 116.423658 39.920904
116.394649 39.906173 116.428761 39.879899
116.424147 39.93277 116.424525 39.913161
116.369778 39.864063 116.346835 39.896519
116.345214 39.936731 116.385555 39.957231
116.351356 39.909169 116.337618 39.891603
116.39639 39.950853 116.413479 39.886976
116.346773 39.908106 116.372608 39.867788
116.356938 39.852516 116.418099 39.856353
116.373886 39.89826 116.417084 39.916567
116.358624 39.874377 116.332885 39.885178
116.341196 39.914944 116.378697 39.88491
116.402242 39.863061 116.402711 39.916411
116.348863 39.917098 116.37172 39.880953
116.40052 39.936144 116.439368 39.944447
116.360849 39.941397 116.346203 39.94261
116.4078 39.939077 116.337397 39.910371
116.37082 39.861313 116.35033 39.893893
116.379557 39.920003 116.373929 39.898854
116.430454 39.890703 116.387797 39.957229
116.409056 39.899724 116.363216 39.928677
116.402561 39.955431 116.41857 39.915092
116.420106 39.951086 116.425426 39.901391
116.439949 39.941806 116.406852 39.893477
116.362327 39.907522 116.383262 39.946792
116.33891 39.877347 116.357736 39.912685
116.430244 39.882161 116.430676 39.922487
116.425708 39.872937 116.411607 39.90056
116.389149 39.953252 116.344751 39.906893
116.346027 39.875777 116.370928 39.909234
116.426458 39.93366 116.386378 39.893318
116.437156 39.853976 116.428291 39.916847
116.355925 39.948859 116.351889 39.902754
116.350718 39.851151 116.420045 39.849628
116.374717 39.876619 116.356444 39.904317
116.392123 39.860124 116.421195 39.900702
116.392229 39.882015 116.437179 39.934435
116.404131 39.945355 116.330377 39.908643
116.441135 39.899579 116.372294 39.854643
116.413514 39.954433 116.368157 39.952284
116.374453 39.956849 116.349284 39.933211
116.436812 39.943042 116.406516 39.894323
116.360847 39.868315 116.420282 39.92386
116.390568 39.927429 116.432663 39.890152
116.361913 39.905653 116.437984 39.893887
116.421474 39.923363 116.390827 39.894927
116.378259 39.879969 116.382328 39.851591
116.366978 39.856389 116.342413 39.871317
116.389421 39.857713 116.429159 39.873544
116.433232 39.856449 116.422514 39.914992
116.347032 39.872629 116.376285 39.88711
116.353592 39.937962 116.427087 39.931359
116.428044 39.883831 116.429755 39.926956
116.373905 39.91435 116.419287 39.906477
116.356771 39.942456 116.425614 39.93257
116.362856 39.871565 116.340031 39.950573
116.415615 39.938018 116.39736 39.948742
116.388016 39.934058 116.339843 39.923396
116.398485 39.924874 116.435725 39.935231
116.440836 39.898826 116.423588 39.947408
116.395482 39.917843 116.439325 39.929835
116.392146 39.865486 116.428067 39.903253
116.427867 39.929005 116.422383 39.914821
116.425275 39.894515 116.42185 39.927722
116.353485 39.875685 116.334483 39.882348
116.412079 39.873335 116.355375 39.903462
116.421713 39.869613 116.417995 39.901178
116.341024 39.930385 116.349349 39.882606
116.394441 39.919925 116.432038 39.927658
116.357397 39.904956 116.424207 39.913799
116.345181 39.935372 116.34588 39.879639
116.429215 39.868226 116.410759 39.918155
116.342431 39.931061 116.400459 39.942316
116.352434 39.953088 116.411724 39.955651
116.392021 39.953946 116.332797 39.909777
116.379933 39.857924 116.352146 39.894782
116.344914 39.940566 116.34821 39.875912
116.371322 39.866151 116.420024 39.910744
116.411716 39.947064 116.397306 39.948365
116.394662 39.848885 116.370317 39.885507
116.389525 39.860914 116.370281 39.892217
116.333558 39.886518 116.360073 39.90354
116.360848 39.942921 116.348785 39.943315
116.340621 39.847822 116.365334 39.87032
116.394386 39.867783 116.369534 39.875114
116.398661 39.858546 116.422665 39.902529
116.410035 39.867967 116.378165 39.905647
116.405811 39.899107 116.362972 39.882636
116.382018 39.941467 116.436854 39.946205
116.381229 39.899254 116.343563 39.94821
116.337791 39.889752 116.370411 39.86628
116.364239 39.935227 116.388185 39.894675
116.418172 39.910364 116.439238 39.889818
116.372926 39.877963 116.369566 39.918736
116.439673 39.932507 116.39623 39.926606
116.411051 39.925106 116.374114 39.922611
116.335545 39.936958 116.372569 39.956394
116.368196 39.872376 116.397274 39.905523
116.417431 39.946341 116.37946 39.890376
116.358115 39.937625 116.356009 39.906435
116.395128 39.921486 116.434525 39.932052
116.348705 39.947729 116.378477 39.940855
116.388059 39.928926 116.431531 39.886996
116.351478 39.889966 116.436321 39.888058
116.418348 39.920501 116.372471 39.925401
116.426003 39.882889 116.425357 39.926642
116.350133 39.934022 116.3399 39.903122
116.415881 39.955857 116.430331 39.900917
116.391108 39.877569 116.439655 39.931674
116.370313 39.95167 116.397516 39.935302
116.396269 39.858269 116.427822 39.903867
116.405087 39.860421 116.407077 39.912252
116.411874 39.885741 116.429681 39.848535
116.406976 39.900088 116.367927 39.883499
116.364973 39.886605 116.428249 39.904949
116.370005 39.931197 116.390388 39.896643
116.398611 39.934039 116.432754 39.947231
116.439153 39.919375 116.420374 39.91443
116.410678 39.92535 116.428632 39.944215
116.372341 39.89398 116.349046 39.947387
116.341106 39.892034 116.412027 39.887349
116.360861 39.900615 116.350078 39.944115
116.402055 39.850693 116.379196 39.867487
116.354909 39.913658 116.331349 39.888256
116.337017 39.90506 116.377694 39.937168
116.340834 39.918082 116.344905 39.957535
116.432489 39.929606 116.392375 39.917496
116.41966 39.94565 116.400686 39.956055
116.393292 39.906629 116.34128 39.923496
116.436096 39.873628 116.419909 39.887301
116.413373 39.917847 116.349957 39.934732
116.383604 39.957194 116.424196 39.904049
116.33067 39.901045 116.376461 39.929953
116.389207 39.928616 116.432353 39.893299
116.375727 39.883274 116.417471 39.947848
116.344583 39.904989 116.42676 39.862125
116.44079 39.867546 116.413139 39.905065
116.416947 39.926797 116.380298 39.917783
116.339107 39.915363 116.349951 39.938632
116.360995 39.953134 116.417694 39.912941
116.363158 39.901355 116.346993 39.943986
116.407344 39.910512 116.361987 39.904256
116.431551 39.850571 116.421614 39.915263
116.378675 39.942988 116.418883 39.89053
116.354392 39.872183 116.339126 39.882553
116.347214 39.848636 116.362697 39.873368
116.394152 39.853468 116.366624 39.881243
116.411361 39.915468 116.431471 39.89337
116.423782 39.890857 116.389757 39.955737
116.356298 39.950393 116.411579 39.956552
116.339948 39.879317 116.358246 39.898091
116.339363 39.931802 116.379123 39.953049
116.410179 39.912094 116.424232 39.888576
116.434662 39.888724 116.36763 39.923598
116.364238 39.944466 116.347819 39.944832
116.398189 39.865965 116.430194 39.89704
116.358311 39.892149 116.424516 39.895996
116.39341 39.88003 116.43264 39.932037
116.432095 39.949743 116.430699 39.889574
116.347847 39.912217 116.37517 39.877882
116.3402 39.917466 116.427819 39.903499
116.374375 39.957053 116.347736 39.934364
116.391186 39.881158 116.440208 39.932347
116.344984 39.925317 116.425324 39.900996
116.428185 39.873312 116.420975 39.898309
116.391533 39.860973 116.421595 39.902886
116.383556 39.938362 116.340249 39.955864
116.388499 39.86214 116.430999 39.931727
116.411506 39.8735 116.432453 39.888894
